100
1.002568e+000	9.614653e-004	
1.010661e+000	2.534420e-007	
1.409858e-004	9.900342e-001	
3.121657e-008	1.001511e+000	
6.491305e-001	2.130729e-001	
3.161377e-001	4.521877e-001	
6.570662e-001	1.940722e-001	
6.425067e-004	9.780064e-001	
1.569579e-001	7.658943e-001	
2.405387e-002	8.565637e-001	
6.525906e-001	2.028466e-001	
9.675524e-001	1.450597e-001	
7.131174e-001	1.658310e-001	
8.309317e-001	1.508359e-001	
4.190047e-001	3.851842e-001	
7.402493e-001	1.592382e-001	
7.257902e-001	1.614431e-001	
4.071475e-001	3.875202e-001	
1.030709e-001	7.802181e-001	
8.017260e-001	1.527234e-001	
3.221628e-001	4.406144e-001	
3.712154e-001	3.972985e-001	
2.088844e-002	8.675317e-001	
2.993400e-002	8.461252e-001	
6.170831e-002	8.036308e-001	
8.446557e-001	1.497477e-001	
3.823857e-001	3.936057e-001	
1.144609e-001	7.776207e-001	
9.793443e-001	1.449979e-001	
6.742468e-001	1.838931e-001	
7.743996e-001	1.552420e-001	
8.113543e-001	1.520637e-001	
3.941128e-001	3.908984e-001	
9.060088e-001	1.469923e-001	
9.815973e-001	2.464183e-002	
9.207119e-001	1.465186e-001	
4.705311e-001	3.785131e-001	
4.634960e-002	8.176228e-001	
3.239154e-003	9.467862e-001	
9.878566e-001	1.272179e-002	
7.566327e-001	1.574187e-001	
3.429813e-001	4.232596e-001	
3.776046e-002	8.263022e-001	
6.448793e-001	3.684589e-001	
5.534732e-001	3.726283e-001	
1.247804e-001	7.737587e-001	
1.713384e-002	8.802261e-001	
1.329636e-001	7.713073e-001	
9.446457e-002	7.841447e-001	
8.764767e-001	1.484768e-001	
4.621555e-001	3.794165e-001	
4.399758e-001	3.821703e-001	
4.522392e-001	3.806288e-001	
1.179271e-002	8.964784e-001	
2.203011e-001	7.519751e-001	
6.635611e-001	1.877662e-001	
8.215481e-001	1.516540e-001	
2.797275e-001	7.433872e-001	
2.353438e-001	7.488588e-001	
4.304995e-001	3.842251e-001	
5.868270e-001	3.700663e-001	
1.397070e-003	9.652058e-001	
1.018635e-002	9.040447e-001	
5.410952e-001	3.730366e-001	
5.849528e-003	9.324783e-001	
2.629748e-001	7.444070e-001	
1.969235e-001	7.560715e-001	
7.926337e-001	1.534371e-001	
2.085860e-001	7.533192e-001	
3.580837e-001	4.044665e-001	
3.491923e-001	4.145626e-001	
2.938711e-001	7.404204e-001	
8.912153e-001	1.476133e-001	
7.516117e-002	7.942255e-001	
1.420873e-002	8.881334e-001	
8.436860e-002	7.887456e-001	
7.038828e-001	1.682107e-001	
8.649533e-001	1.489492e-001	
9.491498e-001	1.454336e-001	
8.557263e-001	1.496248e-001	
5.351902e-002	8.105630e-001	
6.838641e-001	1.832763e-001	
3.313995e-001	4.293721e-001	
4.987999e-001	3.761774e-001	
6.912532e-001	1.743568e-001	
9.970206e-001	7.193945e-003	
3.304198e-001	4.378179e-001	
5.671486e-001	3.715546e-001	
4.823944e-001	3.775939e-001	
2.482481e-001	7.481432e-001	
5.194792e-001	3.748503e-001	
9.301530e-001	1.462467e-001	
7.074640e-003	9.199841e-001	
1.438445e-001	7.694024e-001	
1.526579e-001	7.666340e-001	
3.292342e-002	8.358426e-001	
1.738957e-001	7.605058e-001	
4.391621e-003	9.383490e-001	
6.142963e-001	3.689229e-001	
1.667378e-001	7.638420e-001	
