100
1.000000e+000	2.091806e-001	3.260583e-001	4.069995e-001	4.969050e-001	5.879508e-001	7.483372e-001	6.925681e-001	8.090869e-001	8.654335e-001	8.931169e-001	9.402686e-001	9.772046e-001	9.941488e-001	9.872860e-001	9.940839e-001	9.662632e-001	9.507507e-001	9.175075e-001	8.799493e-001	8.162123e-001	7.908066e-001	6.177368e-001	5.581012e-001	5.499886e-001	4.066117e-001	2.845536e-001	2.187909e-001	3.472139e-002	3.269698e-002	
1.000000e+000	2.077940e-001	3.572752e-001	4.068549e-001	4.945331e-001	5.878663e-001	7.399411e-001	7.433684e-001	7.889034e-001	8.654885e-001	9.332738e-001	9.514885e-001	9.781650e-001	9.944241e-001	9.748067e-001	9.943805e-001	9.682213e-001	9.514346e-001	9.040218e-001	8.665902e-001	8.660269e-001	7.425427e-001	5.510874e-001	5.877167e-001	5.313940e-001	4.061363e-001	2.436952e-001	2.082424e-001	-1.033218e-001	1.139522e-004	
1.348668e-004	2.294909e-001	3.089357e-001	4.553733e-001	4.999666e-001	5.876708e-001	6.691008e-001	6.972055e-001	8.089183e-001	8.677918e-001	9.135033e-001	9.352854e-001	9.779261e-001	9.709615e-001	9.999089e-001	9.779773e-001	9.781235e-001	9.525879e-001	9.136155e-001	8.835937e-001	8.091442e-001	8.034660e-001	6.690186e-001	6.162355e-001	4.999727e-001	4.044450e-001	3.090604e-001	2.214797e-001	1.043664e-001	3.015044e-002	
0.000000e+000	2.366469e-001	3.090865e-001	4.533601e-001	5.001703e-001	5.866638e-001	6.691461e-001	6.918184e-001	8.087734e-001	8.537423e-001	9.135560e-001	9.392860e-001	9.780918e-001	9.695370e-001	9.998697e-001	9.784095e-001	9.781594e-001	9.512397e-001	9.135843e-001	8.794128e-001	8.091664e-001	7.900781e-001	6.689140e-001	5.576558e-001	4.999791e-001	3.958097e-001	3.090435e-001	2.198786e-001	1.043472e-001	3.111403e-002	
6.429709e-001	-1.529294e-001	-8.879974e-002	3.632373e-002	4.683417e-002	2.214990e-001	2.419790e-001	3.345211e-001	5.123359e-001	6.550199e-001	7.438608e-001	7.816639e-001	9.350622e-001	9.793439e-001	9.824328e-001	8.905506e-001	9.983320e-001	9.815140e-001	9.967870e-001	9.877192e-001	9.841271e-001	7.858137e-001	9.231196e-001	9.278723e-001	8.155882e-001	9.320612e-001	7.133008e-001	6.777761e-001	5.275260e-001	4.062844e-001	
3.118162e-001	-1.198167e-001	-3.260944e-002	9.492631e-002	1.130626e-001	2.696158e-001	2.909832e-001	4.157829e-001	5.426744e-001	6.685007e-001	7.499160e-001	7.734390e-001	9.349903e-001	9.544565e-001	9.760350e-001	8.892999e-001	9.952531e-001	9.744130e-001	9.983224e-001	9.727634e-001	9.772631e-001	9.481583e-001	9.124151e-001	8.490837e-001	8.372758e-001	9.146110e-001	6.791426e-001	6.952872e-001	4.629617e-001	3.654968e-001	
6.535829e-001	-3.967613e-002	4.822273e-002	1.712116e-001	2.853712e-001	3.906617e-001	4.404598e-001	5.772287e-001	6.761086e-001	7.336937e-001	8.820782e-001	8.825933e-001	9.714800e-001	9.709853e-001	9.976588e-001	9.428462e-001	9.995233e-001	9.765473e-001	1.000000e+000	9.814052e-001	9.848725e-001	9.246290e-001	8.380532e-001	7.860312e-001	6.940907e-001	6.705915e-001	4.774339e-001	5.259640e-001	3.547437e-001	2.641253e-001	
5.758405e-004	2.340246e-001	3.146205e-001	4.676118e-001	5.055121e-001	5.900037e-001	6.756082e-001	6.868714e-001	8.145267e-001	8.715361e-001	9.153010e-001	9.370872e-001	9.771723e-001	9.557530e-001	9.982329e-001	9.760918e-001	9.763575e-001	9.425621e-001	9.032282e-001	8.734922e-001	8.039954e-001	7.926759e-001	6.570570e-001	5.904367e-001	4.821149e-001	4.094801e-001	3.146654e-001	2.255992e-001	9.896686e-002	2.666896e-002	
5.605431e-002	9.579082e-001	9.888238e-001	9.987747e-001	9.990576e-001	9.994771e-001	9.788387e-001	9.856023e-001	9.620840e-001	9.006631e-001	9.798287e-001	8.226915e-001	9.666553e-001	5.600836e-001	8.940062e-001	4.762150e-001	8.772556e-001	2.454632e-001	3.284597e-001	3.153468e-003	-4.620556e-002	-2.109771e-001	-4.681225e-001	-4.286524e-001	-4.837425e-001	-5.847931e-001	-6.723325e-001	-7.456813e-001	-8.653650e-001	-8.884107e-001	
2.088950e-002	6.051130e-001	6.715398e-001	7.757778e-001	8.110983e-001	8.685788e-001	9.134761e-001	9.235714e-001	9.298895e-001	9.847217e-001	9.769137e-001	9.869418e-001	9.744164e-001	9.823934e-001	9.465901e-001	9.104598e-001	9.108968e-001	7.675372e-001	5.934062e-001	6.003959e-001	4.887715e-001	4.568350e-001	3.156716e-001	2.594125e-001	1.344745e-001	3.569762e-002	-9.669714e-002	-1.755769e-001	-2.971983e-001	-3.976040e-001	
6.464519e-001	-1.150198e-001	-7.486490e-002	4.435124e-002	1.112560e-001	2.544863e-001	2.907954e-001	4.170137e-001	5.592182e-001	6.772215e-001	8.036397e-001	8.403284e-001	9.466002e-001	9.701183e-001	9.942117e-001	9.727059e-001	9.907787e-001	9.915697e-001	9.557231e-001	9.864289e-001	9.790558e-001	9.720187e-001	9.340287e-001	8.641359e-001	8.613691e-001	8.620683e-001	6.336139e-001	6.511898e-001	4.750390e-001	3.829301e-001	
7.324658e-001	9.985357e-001	9.831079e-001	9.979780e-001	9.042517e-001	9.624549e-001	8.953609e-001	8.642476e-001	9.293558e-001	7.376857e-001	9.810216e-001	6.504731e-001	9.783526e-001	4.232745e-001	8.911154e-001	2.388420e-001	9.031999e-001	1.449132e-002	4.555363e-001	-1.826318e-001	-1.861452e-001	-4.020406e-001	-7.527528e-001	-6.145951e-001	-6.565446e-001	-7.742513e-001	-7.462778e-001	-8.654805e-001	-9.875607e-001	-9.462270e-001	
6.981658e-001	7.421579e-001	7.631137e-001	8.265482e-001	9.093678e-001	9.263492e-001	9.400171e-001	9.187120e-001	9.556493e-001	9.798733e-001	9.915207e-001	9.256709e-001	9.863463e-001	8.839733e-001	9.390157e-001	7.795834e-001	9.007569e-001	5.867957e-001	5.518812e-001	4.238831e-001	3.575499e-001	2.553732e-001	1.043040e-001	4.992753e-002	8.276814e-002	-1.742624e-001	-2.907375e-001	-3.533595e-001	-6.012647e-001	-5.817169e-001	
7.222035e-001	9.532068e-001	9.630144e-001	9.893385e-001	9.258779e-001	9.975753e-001	9.532672e-001	9.460488e-001	9.484344e-001	8.323006e-001	9.884764e-001	7.697512e-001	9.690775e-001	6.183160e-001	9.003328e-001	4.324940e-001	8.903330e-001	2.098155e-001	4.289549e-001	6.114000e-003	-5.750736e-002	-2.028468e-001	-4.596933e-001	-3.981160e-001	-4.766833e-001	-6.243700e-001	-6.896650e-001	-7.418583e-001	-8.642608e-001	-8.650466e-001	
3.785999e-001	8.821427e-001	8.946127e-001	9.650556e-001	9.498573e-001	9.782093e-001	9.980178e-001	9.911609e-001	9.497755e-001	9.420322e-001	9.737740e-001	8.400726e-001	9.785736e-001	7.431558e-001	9.112788e-001	6.097030e-001	8.801565e-001	3.883381e-001	4.298040e-001	1.912389e-001	1.253254e-001	-3.769796e-002	-1.175500e-001	-2.217058e-001	-3.480952e-001	-3.955154e-001	-4.994352e-001	-5.972579e-001	-7.466888e-001	-7.728418e-001	
7.092466e-001	8.770217e-001	9.110284e-001	9.516646e-001	9.359386e-001	1.000000e+000	9.900930e-001	9.925331e-001	9.682825e-001	9.427886e-001	9.459971e-001	9.032763e-001	9.666398e-001	8.277168e-001	9.092030e-001	6.557877e-001	8.831853e-001	4.418988e-001	4.456417e-001	2.592145e-001	1.560494e-001	6.462712e-002	-1.715858e-001	-1.367585e-001	-2.417793e-001	-3.944134e-001	-5.002798e-001	-5.436458e-001	-6.872367e-001	-7.313375e-001	
7.048418e-001	8.158885e-001	8.532651e-001	9.087412e-001	8.958494e-001	9.673017e-001	9.632789e-001	9.683658e-001	9.577097e-001	9.375381e-001	9.417807e-001	9.131661e-001	9.682144e-001	8.453278e-001	9.194997e-001	6.933401e-001	8.918436e-001	4.971023e-001	4.945103e-001	3.292289e-001	2.263243e-001	1.461350e-001	-8.624794e-002	-5.515547e-002	-1.660736e-001	-3.162503e-001	-4.203834e-001	-4.668459e-001	-6.112420e-001	-6.554561e-001	
3.766810e-001	8.566261e-001	8.652196e-001	9.675612e-001	9.670252e-001	9.912535e-001	9.602648e-001	9.910504e-001	9.914779e-001	9.523310e-001	9.982960e-001	9.133916e-001	9.607914e-001	8.010078e-001	8.988426e-001	6.453002e-001	8.689271e-001	4.335139e-001	4.023988e-001	2.368239e-001	1.572705e-001	3.621129e-002	-1.124828e-001	-1.287938e-001	-2.211979e-001	-3.863984e-001	-4.879081e-001	-5.655551e-001	-7.113078e-001	-7.284784e-001	
4.861071e-002	9.109065e-001	9.091705e-001	9.801135e-001	9.579714e-001	9.837251e-001	9.914820e-001	9.845989e-001	9.527295e-001	9.322813e-001	9.712374e-001	8.281389e-001	9.769828e-001	7.004245e-001	9.061964e-001	5.598570e-001	8.776599e-001	3.613740e-001	3.954723e-001	1.426246e-001	8.027495e-002	-6.992746e-002	-1.744668e-001	-2.739973e-001	-4.202240e-001	-4.425843e-001	-5.507868e-001	-6.219369e-001	-7.900199e-001	-8.068092e-001	
7.187479e-001	9.390977e-001	9.597415e-001	9.852039e-001	9.239782e-001	9.964070e-001	9.621132e-001	9.616722e-001	9.511201e-001	8.636001e-001	9.864100e-001	7.972722e-001	9.695449e-001	6.636049e-001	9.034857e-001	4.937948e-001	8.894116e-001	2.740827e-001	4.437836e-001	7.582576e-002	-1.639649e-003	-1.325773e-001	-3.918333e-001	-3.469619e-001	-4.499826e-001	-5.598828e-001	-5.905360e-001	-6.899821e-001	-8.081568e-001	-8.396735e-001	
3.197490e-001	1.308989e-002	1.084017e-001	2.048756e-001	2.767173e-001	3.897164e-001	4.350277e-001	4.949626e-001	6.543646e-001	7.476128e-001	8.427179e-001	8.383026e-001	9.485340e-001	9.498261e-001	9.994798e-001	8.899917e-001	9.932536e-001	9.333962e-001	9.646037e-001	9.210056e-001	9.356582e-001	8.996177e-001	8.587864e-001	7.635201e-001	7.609362e-001	7.344754e-001	5.418643e-001	5.268463e-001	3.233244e-001	2.239039e-001	
3.639564e-001	7.138774e-001	7.338018e-001	8.600009e-001	8.714106e-001	9.249841e-001	9.176364e-001	9.467775e-001	9.749892e-001	9.734947e-001	9.816215e-001	9.626816e-001	9.680872e-001	8.877345e-001	9.218746e-001	7.929549e-001	8.934169e-001	6.202567e-001	5.275941e-001	4.564599e-001	3.623600e-001	2.713471e-001	1.224662e-001	8.148088e-002	-3.355930e-002	-1.552857e-001	-2.427061e-001	-3.528521e-001	-4.666705e-001	-5.474141e-001	
1.793448e-002	5.679991e-001	6.415970e-001	7.469011e-001	7.754828e-001	8.512318e-001	9.009479e-001	9.142985e-001	9.259797e-001	9.816131e-001	9.753084e-001	9.966660e-001	9.732931e-001	9.968446e-001	9.512147e-001	9.405444e-001	9.208988e-001	8.092431e-001	6.301661e-001	6.551810e-001	5.366984e-001	5.135206e-001	3.587721e-001	3.050913e-001	1.632397e-001	8.710875e-002	-4.387975e-002	-1.239489e-001	-2.506645e-001	-3.504397e-001	
2.467261e-002	6.936045e-001	7.490623e-001	8.441031e-001	8.725485e-001	9.114270e-001	9.694438e-001	9.564642e-001	9.729560e-001	1.000000e+000	9.821006e-001	1.000000e+000	9.718417e-001	1.000000e+000	9.292151e-001	9.142566e-001	8.848535e-001	7.469886e-001	5.101123e-001	5.495418e-001	4.160703e-001	3.818500e-001	2.445428e-001	1.947630e-001	6.031766e-002	-2.896438e-002	-1.613366e-001	-2.557531e-001	-3.916313e-001	-4.832744e-001	
4.051067e-002	8.615969e-001	9.291520e-001	9.803520e-001	9.845471e-001	1.000000e+000	1.000000e+000	1.000000e+000	9.693067e-001	9.835300e-001	9.975699e-001	9.527661e-001	9.622851e-001	9.085292e-001	8.985157e-001	7.407507e-001	8.677106e-001	5.240568e-001	3.644359e-001	2.884741e-001	1.686685e-001	8.622514e-002	-9.056306e-002	-1.106677e-001	-2.044235e-001	-2.913521e-001	-4.253560e-001	-5.101410e-001	-6.254902e-001	-7.192620e-001	
7.246678e-001	9.701490e-001	9.760402e-001	1.000000e+000	9.280795e-001	9.972446e-001	9.496342e-001	9.426066e-001	9.439439e-001	8.114055e-001	9.795341e-001	7.523473e-001	9.667387e-001	5.879029e-001	8.968779e-001	3.923764e-001	8.862460e-001	1.702105e-001	3.284597e-001	-3.587661e-002	-9.650919e-002	-2.473935e-001	-5.116189e-001	-4.382379e-001	-5.233414e-001	-6.726136e-001	-7.294865e-001	-7.796171e-001	-8.861216e-001	-8.858733e-001	
3.688559e-001	7.631222e-001	7.778267e-001	8.914358e-001	9.067175e-001	9.360469e-001	9.260115e-001	9.532858e-001	9.725172e-001	9.569832e-001	9.866250e-001	9.404958e-001	9.631998e-001	8.574392e-001	9.129174e-001	7.243682e-001	8.819834e-001	5.409322e-001	4.811063e-001	3.619427e-001	2.732032e-001	1.764172e-001	3.358684e-002	8.091280e-003	-8.246535e-002	-2.503629e-001	-3.433189e-001	-4.371023e-001	-5.615849e-001	-6.081080e-001	
5.039350e-002	9.431817e-001	9.374560e-001	1.000000e+000	9.915242e-001	1.000000e+000	1.000000e+000	1.000000e+000	9.705112e-001	9.451854e-001	9.831118e-001	8.317226e-001	9.785154e-001	7.031065e-001	9.070519e-001	5.608768e-001	8.742198e-001	3.473052e-001	3.736186e-001	1.259779e-001	6.308320e-002	-8.928287e-002	-1.847002e-001	-2.928411e-001	-4.561852e-001	-4.742127e-001	-5.945042e-001	-6.585088e-001	-8.314236e-001	-8.426312e-001	
7.341767e-001	1.000000e+000	9.427152e-001	9.989030e-001	9.275553e-001	9.641708e-001	8.927108e-001	8.554456e-001	9.154839e-001	7.413747e-001	7.386238e-001	6.364262e-001	9.834742e-001	4.368811e-001	8.956016e-001	2.107032e-001	9.016055e-001	-1.191722e-002	4.480278e-001	-2.190684e-001	-2.255316e-001	-4.380530e-001	-7.823755e-001	-6.476998e-001	-6.961649e-001	-8.105098e-001	-9.111591e-001	-9.066358e-001	-1.000000e+000	-9.746031e-001	
6.673606e-001	2.159357e-001	3.540370e-001	4.109632e-001	5.268780e-001	5.857083e-001	7.511285e-001	7.440370e-001	8.041207e-001	8.554228e-001	9.059281e-001	9.421307e-001	9.683716e-001	9.446104e-001	9.858766e-001	9.478635e-001	9.871808e-001	9.434669e-001	9.389070e-001	8.625079e-001	8.126637e-001	7.454396e-001	6.688511e-001	5.925803e-001	5.476519e-001	3.869356e-001	2.734130e-001	1.983718e-001	-9.734270e-002	2.109368e-003	
7.149364e-001	9.161580e-001	9.259529e-001	9.773516e-001	9.074595e-001	9.918686e-001	9.715645e-001	9.666222e-001	9.527060e-001	8.843210e-001	9.857836e-001	8.092761e-001	9.723728e-001	7.345016e-001	9.079472e-001	5.435958e-001	8.885329e-001	3.365207e-001	4.683476e-001	1.492748e-001	6.160270e-002	-5.868988e-002	-2.553344e-001	-2.675106e-001	-4.124267e-001	-4.885340e-001	-5.305077e-001	-6.276663e-001	-7.630690e-001	-7.982704e-001	
7.198930e-001	9.438414e-001	9.608568e-001	9.832231e-001	9.228956e-001	9.936386e-001	9.554300e-001	9.531467e-001	9.484859e-001	8.527496e-001	9.856393e-001	7.853273e-001	9.694104e-001	6.483904e-001	9.036592e-001	4.728222e-001	8.902771e-001	2.527389e-001	4.411279e-001	5.469945e-002	-1.868107e-002	-1.532931e-001	-4.156116e-001	-3.706161e-001	-4.624459e-001	-5.768545e-001	-5.988848e-001	-7.039440e-001	-8.220242e-001	-8.496162e-001	
3.725206e-001	7.923367e-001	8.005483e-001	9.089078e-001	9.130644e-001	9.412200e-001	9.198294e-001	9.499759e-001	9.679438e-001	9.360457e-001	9.799094e-001	9.114376e-001	9.622863e-001	8.113985e-001	9.074965e-001	6.682807e-001	8.807146e-001	4.796215e-001	4.666851e-001	2.961682e-001	2.138335e-001	1.063217e-001	-5.898488e-002	-6.343429e-002	-1.530250e-001	-3.149474e-001	-4.039045e-001	-4.932834e-001	-6.032959e-001	-6.500054e-001	
7.289579e-001	9.862673e-001	9.623310e-001	9.932740e-001	9.353492e-001	9.764738e-001	9.065758e-001	8.968866e-001	9.226798e-001	7.724254e-001	9.333568e-001	6.835259e-001	9.735137e-001	5.137293e-001	9.003564e-001	3.084820e-001	8.926576e-001	8.449534e-002	4.345604e-001	-1.173667e-001	-1.484002e-001	-3.249530e-001	-6.273563e-001	-5.342550e-001	-5.678196e-001	-7.335940e-001	-7.724190e-001	-8.292802e-001	-9.333793e-001	-9.219155e-001	
9.757804e-001	-1.778278e-001	-1.205718e-001	2.774659e-003	1.745518e-002	2.089804e-001	2.634867e-001	3.472911e-001	4.800997e-001	6.528310e-001	7.226391e-001	8.001209e-001	9.335898e-001	9.886293e-001	9.856128e-001	8.575449e-001	9.972493e-001	9.688017e-001	9.913990e-001	9.633231e-001	9.838952e-001	9.690274e-001	9.186105e-001	9.092655e-001	8.428702e-001	9.544174e-001	7.145659e-001	6.885875e-001	5.319292e-001	4.223962e-001	
7.301974e-001	9.978120e-001	9.717225e-001	1.000000e+000	9.387901e-001	9.789893e-001	9.059981e-001	8.959915e-001	9.215355e-001	7.678512e-001	9.387840e-001	6.737624e-001	9.731075e-001	4.989474e-001	8.985602e-001	2.926525e-001	8.915725e-001	6.613196e-002	4.260384e-001	-1.378889e-001	-1.674502e-001	-3.484480e-001	-6.535819e-001	-5.592269e-001	-5.909577e-001	-7.542208e-001	-7.864570e-001	-8.480271e-001	-9.515900e-001	-9.372519e-001	
3.868384e-001	9.463394e-001	9.422968e-001	9.996366e-001	9.781433e-001	1.000000e+000	9.803874e-001	9.747654e-001	9.523091e-001	8.899883e-001	9.824686e-001	7.847945e-001	9.752678e-001	6.385191e-001	8.989700e-001	4.836756e-001	8.789738e-001	2.560640e-001	3.763248e-001	4.538142e-002	-1.875308e-002	-1.890682e-001	-3.130930e-001	-3.693254e-001	-4.806860e-001	-5.467658e-001	-5.970224e-001	-7.152970e-001	-8.567463e-001	-8.597681e-001	
3.479544e-002	7.992156e-001	8.706513e-001	9.339118e-001	9.490628e-001	9.717013e-001	9.913326e-001	9.837292e-001	9.687374e-001	9.881803e-001	9.959610e-001	9.883813e-001	9.642964e-001	9.642596e-001	9.093179e-001	8.039454e-001	8.755293e-001	6.073384e-001	4.146963e-001	3.857949e-001	2.585511e-001	1.951015e-001	3.323416e-002	-2.948558e-003	-1.002527e-001	-1.914983e-001	-3.271831e-001	-4.168436e-001	-5.361865e-001	-6.357637e-001	
3.013025e-003	2.777280e-001	3.454809e-001	4.977422e-001	5.445740e-001	6.107590e-001	6.984959e-001	7.147147e-001	8.303097e-001	8.765075e-001	9.153784e-001	9.369624e-001	9.816588e-001	9.702509e-001	9.948102e-001	9.617590e-001	9.649297e-001	9.273605e-001	8.773842e-001	8.388599e-001	7.708571e-001	7.497464e-001	6.392546e-001	5.467636e-001	4.516771e-001	3.637457e-001	2.464689e-001	1.699471e-001	6.140426e-002	-2.775067e-002	
9.832454e-001	-4.094529e-002	6.753089e-002	1.343457e-001	1.442556e-001	3.168992e-001	4.441446e-001	5.703847e-001	6.052877e-001	7.540276e-001	8.209402e-001	8.556403e-001	9.560573e-001	9.711824e-001	9.717132e-001	9.588957e-001	9.984757e-001	9.490504e-001	9.807762e-001	9.396405e-001	9.449920e-001	9.323878e-001	8.805129e-001	8.321311e-001	8.230133e-001	7.234395e-001	5.870203e-001	5.223655e-001	3.943060e-001	2.963473e-001	
7.119276e-001	8.764512e-001	8.965377e-001	9.454963e-001	9.009717e-001	9.698691e-001	9.539848e-001	9.492818e-001	9.476433e-001	8.993186e-001	9.931353e-001	8.519762e-001	9.660199e-001	7.530661e-001	9.108607e-001	5.987032e-001	8.880748e-001	3.914672e-001	4.550175e-001	2.143280e-001	1.191913e-001	1.220462e-002	-2.356640e-001	-2.046070e-001	-3.002046e-001	-4.314625e-001	-4.805553e-001	-5.701416e-001	-7.130799e-001	-7.343476e-001	
3.388897e-001	3.823147e-001	4.345022e-001	6.285566e-001	6.373163e-001	7.401209e-001	8.240810e-001	8.497569e-001	8.535920e-001	9.324169e-001	9.642016e-001	1.000000e+000	9.908468e-001	1.000000e+000	9.904665e-001	1.000000e+000	9.537142e-001	9.327990e-001	7.722807e-001	8.235046e-001	7.002300e-001	7.634499e-001	6.357707e-001	5.102422e-001	4.717616e-001	2.805335e-001	1.724671e-001	1.060005e-001	9.404854e-003	-8.985397e-002	
3.067812e-002	7.372988e-001	7.928616e-001	8.684957e-001	8.851930e-001	9.220910e-001	9.598822e-001	9.539100e-001	9.612038e-001	9.826093e-001	9.842380e-001	9.650778e-001	9.714766e-001	9.469779e-001	9.234939e-001	8.231589e-001	8.855433e-001	6.431175e-001	4.826665e-001	4.416976e-001	3.276532e-001	2.656752e-001	1.124762e-001	7.380144e-002	-5.001367e-002	-1.300498e-001	-2.549666e-001	-3.420953e-001	-4.737054e-001	-5.529358e-001	
4.016622e-001	1.000000e+000	9.766328e-001	9.888688e-001	9.633750e-001	9.695971e-001	9.114759e-001	8.810749e-001	9.147750e-001	7.519934e-001	9.861033e-001	6.225175e-001	9.744251e-001	4.264487e-001	9.003924e-001	2.155415e-001	8.893076e-001	-2.225721e-002	3.457297e-001	-2.282685e-001	-2.329579e-001	-4.646585e-001	-6.105251e-001	-6.774947e-001	-6.666891e-001	-7.699462e-001	-7.240868e-001	-8.989331e-001	-1.000000e+000	-9.907771e-001	
3.948484e-001	9.402208e-001	9.810305e-001	9.882724e-001	9.278830e-001	9.932652e-001	9.238448e-001	9.407482e-001	9.524116e-001	7.961094e-001	9.978158e-001	6.915950e-001	9.665061e-001	4.977815e-001	8.937114e-001	3.296282e-001	8.951074e-001	6.428489e-002	3.561837e-001	-1.133002e-001	-1.051106e-001	-3.268458e-001	-5.067017e-001	-5.257789e-001	-5.669749e-001	-6.518041e-001	-7.806204e-001	-7.879938e-001	-8.697150e-001	-9.022928e-001	
5.174062e-002	9.141946e-001	9.104450e-001	9.760637e-001	9.715616e-001	9.344444e-001	9.320794e-001	9.676351e-001	9.398081e-001	8.919706e-001	9.034832e-001	7.767838e-001	9.728459e-001	6.451837e-001	9.027321e-001	4.932978e-001	8.815351e-001	3.126127e-001	3.949326e-001	7.194680e-002	-4.116566e-002	-1.250751e-001	-2.685192e-001	-3.779081e-001	-4.050358e-001	-5.376655e-001	-7.124991e-001	-7.046309e-001	-8.466058e-001	-7.961804e-001	
1.601688e-002	4.875046e-001	5.893766e-001	8.572515e-001	7.522389e-001	7.902547e-001	8.535468e-001	8.653812e-001	9.266020e-001	9.127497e-001	9.569685e-001	9.883098e-001	9.946783e-001	9.785213e-001	9.783458e-001	8.920917e-001	9.051995e-001	7.866385e-001	7.186145e-001	6.375687e-001	5.523880e-001	5.147007e-001	3.902016e-001	3.359219e-001	2.283701e-001	1.523806e-001	1.186617e-002	-5.848561e-002	-1.946212e-001	-2.957769e-001	
5.286178e-002	9.494957e-001	9.115924e-001	9.974287e-001	9.756474e-001	9.932451e-001	9.720326e-001	9.936799e-001	9.486014e-001	9.245556e-001	9.642702e-001	7.774787e-001	9.807169e-001	6.053666e-001	9.043886e-001	5.000877e-001	8.746339e-001	2.928412e-001	3.635225e-001	6.429345e-002	1.374683e-002	-1.531703e-001	-2.808223e-001	-3.758929e-001	-5.120851e-001	-5.095737e-001	-6.213490e-001	-6.885481e-001	-9.004764e-001	-8.649361e-001	
4.701296e-002	8.957182e-001	9.184602e-001	9.722872e-001	9.708993e-001	9.476343e-001	9.559902e-001	1.000000e+000	9.528187e-001	9.278729e-001	1.000000e+000	8.294275e-001	9.671613e-001	7.168237e-001	9.046003e-001	5.808724e-001	8.770841e-001	4.001644e-001	3.874016e-001	1.608606e-001	2.517909e-002	-3.220343e-002	-1.411074e-001	-2.793593e-001	-3.183730e-001	-4.641677e-001	-6.250417e-001	-6.395681e-001	-7.930089e-001	-7.529217e-001	
7.262669e-001	9.624455e-001	9.508809e-001	9.772233e-001	9.329186e-001	9.706529e-001	9.068148e-001	9.312304e-001	9.251960e-001	7.858573e-001	9.576868e-001	7.068223e-001	9.721793e-001	5.378841e-001	9.040079e-001	3.502406e-001	8.930159e-001	1.286276e-001	4.409416e-001	-7.138525e-002	-1.061128e-001	-2.735303e-001	-5.697416e-001	-4.818236e-001	-4.997676e-001	-6.901828e-001	-7.241467e-001	-7.885000e-001	-8.953118e-001	-8.885203e-001	
3.856072e-001	9.333927e-001	9.297584e-001	9.909169e-001	9.656335e-001	9.907355e-001	9.789069e-001	9.753305e-001	9.388397e-001	8.925896e-001	9.729995e-001	7.703267e-001	9.753678e-001	6.608217e-001	9.030087e-001	4.910292e-001	8.817705e-001	2.641794e-001	4.015471e-001	5.722377e-002	-2.946923e-003	-1.750956e-001	-2.713205e-001	-3.538193e-001	-4.524698e-001	-5.376154e-001	-6.141748e-001	-7.071988e-001	-8.270114e-001	-8.510185e-001	
3.822204e-001	9.122019e-001	9.150773e-001	9.762519e-001	9.653594e-001	9.939910e-001	9.929762e-001	9.851986e-001	9.511444e-001	9.246382e-001	9.798657e-001	8.097670e-001	9.772117e-001	6.987941e-001	9.073468e-001	5.505759e-001	8.848167e-001	3.231166e-001	4.097013e-001	1.201497e-001	5.416706e-002	-1.106408e-001	-2.000198e-001	-2.965301e-001	-3.929249e-001	-4.736764e-001	-5.598291e-001	-6.565358e-001	-8.116924e-001	-8.220696e-001	
3.841722e-001	9.270705e-001	9.325567e-001	9.908200e-001	9.637294e-001	1.000000e+000	9.908018e-001	9.899692e-001	9.525996e-001	9.114715e-001	9.752616e-001	7.964583e-001	9.750635e-001	6.731685e-001	9.033512e-001	5.220830e-001	8.848760e-001	2.890723e-001	4.003353e-001	8.565563e-002	2.380130e-002	-1.460958e-001	-2.543515e-001	-3.317891e-001	-4.387672e-001	-5.099312e-001	-6.075523e-001	-6.862356e-001	-8.282035e-001	-8.425364e-001	
1.111985e-002	4.383912e-001	5.002902e-001	6.146336e-001	6.789968e-001	7.416426e-001	8.262992e-001	8.182833e-001	8.909676e-001	8.905871e-001	9.467322e-001	9.699652e-001	9.848113e-001	9.598443e-001	9.847106e-001	9.639523e-001	9.499045e-001	8.944509e-001	7.944112e-001	7.733950e-001	6.731147e-001	6.409001e-001	4.918003e-001	4.068631e-001	2.991641e-001	1.935762e-001	1.171920e-001	-5.957515e-004	-1.304972e-001	-1.999812e-001	
6.230664e-002	9.509644e-001	9.433688e-001	9.928155e-001	9.760734e-001	9.180768e-001	8.659720e-001	8.966596e-001	8.679412e-001	7.666724e-001	9.430672e-001	6.339112e-001	9.660738e-001	5.157964e-001	8.881092e-001	2.940267e-001	8.558051e-001	1.022068e-001	3.670457e-001	-1.440248e-001	-1.587256e-001	-3.385560e-001	-5.038215e-001	-4.803045e-001	-5.027165e-001	-7.154760e-001	-7.838988e-001	-8.240933e-001	-7.428518e-001	-8.764758e-001	
6.621661e-001	1.137862e-001	2.266885e-001	3.277352e-001	4.566709e-001	5.280214e-001	5.726812e-001	6.908224e-001	7.486666e-001	8.047632e-001	9.069499e-001	9.276275e-001	9.783321e-001	9.888987e-001	9.917323e-001	9.355630e-001	9.788541e-001	9.271114e-001	9.442284e-001	9.075950e-001	8.843929e-001	7.893553e-001	7.175368e-001	6.532002e-001	5.615636e-001	5.020832e-001	3.180771e-001	3.517566e-001	1.974838e-001	9.437580e-002	
7.215007e-001	9.697130e-001	9.867505e-001	1.000000e+000	9.425927e-001	1.000000e+000	9.694252e-001	9.686498e-001	9.545506e-001	8.636787e-001	9.893145e-001	7.859496e-001	9.683201e-001	6.465944e-001	8.987640e-001	4.636889e-001	8.852705e-001	2.329039e-001	4.144940e-001	2.822411e-002	-4.628967e-002	-1.827719e-001	-4.446171e-001	-3.964680e-001	-4.910313e-001	-6.043094e-001	-6.341239e-001	-7.334682e-001	-8.506506e-001	-8.806919e-001	
6.784414e-002	1.000000e+000	1.000000e+000	1.000000e+000	1.000000e+000	9.592388e-001	8.959242e-001	9.259043e-001	8.811923e-001	7.706555e-001	9.488144e-001	6.157981e-001	9.662485e-001	4.764845e-001	8.781428e-001	2.423593e-001	8.448866e-001	3.178664e-002	3.104467e-001	-2.308318e-001	-2.416922e-001	-4.393388e-001	-6.044369e-001	-5.831654e-001	-6.074132e-001	-8.114119e-001	-8.799809e-001	-9.187754e-001	-8.439976e-001	-9.690227e-001	
6.377891e-002	9.652883e-001	9.686365e-001	9.943103e-001	9.862240e-001	9.228497e-001	8.680800e-001	8.968097e-001	8.727925e-001	7.587771e-001	9.462788e-001	6.331446e-001	9.640393e-001	4.982784e-001	8.853942e-001	2.791886e-001	8.543252e-001	8.325179e-002	3.529162e-001	-1.692705e-001	-1.865349e-001	-3.666504e-001	-5.487570e-001	-5.073726e-001	-5.354191e-001	-7.441832e-001	-8.048000e-001	-8.502115e-001	-7.576637e-001	-8.941248e-001	
3.801082e-001	8.738939e-001	8.793980e-001	9.465175e-001	9.371379e-001	9.699595e-001	9.707377e-001	9.657355e-001	9.402448e-001	9.161328e-001	9.758975e-001	8.064130e-001	9.780554e-001	6.953201e-001	9.137823e-001	5.609050e-001	8.929105e-001	3.444211e-001	4.444248e-001	1.523092e-001	9.022342e-002	-7.153673e-002	-1.634466e-001	-2.603288e-001	-3.546575e-001	-4.368805e-001	-5.188145e-001	-6.161173e-001	-7.714348e-001	-7.792407e-001	
3.982628e-001	9.908062e-001	9.576696e-001	9.788943e-001	9.594005e-001	9.696390e-001	9.153301e-001	8.879653e-001	9.206862e-001	7.769751e-001	7.604655e-001	6.552423e-001	9.741849e-001	4.762813e-001	9.027902e-001	2.698414e-001	8.916000e-001	3.857311e-002	3.619203e-001	-1.672134e-001	-1.871633e-001	-4.002696e-001	-5.472739e-001	-6.134843e-001	-5.637907e-001	-7.155310e-001	-8.354306e-001	-8.529755e-001	-9.912559e-001	-9.586096e-001	
1.308208e-003	2.558668e-001	3.238572e-001	4.624264e-001	5.237443e-001	6.014487e-001	6.895153e-001	7.052662e-001	8.268823e-001	8.827313e-001	9.159647e-001	9.429784e-001	9.807088e-001	9.676683e-001	9.976305e-001	9.824032e-001	9.746785e-001	9.521573e-001	8.946230e-001	8.712779e-001	8.020121e-001	7.830199e-001	6.617280e-001	5.709936e-001	4.851775e-001	3.917495e-001	2.772044e-001	1.981501e-001	7.064710e-002	-3.724995e-004	
9.566741e-003	4.154115e-001	4.740770e-001	5.939076e-001	6.608849e-001	7.235215e-001	8.059086e-001	8.004681e-001	8.828017e-001	8.834895e-001	9.473916e-001	9.692518e-001	9.847553e-001	9.792733e-001	9.857321e-001	9.611332e-001	9.501293e-001	9.082297e-001	8.063198e-001	7.922667e-001	6.888114e-001	6.664109e-001	5.288258e-001	4.331511e-001	3.297163e-001	2.247979e-001	1.658007e-001	3.475319e-002	-1.013345e-001	-1.691412e-001	
3.937927e-001	9.678684e-001	9.659958e-001	9.830862e-001	9.623220e-001	9.801279e-001	9.471145e-001	9.249582e-001	9.264934e-001	8.200545e-001	9.762067e-001	6.946620e-001	9.723843e-001	5.325256e-001	8.946304e-001	3.472483e-001	8.891802e-001	1.054193e-001	3.848698e-001	-9.783396e-002	-1.165883e-001	-3.241840e-001	-4.827236e-001	-5.240076e-001	-5.454827e-001	-6.508279e-001	-7.563532e-001	-8.078987e-001	-9.364609e-001	-9.219140e-001	
4.897277e-003	3.507361e-001	4.196638e-001	5.426140e-001	6.161406e-001	6.880131e-001	7.797245e-001	7.742589e-001	8.718404e-001	8.792822e-001	9.475715e-001	9.848717e-001	9.845090e-001	1.000000e+000	9.942872e-001	1.000000e+000	9.595919e-001	9.664671e-001	8.524457e-001	8.640613e-001	7.614102e-001	7.494514e-001	6.096389e-001	5.182792e-001	4.176921e-001	3.080910e-001	2.527776e-001	1.168976e-001	-1.270163e-002	-9.088389e-002	
6.602179e-002	9.827604e-001	9.775562e-001	9.973519e-001	9.910320e-001	9.204777e-001	8.666030e-001	8.853768e-001	8.635153e-001	7.426477e-001	9.436195e-001	6.078758e-001	9.663763e-001	4.679827e-001	8.860683e-001	2.417430e-001	8.548716e-001	4.706386e-002	3.478846e-001	-2.101686e-001	-2.257632e-001	-4.133670e-001	-5.899524e-001	-5.572537e-001	-5.790978e-001	-7.806952e-001	-8.132193e-001	-8.834171e-001	-7.895197e-001	-9.206550e-001	
6.038230e-002	9.479612e-001	9.565307e-001	9.969763e-001	9.849445e-001	9.281364e-001	8.798931e-001	9.146145e-001	8.814849e-001	7.854123e-001	9.561967e-001	6.686313e-001	9.647117e-001	5.483904e-001	8.883228e-001	3.401621e-001	8.524963e-001	1.498829e-001	3.573691e-001	-1.019168e-001	-1.364034e-001	-3.014624e-001	-4.661271e-001	-4.353467e-001	-4.985530e-001	-6.888998e-001	-7.294714e-001	-8.006974e-001	-7.107692e-001	-8.596250e-001	
7.176500e-001	9.347863e-001	9.567498e-001	9.766178e-001	9.326439e-001	9.890020e-001	9.683984e-001	9.657541e-001	9.556638e-001	8.818004e-001	9.910178e-001	8.111161e-001	9.698146e-001	6.886293e-001	9.050427e-001	5.176166e-001	8.878889e-001	2.934411e-001	4.445112e-001	9.489612e-002	1.674259e-002	-1.100096e-001	-3.549271e-001	-3.239095e-001	-4.141659e-001	-5.355369e-001	-5.693177e-001	-6.720904e-001	-8.031428e-001	-8.331800e-001	
6.172746e-002	1.000000e+000	9.549350e-001	9.973394e-001	1.000000e+000	9.368097e-001	9.197802e-001	9.178587e-001	9.119542e-001	7.884714e-001	9.539850e-001	7.187935e-001	9.668557e-001	5.451478e-001	8.895925e-001	3.225050e-001	8.531868e-001	1.184424e-001	3.419975e-001	-1.146089e-001	-1.518208e-001	-3.220000e-001	-4.879318e-001	-4.626399e-001	-5.807548e-001	-6.839980e-001	-7.929930e-001	-8.278383e-001	-7.588434e-001	-8.872256e-001	
3.555410e-001	6.063814e-001	6.312991e-001	7.760433e-001	8.009031e-001	8.660998e-001	8.829803e-001	9.067408e-001	9.604432e-001	9.655295e-001	9.728921e-001	9.948923e-001	9.708186e-001	9.443606e-001	9.399449e-001	8.714271e-001	9.101249e-001	7.298913e-001	6.181122e-001	5.921681e-001	4.954552e-001	4.261820e-001	2.955910e-001	2.309660e-001	1.191066e-001	-9.910187e-003	-9.747192e-002	-2.105894e-001	-3.268096e-001	-4.117534e-001	
3.462551e-001	4.789082e-001	5.200787e-001	7.066331e-001	7.050960e-001	8.001592e-001	8.779859e-001	8.950477e-001	8.826177e-001	9.406686e-001	9.798447e-001	9.872648e-001	9.937161e-001	9.586698e-001	9.808241e-001	9.476502e-001	9.441577e-001	8.514516e-001	7.165391e-001	7.237062e-001	5.961902e-001	6.427764e-001	5.040249e-001	3.818687e-001	3.402253e-001	1.416433e-001	4.485717e-002	-2.727451e-002	-1.164728e-001	-2.039499e-001	
6.843303e-002	1.000000e+000	9.994571e-001	1.000000e+000	1.000000e+000	9.277461e-001	8.724552e-001	8.876564e-001	8.607330e-001	7.327335e-001	9.454420e-001	5.877675e-001	9.670391e-001	4.400343e-001	8.838877e-001	2.081888e-001	8.540002e-001	7.546140e-003	3.335557e-001	-2.538030e-001	-2.652051e-001	-4.620548e-001	-6.361231e-001	-6.056017e-001	-6.261479e-001	-8.215280e-001	-8.500667e-001	-9.208545e-001	-8.291920e-001	-9.528481e-001	
7.277255e-001	9.803938e-001	9.608720e-001	9.946288e-001	9.353605e-001	9.795703e-001	9.129595e-001	9.056654e-001	9.258920e-001	7.836590e-001	9.345654e-001	6.959968e-001	9.735942e-001	5.297703e-001	9.002817e-001	3.305919e-001	8.924327e-001	1.065957e-001	4.380175e-001	-9.490183e-002	-1.299370e-001	-3.024829e-001	-6.030061e-001	-5.095103e-001	-5.541156e-001	-7.146995e-001	-7.638023e-001	-8.135934e-001	-9.191899e-001	-9.110802e-001	
4.265852e-002	8.603598e-001	8.547084e-001	9.529010e-001	9.329470e-001	9.525528e-001	9.786086e-001	9.863062e-001	9.478191e-001	9.449462e-001	9.780251e-001	8.370758e-001	9.782112e-001	7.789074e-001	9.148004e-001	6.264125e-001	8.803914e-001	4.559377e-001	4.406683e-001	2.438546e-001	1.435653e-001	4.508187e-002	6.990008e-003	-1.705463e-001	-3.134908e-001	-3.557275e-001	-4.947658e-001	-5.421941e-001	-7.261786e-001	-7.167126e-001	
1.313828e-002	4.526426e-001	5.180349e-001	6.230571e-001	6.802928e-001	7.476383e-001	8.281919e-001	8.195071e-001	8.900051e-001	8.793632e-001	9.484267e-001	9.496898e-001	9.853425e-001	9.306133e-001	9.834089e-001	9.342912e-001	9.514642e-001	8.568022e-001	7.838124e-001	7.366414e-001	6.448508e-001	6.014108e-001	4.514443e-001	3.640325e-001	2.596183e-001	1.636268e-001	8.071153e-002	-2.721707e-002	-1.569448e-001	-2.241011e-001	
4.627627e-002	9.130731e-001	9.471731e-001	9.947310e-001	9.919433e-001	1.000000e+000	1.000000e+000	1.000000e+000	9.796655e-001	9.503204e-001	9.910372e-001	8.988539e-001	9.681964e-001	8.274782e-001	8.962507e-001	6.450797e-001	8.591738e-001	4.249154e-001	3.527781e-001	1.816293e-001	8.105352e-002	-2.125955e-002	-1.965815e-001	-2.012942e-001	-3.306710e-001	-4.127948e-001	-5.330502e-001	-6.063220e-001	-6.872988e-001	-7.776433e-001	
6.945525e-001	7.198642e-001	7.597182e-001	8.404323e-001	8.755079e-001	9.346117e-001	9.709376e-001	9.298976e-001	9.725499e-001	9.771741e-001	9.997408e-001	9.665829e-001	9.813173e-001	9.351328e-001	9.476883e-001	8.413171e-001	9.044482e-001	6.620784e-001	5.713047e-001	4.974934e-001	4.046685e-001	3.349506e-001	2.070149e-001	1.362159e-001	9.959620e-002	-1.376404e-001	-2.149893e-001	-3.091659e-001	-5.474809e-001	-5.294759e-001	
7.251313e-001	9.639445e-001	9.425282e-001	9.860934e-001	9.426474e-001	9.804559e-001	9.149169e-001	9.198201e-001	9.329473e-001	8.099024e-001	9.231599e-001	7.176534e-001	9.754218e-001	5.426549e-001	9.038327e-001	3.720708e-001	8.950966e-001	1.533147e-001	4.515995e-001	-4.718968e-002	-9.148067e-002	-2.503749e-001	-5.590240e-001	-4.684839e-001	-5.174719e-001	-6.737059e-001	-7.492662e-001	-7.847480e-001	-9.191192e-001	-8.887059e-001	
7.320412e-001	9.876327e-001	9.326211e-001	9.907179e-001	9.146306e-001	9.583195e-001	8.921558e-001	8.603635e-001	9.115250e-001	7.549159e-001	7.484165e-001	6.485319e-001	9.819114e-001	4.592039e-001	8.965421e-001	2.395879e-001	9.009076e-001	1.900153e-002	4.521206e-001	-1.858953e-001	-1.992547e-001	-4.022742e-001	-7.326642e-001	-6.063275e-001	-6.696978e-001	-7.747501e-001	-8.824214e-001	-8.751319e-001	-9.880588e-001	-9.493161e-001	
7.242799e-001	9.635675e-001	9.507322e-001	9.539095e-001	9.483685e-001	9.854689e-001	9.188988e-001	9.299054e-001	9.360275e-001	8.147374e-001	9.742284e-001	7.273164e-001	9.731029e-001	5.525754e-001	9.048859e-001	3.910950e-001	8.928184e-001	1.628415e-001	4.467505e-001	-2.826652e-002	-1.149337e-001	-2.290238e-001	-5.299448e-001	-4.485822e-001	-4.893397e-001	-6.503399e-001	-7.188907e-001	-7.720867e-001	-9.040203e-001	-8.811396e-001	
3.778633e-002	8.279306e-001	8.969845e-001	9.614371e-001	9.698591e-001	9.851783e-001	9.794554e-001	9.901070e-001	9.740251e-001	9.867340e-001	9.975822e-001	9.813222e-001	9.580930e-001	9.401562e-001	8.985577e-001	7.738102e-001	8.665584e-001	5.680140e-001	3.804408e-001	3.379122e-001	2.135138e-001	1.471631e-001	-5.095082e-002	-4.519848e-002	-1.370432e-001	-2.467701e-001	-3.815617e-001	-4.642885e-001	-5.669582e-001	-6.709346e-001	
6.765640e-001	4.645784e-001	5.212091e-001	6.449146e-001	7.751605e-001	8.063636e-001	8.810382e-001	8.709119e-001	9.528701e-001	9.966315e-001	1.000000e+000	1.000000e+000	9.962472e-001	1.000000e+000	9.884091e-001	1.000000e+000	9.363770e-001	8.605433e-001	7.746928e-001	8.011763e-001	7.284661e-001	6.998177e-001	5.420029e-001	5.156735e-001	2.338560e-001	1.969135e-001	1.045807e-001	2.501685e-002	-1.770537e-001	-2.123761e-001	
3.295352e-001	2.013784e-001	2.649107e-001	4.315366e-001	4.850973e-001	5.733978e-001	6.309591e-001	7.096099e-001	7.790579e-001	9.082962e-001	8.825432e-001	9.583875e-001	9.772009e-001	9.681454e-001	9.745404e-001	9.715476e-001	9.576837e-001	9.385142e-001	8.968314e-001	8.865426e-001	8.324662e-001	7.925452e-001	6.764084e-001	6.223896e-001	5.118061e-001	4.636626e-001	3.872761e-001	2.987869e-001	1.417928e-001	5.503178e-002	
3.896841e-001	9.563887e-001	9.584823e-001	1.000000e+000	9.675974e-001	9.972653e-001	9.737954e-001	9.672855e-001	9.451297e-001	8.653916e-001	9.969641e-001	7.468194e-001	9.757811e-001	5.709688e-001	9.001234e-001	4.293112e-001	8.862327e-001	1.956298e-001	3.823057e-001	-1.021169e-002	-5.424416e-002	-2.472033e-001	-3.780377e-001	-4.363699e-001	-5.334112e-001	-5.940030e-001	-6.367150e-001	-7.520558e-001	-8.900058e-001	-8.875804e-001	
6.852083e-001	6.023667e-001	6.523680e-001	7.429718e-001	7.948145e-001	8.617846e-001	9.093950e-001	8.965731e-001	9.361273e-001	9.776959e-001	9.847746e-001	9.892959e-001	9.791353e-001	9.976293e-001	9.581163e-001	9.174475e-001	9.150019e-001	7.634547e-001	6.305684e-001	6.252064e-001	5.294942e-001	4.853101e-001	4.012766e-001	2.980342e-001	2.599690e-001	3.397562e-002	-5.912687e-002	-1.458470e-001	-3.696101e-001	-3.898650e-001	
9.947800e-001	1.147503e-001	2.110406e-001	2.215148e-001	4.193411e-001	4.985573e-001	6.535191e-001	6.801582e-001	7.406955e-001	7.785582e-001	8.892438e-001	8.968540e-001	9.814054e-001	9.281275e-001	1.000000e+000	9.341317e-001	1.000000e+000	9.449846e-001	9.653893e-001	9.202946e-001	8.791604e-001	8.786204e-001	8.216174e-001	6.593809e-001	6.043188e-001	4.855917e-001	3.605045e-001	4.049261e-001	1.677145e-001	1.033413e-001	
3.260076e-001	1.664962e-001	2.338175e-001	4.081545e-001	4.736680e-001	5.621188e-001	6.279135e-001	7.040577e-001	7.790891e-001	9.210859e-001	8.832489e-001	9.801266e-001	9.785341e-001	1.000000e+000	9.806267e-001	1.000000e+000	9.604016e-001	9.926565e-001	9.180730e-001	9.466761e-001	8.903760e-001	8.587159e-001	7.592641e-001	6.906875e-001	5.853757e-001	5.254678e-001	4.423551e-001	3.554574e-001	1.856825e-001	1.020151e-001	
3.960054e-001	9.784345e-001	9.716029e-001	9.855097e-001	9.604834e-001	9.749719e-001	9.368070e-001	9.179603e-001	9.214611e-001	8.085597e-001	9.710877e-001	6.707853e-001	9.725912e-001	4.837889e-001	8.931334e-001	3.056785e-001	8.900496e-001	6.009892e-002	3.783846e-001	-1.444678e-001	-1.503150e-001	-3.710368e-001	-5.364239e-001	-5.720140e-001	-5.847246e-001	-6.899311e-001	-7.953667e-001	-8.398651e-001	-9.668112e-001	-9.439593e-001	
3.881738e-001	9.566914e-001	9.469248e-001	1.000000e+000	9.747923e-001	9.984871e-001	9.812698e-001	9.783471e-001	9.366710e-001	8.853289e-001	9.718347e-001	7.519001e-001	9.759190e-001	6.287019e-001	9.005407e-001	4.530313e-001	8.809992e-001	2.228346e-001	3.892557e-001	1.359499e-002	-3.895017e-002	-2.235342e-001	-3.162458e-001	-4.040787e-001	-5.039925e-001	-5.819629e-001	-6.559308e-001	-7.464602e-001	-8.697257e-001	-8.857072e-001	
6.555161e-002	1.000000e+000	9.966417e-001	1.000000e+000	1.000000e+000	9.615027e-001	9.366293e-001	9.348233e-001	9.182541e-001	7.927243e-001	9.564846e-001	7.043269e-001	9.660572e-001	5.186864e-001	8.815838e-001	2.812863e-001	8.458177e-001	6.406730e-002	3.013048e-001	-1.789490e-001	-2.122919e-001	-3.945061e-001	-5.558926e-001	-5.320893e-001	-6.541341e-001	-7.488879e-001	-8.611284e-001	-8.912166e-001	-8.261163e-001	-9.491235e-001	
3.915891e-001	9.454820e-001	9.457880e-001	9.677217e-001	9.501434e-001	9.710933e-001	9.439977e-001	9.205174e-001	9.258090e-001	8.251219e-001	9.752952e-001	7.049792e-001	9.727561e-001	5.501233e-001	8.979928e-001	3.747050e-001	8.917996e-001	1.382715e-001	4.009183e-001	-6.030600e-002	-8.241583e-002	-2.830659e-001	-4.377279e-001	-4.836088e-001	-5.056009e-001	-6.116762e-001	-7.184375e-001	-7.721398e-001	-9.063022e-001	-8.918876e-001	
7.308736e-001	1.000000e+000	9.711086e-001	9.976837e-001	9.403941e-001	9.912106e-001	9.009490e-001	8.923349e-001	9.195326e-001	7.610106e-001	9.370714e-001	6.652146e-001	9.734429e-001	4.850696e-001	8.985442e-001	2.797470e-001	8.920753e-001	5.281048e-002	4.262668e-001	-1.504518e-001	-1.808815e-001	-3.605878e-001	-6.714341e-001	-5.719438e-001	-5.986256e-001	-7.659310e-001	-8.017138e-001	-8.582270e-001	-9.618798e-001	-9.421439e-001	
6.674212e-003	3.313990e-001	4.143277e-001	5.575294e-001	5.919683e-001	6.745306e-001	7.433033e-001	7.586887e-001	8.594904e-001	9.145036e-001	9.417903e-001	9.628457e-001	9.796972e-001	9.626439e-001	9.899068e-001	9.680136e-001	9.660995e-001	8.991769e-001	8.375223e-001	8.091754e-001	7.275496e-001	7.090515e-001	5.460065e-001	4.938375e-001	3.885181e-001	2.914276e-001	1.900466e-001	1.056596e-001	-3.090374e-002	-9.025512e-002	
5.447825e-002	9.490414e-001	9.880321e-001	9.985087e-001	9.982358e-001	1.000000e+000	9.870213e-001	9.939809e-001	9.689907e-001	9.171721e-001	9.836081e-001	8.410581e-001	9.667921e-001	5.888820e-001	8.946854e-001	5.091184e-001	8.778663e-001	2.767242e-001	3.295594e-001	3.337047e-002	-2.245182e-002	-1.803009e-001	-4.384041e-001	-4.019945e-001	-4.582333e-001	-5.571298e-001	-6.458177e-001	-7.230861e-001	-8.580673e-001	-8.772331e-001	
5.536770e-002	9.767826e-001	9.368991e-001	1.000000e+000	9.895437e-001	1.000000e+000	9.809841e-001	9.996975e-001	9.465411e-001	9.195170e-001	9.645768e-001	7.582533e-001	9.814551e-001	5.799639e-001	9.017200e-001	4.684137e-001	8.728779e-001	2.535223e-001	3.458059e-001	1.942679e-002	-2.758778e-002	-2.039388e-001	-3.276452e-001	-4.260061e-001	-5.604102e-001	-5.531257e-001	-6.643270e-001	-7.299129e-001	-9.458292e-001	-9.024207e-001	
2.763474e-002	7.113911e-001	7.691773e-001	8.559407e-001	8.759198e-001	9.164662e-001	9.568754e-001	9.561356e-001	9.661505e-001	9.982606e-001	9.847903e-001	9.924164e-001	9.710383e-001	9.832100e-001	9.262729e-001	8.686221e-001	8.859754e-001	6.956321e-001	4.972247e-001	4.982369e-001	3.765070e-001	3.264208e-001	1.742070e-001	1.355627e-001	2.203746e-003	-7.950329e-002	-2.025733e-001	-2.956795e-001	-4.257857e-001	-5.147359e-001	
5.817028e-002	9.732039e-001	9.341489e-001	9.839257e-001	9.882894e-001	9.327896e-001	9.221521e-001	9.198056e-001	9.163352e-001	8.078401e-001	9.568159e-001	7.453907e-001	9.674085e-001	5.888346e-001	8.938674e-001	3.777773e-001	8.572389e-001	1.775069e-001	3.604969e-001	-5.130143e-002	-9.674512e-002	-2.546599e-001	-4.197566e-001	-4.008376e-001	-5.191330e-001	-6.208750e-001	-7.311630e-001	-7.718266e-001	-7.228967e-001	-8.468135e-001	
4.009553e-003	2.947340e-001	3.629487e-001	5.141793e-001	5.580487e-001	6.237068e-001	7.073882e-001	7.254544e-001	8.342798e-001	8.861094e-001	9.184570e-001	9.386941e-001	9.805985e-001	9.725509e-001	9.909218e-001	9.563027e-001	9.609508e-001	9.144150e-001	8.568812e-001	8.212135e-001	7.520536e-001	7.309714e-001	6.212891e-001	5.317233e-001	4.348783e-001	3.476417e-001	2.246517e-001	1.520986e-001	4.440035e-002	-4.790868e-002	
4.003117e-001	1.000000e+000	9.631035e-001	9.737536e-001	9.683715e-001	9.682356e-001	9.037810e-001	8.799137e-001	9.170288e-001	7.617161e-001	7.579315e-001	6.372694e-001	9.743450e-001	4.363866e-001	9.021189e-001	2.363994e-001	8.925398e-001	4.868731e-004	3.571843e-001	-2.061466e-001	-2.258761e-001	-4.376222e-001	-6.074934e-001	-6.531917e-001	-5.806570e-001	-7.510135e-001	-8.767413e-001	-8.846456e-001	-1.000000e+000	-9.767820e-001	
5.708130e-002	9.663253e-001	9.929978e-001	9.987295e-001	9.994868e-001	9.974913e-001	9.727700e-001	9.756091e-001	9.617683e-001	8.847125e-001	9.556714e-001	8.124862e-001	9.689770e-001	5.400239e-001	8.950172e-001	4.549176e-001	8.790208e-001	2.241335e-001	3.313710e-001	-2.269117e-002	-6.314610e-002	-2.395147e-001	-4.935870e-001	-4.755895e-001	-4.919165e-001	-6.065736e-001	-7.000483e-001	-7.633462e-001	-8.894055e-001	-9.003528e-001	
