8.299496e-004	9.882637e-001	
1.141196e-003	9.861107e-001	
2.541700e-003	9.534012e-001	
2.473127e-003	9.540242e-001	
3.340195e-001	4.255374e-001	
2.045109e-003	9.615993e-001	
5.781339e-004	9.972827e-001	
6.670744e-001	1.880086e-001	
6.678094e-001	1.862065e-001	
3.397405e-001	4.191792e-001	
3.434331e-001	4.188344e-001	
1.541418e-002	9.050653e-001	
2.838502e-002	9.023444e-001	
3.266694e-002	9.022984e-001	
3.346405e-001	4.231292e-001	
3.388544e-001	4.208182e-001	
3.336397e-001	4.310452e-001	
5.326804e-004	1.002982e+000	
1.177566e-002	9.150124e-001	
1.292844e-002	9.150055e-001	
5.190159e-003	9.384441e-001	
3.364164e-001	4.226111e-001	
3.376348e-001	4.213850e-001	
6.690936e-001	1.843149e-001	
3.742604e-003	9.473539e-001	
5.799970e-003	9.304064e-001	
1.001040e+000	1.307869e-003	
7.862714e-003	9.205910e-001	
3.443929e-001	4.188183e-001	
6.706030e-001	1.836294e-001	
2.808405e-002	9.026372e-001	
8.387030e-003	9.195619e-001	
5.456161e-003	9.375555e-001	
5.519513e-003	9.352896e-001	
7.050708e-003	9.300122e-001	
1.039935e-002	9.170514e-001	
3.451116e-001	4.174419e-001	
2.790566e-002	9.030317e-001	
7.302270e-003	9.251106e-001	
4.963319e-003	9.405262e-001	
3.395819e-001	4.194953e-001	
6.709506e-001	1.829821e-001	
1.429568e-003	9.699836e-001	
1.998557e-002	9.040472e-001	
7.210898e-003	9.299653e-001	
3.205191e-003	9.483392e-001	
3.446175e-001	4.187997e-001	
3.407907e-001	4.190433e-001	
1.000094e+000	1.352151e-002	
4.336255e-002	9.004172e-001	
3.983270e-002	9.011037e-001	
1.102832e-003	9.861174e-001	
1.003496e+000	1.282413e-003	
3.345918e-001	4.235406e-001	
3.339716e-001	4.256020e-001	
5.890682e-004	9.962515e-001	
6.684334e-001	1.849510e-001	
1.000327e+000	2.980607e-003	
1.576093e-003	9.694763e-001	
1.000319e+000	9.623843e-003	
6.669772e-001	1.891578e-001	
2.241492e-003	9.601180e-001	
4.148882e-003	9.427528e-001	
3.371991e-001	4.219375e-001	
3.564931e-002	9.018347e-001	
