9.861317e-001	1.659647e-001	
9.538532e-001	3.002732e-001	
9.709042e-001	2.394683e-001	
9.935681e-001	1.132360e-001	
6.686141e-001	7.436096e-001	
6.123234e-017	1.000000e+000	
9.317075e-001	3.632096e-001	
4.516625e-001	8.921889e-001	
8.864506e-001	4.628232e-001	
7.931626e-001	6.090100e-001	
3.365746e-001	9.416568e-001	
1.000000e+000	0.000000e+000	
6.291732e-001	7.772652e-001	
7.693977e-001	6.387701e-001	
5.989476e-001	8.007882e-001	
5.453775e-001	8.381905e-001	
5.098994e-001	8.602341e-001	
8.701291e-001	4.928239e-001	
3.987005e-001	9.170812e-001	
2.001300e-001	9.797693e-001	
6.946073e-001	7.193891e-001	
7.200973e-001	6.938731e-001	
3.610892e-001	9.325313e-001	
1.676794e-001	9.858416e-001	
9.228850e-001	3.850757e-001	
9.633596e-001	2.682132e-001	
4.787841e-001	8.779327e-001	
8.388773e-001	5.443205e-001	
9.981270e-001	6.117667e-002	
2.674090e-001	9.635831e-001	
1.193934e-001	9.928470e-001	
5.797658e-001	8.147832e-001	
2.319521e-001	9.727272e-001	
2.967888e-001	9.549432e-001	
6.471613e-001	7.623531e-001	
9.441577e-001	3.294940e-001	
9.061218e-002	9.958863e-001	
7.465051e-001	6.653797e-001	
4.837864e-002	9.988291e-001	
9.077276e-001	4.195600e-001	
8.701291e-001	4.928239e-001	
7.465051e-001	6.653797e-001	
9.632863e-001	2.684762e-001	
8.341971e-001	5.514665e-001	
6.123234e-017	1.000000e+000	
5.360986e-001	8.441554e-001	
9.441577e-001	3.294940e-001	
7.719602e-001	6.356709e-001	
6.049962e-001	7.962283e-001	
9.228850e-001	3.850757e-001	
3.137772e-001	9.494967e-001	
6.946073e-001	7.193891e-001	
9.709042e-001	2.394683e-001	
3.840226e-001	9.233237e-001	
8.388773e-001	5.443205e-001	
2.001300e-001	9.797693e-001	
9.879565e-001	1.547318e-001	
4.787841e-001	8.779327e-001	
7.200973e-001	6.938731e-001	
1.000000e+000	0.000000e+000	
9.984039e-001	5.647734e-002	
4.354471e-002	9.990515e-001	
9.800268e-001	1.988654e-001	
6.291732e-001	7.772652e-001	
2.319521e-001	9.727272e-001	
4.141287e-001	9.102183e-001	
9.538532e-001	3.002732e-001	
5.098994e-001	8.602341e-001	
2.674090e-001	9.635831e-001	
3.516174e-001	9.361438e-001	
8.864506e-001	4.628232e-001	
7.931626e-001	6.090100e-001	
1.193934e-001	9.928470e-001	
5.660915e-001	8.243424e-001	
1.676794e-001	9.858416e-001	
8.136180e-001	5.813999e-001	
6.527161e-001	7.576026e-001	
9.935681e-001	1.132360e-001	
6.710849e-001	7.413805e-001	
8.293550e-002	9.965549e-001	
