1.341286e-001	9.909639e-001	
8.347775e-001	5.505875e-001	
9.951610e-001	9.825730e-002	
9.422868e-001	3.348067e-001	
1.000000e+000	0.000000e+000	
6.707157e-001	7.417146e-001	
2.667039e-001	9.637785e-001	
6.123234e-017	1.000000e+000	
7.968797e-001	6.041380e-001	
8.203111e-001	5.719175e-001	
9.901147e-001	1.402603e-001	
7.722182e-001	6.353575e-001	
9.835748e-001	1.805010e-001	
9.989108e-001	4.666118e-002	
9.288003e-001	3.705807e-001	
5.674878e-001	8.233818e-001	
9.645030e-001	2.640721e-001	
8.966652e-001	4.427093e-001	
5.381604e-001	8.428425e-001	
9.551303e-001	2.961858e-001	
9.115645e-001	4.111572e-001	
7.487533e-001	6.628488e-001	
6.508760e-001	7.591841e-001	
9.748436e-001	2.228899e-001	
1.854800e-001	9.826480e-001	
4.729874e-001	8.810692e-001	
3.375113e-001	9.413215e-001	
4.379148e-001	8.990165e-001	
3.975227e-001	9.175923e-001	
7.887857e-002	9.968842e-001	
7.242754e-001	6.895108e-001	
6.046656e-001	7.964795e-001	
6.046656e-001	7.964795e-001	
2.285633e-001	9.735290e-001	
2.997406e-001	9.540207e-001	
3.374435e-002	9.994305e-001	
5.029578e-001	8.643110e-001	
6.923213e-001	7.215894e-001	
3.711257e-001	9.285826e-001	
8.780295e-001	4.786065e-001	
1.000000e+000	0.000000e+000	
9.551303e-001	2.961858e-001	
3.711257e-001	9.285826e-001	
6.330049e-001	7.741478e-001	
4.729874e-001	8.810692e-001	
7.722182e-001	6.353575e-001	
2.667039e-001	9.637785e-001	
8.959353e-001	4.441847e-001	
7.487533e-001	6.628488e-001	
1.156768e-001	9.932869e-001	
9.901147e-001	1.402603e-001	
1.536152e-001	9.881308e-001	
5.029578e-001	8.643110e-001	
2.285633e-001	9.735290e-001	
7.242754e-001	6.895108e-001	
9.115645e-001	4.111572e-001	
4.059411e-001	9.138992e-001	
6.959136e-001	7.181255e-001	
6.123234e-017	1.000000e+000	
8.780295e-001	4.786065e-001	
7.968797e-001	6.041380e-001	
4.379148e-001	8.990165e-001	
2.997406e-001	9.540207e-001	
7.887857e-002	9.968842e-001	
6.046656e-001	7.964795e-001	
9.835748e-001	1.805010e-001	
9.748436e-001	2.228899e-001	
8.203111e-001	5.719175e-001	
3.348906e-001	9.422570e-001	
9.645030e-001	2.640721e-001	
6.698600e-001	7.424874e-001	
8.409127e-001	5.411708e-001	
1.919656e-001	9.814017e-001	
9.951610e-001	9.825730e-002	
8.575518e-001	5.143976e-001	
9.422868e-001	3.348067e-001	
5.334257e-001	8.458469e-001	
3.501204e-002	9.993869e-001	
5.593753e-001	8.289145e-001	
9.288003e-001	3.705807e-001	
