2.626208e-001	9.648991e-001	
5.270014e-001	8.498644e-001	
4.681896e-001	8.836280e-001	
4.479901e-002	9.989960e-001	
7.838120e-001	6.209982e-001	
6.504676e-001	7.595340e-001	
9.745200e-001	2.243004e-001	
5.533071e-001	8.329774e-001	
3.937473e-001	9.192187e-001	
9.856728e-001	1.686688e-001	
5.726922e-001	8.197705e-001	
3.411614e-001	9.400047e-001	
3.640891e-001	9.313641e-001	
9.268008e-001	3.755533e-001	
1.000000e+000	0.000000e+000	
1.339054e-001	9.909941e-001	
8.385614e-001	5.448071e-001	
9.379766e-001	3.466985e-001	
1.712189e-001	9.852330e-001	
8.117237e-001	5.840417e-001	
8.958699e-001	4.443164e-001	
7.103462e-001	7.038525e-001	
8.776425e-001	4.793159e-001	
6.336250e-001	7.736403e-001	
9.161520e-001	4.008311e-001	
6.123234e-017	1.000000e+000	
8.563416e-001	5.164098e-001	
7.344142e-001	6.787015e-001	
4.275531e-001	9.039902e-001	
9.619817e-001	2.731139e-001	
6.760087e-001	7.368937e-001	
4.983614e-001	8.669694e-001	
3.089525e-001	9.510775e-001	
9.983848e-001	5.681346e-002	
6.007827e-001	7.994124e-001	
9.942066e-001	1.074859e-001	
7.572422e-001	6.531342e-001	
9.159938e-002	9.957959e-001	
2.099544e-001	9.777112e-001	
9.502381e-001	3.115245e-001	
2.626208e-001	9.648991e-001	
9.983848e-001	5.681346e-002	
8.672395e-001	4.978913e-001	
5.714473e-001	8.206388e-001	
9.905421e-001	1.372089e-001	
4.163410e-001	9.092085e-001	
8.117237e-001	5.840417e-001	
3.602849e-001	9.328423e-001	
9.523717e-001	3.049396e-001	
6.007827e-001	7.994124e-001	
8.523742e-001	5.229323e-001	
8.324345e-001	5.541234e-001	
7.555760e-001	6.550610e-001	
5.270014e-001	8.498644e-001	
4.740045e-001	8.805224e-001	
9.425861e-001	3.339633e-001	
9.643309e-001	2.646998e-001	
2.257182e-001	9.741926e-001	
4.476284e-001	8.942197e-001	
3.937473e-001	9.192187e-001	
4.479901e-002	9.989960e-001	
9.955411e-001	9.432858e-002	
6.504676e-001	7.595340e-001	
9.161520e-001	4.008311e-001	
9.758627e-001	2.183849e-001	
3.089525e-001	9.510775e-001	
1.339054e-001	9.909941e-001	
8.958699e-001	4.443164e-001	
6.760087e-001	7.368937e-001	
1.814424e-001	9.834016e-001	
7.103462e-001	7.038525e-001	
9.843884e-001	1.760101e-001	
9.159938e-002	9.957959e-001	
8.806981e-001	4.736781e-001	
7.344142e-001	6.787015e-001	
4.983614e-001	8.669694e-001	
1.000000e+000	0.000000e+000	
9.325515e-001	3.610369e-001	
6.289199e-001	7.774701e-001	
6.123234e-017	1.000000e+000	
