8.419817e-001	5.395061e-001	
4.568881e-001	8.895242e-001	
2.504667e-001	9.681252e-001	
4.326489e-002	9.990636e-001	
9.855607e-001	1.693224e-001	
5.267138e-001	8.500427e-001	
8.241028e-001	5.664402e-001	
5.654000e-001	8.248168e-001	
3.868182e-001	9.221560e-001	
9.142779e-001	4.050876e-001	
9.470279e-001	3.211512e-001	
4.154460e-001	9.096179e-001	
6.962368e-001	7.178121e-001	
8.347668e-002	9.965097e-001	
6.422726e-001	7.664763e-001	
8.969223e-001	4.421881e-001	
9.315627e-001	3.635807e-001	
9.939280e-001	1.100328e-001	
4.878491e-001	8.729280e-001	
9.907821e-001	1.354653e-001	
7.703577e-001	6.376120e-001	
9.698158e-001	2.438386e-001	
8.637844e-001	5.038615e-001	
7.512475e-001	6.600206e-001	
9.981484e-001	6.082600e-002	
8.092906e-001	5.874085e-001	
9.614809e-001	2.748716e-001	
6.123234e-017	1.000000e+000	
1.725046e-001	9.850087e-001	
5.913256e-001	8.064329e-001	
3.068826e-001	9.517474e-001	
6.715919e-001	7.409212e-001	
7.879256e-001	6.157705e-001	
6.221108e-001	7.829292e-001	
9.765696e-001	2.152019e-001	
3.475278e-001	9.376697e-001	
8.790540e-001	4.767222e-001	
2.114120e-001	9.773970e-001	
7.147455e-001	6.993847e-001	
1.000000e+000	0.000000e+000	
8.421394e-001	5.392599e-001	
7.879256e-001	6.157705e-001	
9.855607e-001	1.693224e-001	
9.698158e-001	2.438386e-001	
8.790540e-001	4.767222e-001	
8.637844e-001	5.038615e-001	
8.092906e-001	5.874085e-001	
1.274173e-001	9.918492e-001	
2.868485e-001	9.579760e-001	
4.568881e-001	8.895242e-001	
1.000000e+000	0.000000e+000	
5.148023e-001	8.573089e-001	
8.969223e-001	4.421881e-001	
5.940254e-001	8.044463e-001	
4.326489e-002	9.990636e-001	
9.907821e-001	1.354653e-001	
6.221108e-001	7.829292e-001	
5.399440e-001	8.417010e-001	
3.270690e-001	9.450005e-001	
9.779071e-001	2.090399e-001	
7.703577e-001	6.376120e-001	
6.665938e-001	7.454211e-001	
9.614809e-001	2.748716e-001	
9.142779e-001	4.050876e-001	
7.440329e-001	6.681429e-001	
7.147455e-001	6.993847e-001	
4.154460e-001	9.096179e-001	
6.440880e-001	7.649514e-001	
2.114120e-001	9.773970e-001	
3.606294e-001	9.327092e-001	
6.123234e-017	1.000000e+000	
9.470279e-001	3.211512e-001	
6.880994e-001	7.256164e-001	
1.725046e-001	9.850087e-001	
4.878491e-001	8.729280e-001	
9.315627e-001	3.635807e-001	
5.654000e-001	8.248168e-001	
9.989608e-001	4.557666e-002	
8.347668e-002	9.965097e-001	
9.958429e-001	9.108791e-002	
