4.722502e-001	8.814646e-001	
7.991468e-001	6.011360e-001	
6.000181e-001	7.999864e-001	
8.816513e-001	4.719015e-001	
2.499271e-001	9.682647e-001	
5.141850e-001	8.576793e-001	
2.142952e-001	9.767689e-001	
8.616678e-001	5.074728e-001	
8.407221e-001	5.414669e-001	
5.719283e-001	8.203036e-001	
7.056535e-001	7.085571e-001	
6.749214e-001	7.378896e-001	
1.000000e+000	0.000000e+000	
9.769970e-001	2.132529e-001	
6.123234e-017	1.000000e+000	
1.000000e+000	0.000000e+000	
9.954068e-001	9.573513e-002	
6.499247e-001	7.599986e-001	
5.705816e-002	9.983709e-001	
1.406050e-001	9.900658e-001	
3.617562e-001	9.322727e-001	
9.680006e-001	2.509477e-001	
9.841783e-001	1.771810e-001	
9.000304e-001	4.358272e-001	
9.299337e-001	3.677273e-001	
7.830955e-001	6.219014e-001	
7.681359e-001	6.402868e-001	
1.007145e-001	9.949154e-001	
9.430874e-001	3.325449e-001	
9.897964e-001	1.424888e-001	
9.146299e-001	4.042921e-001	
5.431936e-001	8.396075e-001	
6.248846e-001	7.807171e-001	
8.208843e-001	5.710945e-001	
9.562940e-001	2.924068e-001	
9.977094e-001	6.764635e-002	
2.949783e-001	9.555039e-001	
7.278597e-001	6.857261e-001	
7.495332e-001	6.619667e-001	
3.247881e-001	9.457868e-001	
4.337301e-001	9.010429e-001	
9.329499e-001	3.600062e-001	
9.760680e-001	2.174656e-001	
8.820436e-001	4.711679e-001	
6.000181e-001	7.999864e-001	
6.367813e-001	7.710445e-001	
1.406050e-001	9.900658e-001	
3.965896e-001	9.179960e-001	
8.407221e-001	5.414669e-001	
6.749214e-001	7.378896e-001	
9.841783e-001	1.771810e-001	
9.476750e-001	3.192367e-001	
9.562940e-001	2.924068e-001	
5.018501e-001	8.649546e-001	
9.029853e-001	4.296714e-001	
9.146299e-001	4.042921e-001	
8.579520e-001	5.137299e-001	
6.123234e-017	1.000000e+000	
7.056535e-001	7.085571e-001	
3.247881e-001	9.457868e-001	
9.900121e-001	1.409827e-001	
7.991468e-001	6.011360e-001	
5.650596e-001	8.250501e-001	
5.332346e-001	8.459674e-001	
3.617562e-001	9.322727e-001	
2.142952e-001	9.767689e-001	
8.216340e-001	5.700154e-001	
9.680006e-001	2.509477e-001	
9.975761e-001	6.958432e-002	
8.137993e-002	9.966832e-001	
4.722502e-001	8.814646e-001	
1.000000e+000	0.000000e+000	
7.830955e-001	6.219014e-001	
7.330630e-001	6.801608e-001	
2.949783e-001	9.555039e-001	
1.763817e-001	9.843218e-001	
9.996143e-001	2.777267e-002	
2.872214e-002	9.995874e-001	
9.954068e-001	9.573513e-002	
7.586504e-001	6.514979e-001	
