7.396772e-001	6.729619e-001	
8.919196e-001	4.521939e-001	
2.489961e-001	9.685045e-001	
6.502036e-001	7.597600e-001	
5.429726e-001	8.397504e-001	
3.455472e-001	9.384014e-001	
7.862704e-001	6.178826e-001	
3.765837e-001	9.263826e-001	
9.961636e-001	8.751084e-002	
2.088145e-001	9.779553e-001	
9.036861e-001	4.281955e-001	
1.000000e+000	0.000000e+000	
6.123234e-017	1.000000e+000	
9.994502e-001	3.315701e-002	
9.539631e-001	2.999241e-001	
6.423507e-001	7.664108e-001	
5.697295e-001	8.218323e-001	
6.889933e-001	7.247677e-001	
4.797645e-001	8.773973e-001	
9.901340e-001	1.401239e-001	
9.837229e-001	1.796919e-001	
7.163457e-001	6.977456e-001	
5.167237e-002	9.986641e-001	
9.159831e-001	4.012168e-001	
7.620712e-001	6.474932e-001	
9.260621e-001	3.773711e-001	
9.728008e-001	2.316434e-001	
2.977542e-001	9.546426e-001	
8.550331e-001	5.185735e-001	
5.102294e-001	8.600384e-001	
5.941743e-001	8.043363e-001	
8.102552e-001	5.860773e-001	
3.980397e-001	9.173682e-001	
9.489536e-002	9.954873e-001	
1.709045e-001	9.852876e-001	
8.721460e-001	4.892457e-001	
1.249027e-001	9.921690e-001	
9.390718e-001	3.437210e-001	
8.381851e-001	5.453859e-001	
4.386107e-001	8.986772e-001	
8.718211e-001	4.898244e-001	
6.635476e-001	7.481340e-001	
6.062982e-001	7.952374e-001	
9.036861e-001	4.281955e-001	
9.424489e-001	3.343501e-001	
9.994502e-001	3.315701e-002	
6.889933e-001	7.247677e-001	
9.558610e-001	2.938193e-001	
7.163457e-001	6.977456e-001	
7.396772e-001	6.729619e-001	
9.901340e-001	1.401239e-001	
2.510855e-001	9.679649e-001	
5.102294e-001	8.600384e-001	
5.697295e-001	8.218323e-001	
7.754286e-001	6.314352e-001	
8.102552e-001	5.860773e-001	
9.726705e-001	2.321897e-001	
4.797645e-001	8.773973e-001	
2.088145e-001	9.779553e-001	
8.315051e-001	5.555170e-001	
5.167237e-002	9.986641e-001	
8.550331e-001	5.185735e-001	
2.977542e-001	9.546426e-001	
8.892600e-001	4.574021e-001	
1.709045e-001	9.852876e-001	
1.249027e-001	9.921690e-001	
5.429726e-001	8.397504e-001	
9.260621e-001	3.773711e-001	
3.734987e-001	9.276307e-001	
9.961636e-001	8.751084e-002	
4.386107e-001	8.986772e-001	
7.980637e-001	6.025730e-001	
4.108825e-001	9.116883e-001	
6.123234e-017	1.000000e+000	
9.637173e-001	2.669249e-001	
9.489536e-002	9.954873e-001	
1.000000e+000	0.000000e+000	
6.306767e-001	7.760457e-001	
9.799198e-001	1.993918e-001	
3.455472e-001	9.384014e-001	
