4.576434e-001	8.891358e-001	
7.074017e-001	7.068118e-001	
9.019382e-001	4.318652e-001	
9.975037e-001	7.061409e-002	
1.000000e+000	0.000000e+000	
8.436862e-001	5.368367e-001	
4.209940e-001	9.070634e-001	
6.525821e-001	7.577180e-001	
2.787508e-001	9.603635e-001	
3.199302e-001	9.474411e-001	
8.268819e-001	5.623756e-001	
5.617008e-001	8.273405e-001	
7.269921e-001	6.866458e-001	
7.588210e-001	6.512992e-001	
8.618396e-001	5.071809e-001	
8.053889e-001	5.927468e-001	
9.426965e-001	3.336515e-001	
6.123234e-017	1.000000e+000	
3.648503e-001	9.310662e-001	
1.175013e-001	9.930727e-001	
6.331981e-001	7.739898e-001	
2.360998e-001	9.717288e-001	
5.811774e-001	8.137769e-001	
9.651399e-001	2.617346e-001	
6.837541e-001	7.297125e-001	
6.084101e-001	7.936228e-001	
1.998664e-001	9.798232e-001	
4.906270e-001	8.713697e-001	
9.308903e-001	3.652988e-001	
8.804920e-001	4.740610e-001	
9.992915e-001	3.763708e-002	
9.945367e-001	1.043878e-001	
9.733535e-001	2.293099e-001	
5.393587e-002	9.985444e-001	
9.541277e-001	2.993999e-001	
9.894213e-001	1.450710e-001	
9.815578e-001	1.911655e-001	
7.772245e-001	6.292234e-001	
1.631452e-001	9.866021e-001	
5.297996e-001	8.481228e-001	
8.804920e-001	4.740610e-001	
1.000000e+000	0.000000e+000	
9.975037e-001	7.061409e-002	
6.123234e-017	1.000000e+000	
7.031726e-001	7.110192e-001	
7.588210e-001	6.512992e-001	
8.900426e-001	4.558775e-001	
4.576434e-001	8.891358e-001	
1.994449e-001	9.799090e-001	
3.566779e-001	9.342274e-001	
9.733535e-001	2.293099e-001	
9.815578e-001	1.911655e-001	
6.525821e-001	7.577180e-001	
9.992915e-001	3.763708e-002	
9.945367e-001	1.043878e-001	
8.053889e-001	5.927468e-001	
9.894213e-001	1.450710e-001	
5.586095e-001	8.294308e-001	
6.084101e-001	7.936228e-001	
5.235637e-001	8.519865e-001	
6.770753e-001	7.359138e-001	
2.360998e-001	9.717288e-001	
8.436862e-001	5.368367e-001	
9.541277e-001	2.993999e-001	
9.651399e-001	2.617346e-001	
9.955161e-002	9.950324e-001	
8.268819e-001	5.623756e-001	
9.019382e-001	4.318652e-001	
8.622572e-001	5.064706e-001	
7.772245e-001	6.292234e-001	
5.811774e-001	8.137769e-001	
9.426965e-001	3.336515e-001	
5.356706e-001	8.444271e-001	
2.787508e-001	9.603635e-001	
5.393587e-002	9.985444e-001	
7.315330e-001	6.818060e-001	
4.209940e-001	9.070634e-001	
9.169120e-001	3.990895e-001	
9.296989e-001	3.683205e-001	
3.199302e-001	9.474411e-001	
