9.102369e-001	4.140880e-001	
2.704151e-001	9.627438e-001	
3.266110e-001	9.451588e-001	
6.123234e-017	1.000000e+000	
7.397869e-001	6.728412e-001	
4.161234e-001	9.093081e-001	
2.341724e-001	9.721951e-001	
6.590496e-001	7.520995e-001	
9.385516e-001	3.451390e-001	
8.428725e-001	5.381133e-001	
7.203437e-001	6.936173e-001	
4.578821e-001	8.890129e-001	
7.562034e-002	9.971367e-001	
1.000000e+000	0.000000e+000	
4.992497e-001	8.664582e-001	
9.913702e-001	1.310923e-001	
1.655970e-001	9.861935e-001	
5.998475e-001	8.001144e-001	
2.326628e-002	9.997293e-001	
9.646704e-001	2.634595e-001	
9.277788e-001	3.731306e-001	
6.841938e-001	7.293002e-001	
1.983897e-001	9.801232e-001	
9.729190e-001	2.311464e-001	
2.928616e-001	9.561548e-001	
9.842514e-001	1.767743e-001	
8.627312e-001	5.056628e-001	
9.965846e-001	8.257826e-002	
9.992196e-001	3.949813e-002	
3.835626e-001	9.235149e-001	
6.364988e-001	7.712777e-001	
8.000487e-001	5.999351e-001	
1.272025e-001	9.918768e-001	
8.233807e-001	5.674894e-001	
9.553122e-001	2.955987e-001	
3.573320e-001	9.339774e-001	
5.341757e-001	8.453735e-001	
8.803777e-001	4.742732e-001	
7.562708e-001	6.542587e-001	
7.747152e-001	6.323103e-001	
9.646704e-001	2.634595e-001	
6.123234e-017	1.000000e+000	
8.971326e-001	4.417613e-001	
1.000000e+000	0.000000e+000	
7.747152e-001	6.323103e-001	
7.224494e-001	6.914238e-001	
7.003167e-001	7.138323e-001	
8.696489e-001	4.936707e-001	
1.983897e-001	9.801232e-001	
5.650503e-001	8.250564e-001	
6.323773e-001	7.746606e-001	
1.584354e-001	9.873693e-001	
4.161234e-001	9.093081e-001	
4.995933e-001	8.662601e-001	
9.913702e-001	1.310923e-001	
9.553122e-001	2.955987e-001	
2.928616e-001	9.561548e-001	
4.578821e-001	8.890129e-001	
3.763195e-001	9.264900e-001	
9.729190e-001	2.311464e-001	
8.233807e-001	5.674894e-001	
7.562034e-002	9.971367e-001	
2.326628e-002	9.997293e-001	
9.102369e-001	4.140880e-001	
9.992196e-001	3.949813e-002	
3.379307e-001	9.411710e-001	
9.965846e-001	8.257826e-002	
1.276617e-001	9.918178e-001	
7.516053e-001	6.596132e-001	
6.590496e-001	7.520995e-001	
8.785402e-001	4.776684e-001	
5.390596e-001	8.422676e-001	
2.341724e-001	9.721951e-001	
8.490567e-001	5.283017e-001	
2.704151e-001	9.627438e-001	
9.344490e-001	3.560969e-001	
8.021289e-001	5.971509e-001	
5.998475e-001	8.001144e-001	
6.841938e-001	7.293002e-001	
9.842514e-001	1.767743e-001	
