1.417723e-001	9.898993e-001	
3.033066e-001	9.528930e-001	
9.855424e-001	1.694290e-001	
7.850131e-001	6.194792e-001	
8.450355e-001	5.347102e-001	
9.165666e-001	3.998820e-001	
7.673169e-001	6.412681e-001	
5.255123e-001	8.507860e-001	
3.408602e-001	9.401140e-001	
8.580076e-001	5.136369e-001	
1.000000e+000	0.000000e+000	
9.961810e-001	8.731247e-002	
9.505419e-001	3.105963e-001	
6.060095e-001	7.954574e-001	
8.045568e-001	5.938757e-001	
6.929122e-001	7.210220e-001	
6.611835e-001	7.502242e-001	
7.205438e-001	6.934094e-001	
8.739914e-001	4.859415e-001	
9.992436e-001	3.888701e-002	
9.337736e-001	3.578644e-001	
8.948579e-001	4.463512e-001	
8.252966e-001	5.646994e-001	
4.040541e-001	9.147351e-001	
4.345915e-001	9.006277e-001	
3.694913e-001	9.292342e-001	
5.777688e-001	8.162005e-001	
1.860933e-001	9.825321e-001	
7.483079e-001	6.633516e-001	
2.335976e-001	9.723334e-001	
6.123234e-017	1.000000e+000	
1.126310e-001	9.936369e-001	
9.910992e-001	1.331257e-001	
2.197872e-002	9.997584e-001	
9.650861e-001	2.619327e-001	
6.285209e-001	7.777927e-001	
4.996685e-001	8.662167e-001	
4.650057e-001	8.853077e-001	
9.778504e-001	2.093052e-001	
7.406120e-002	9.972537e-001	
9.368967e-001	3.496063e-001	
7.673169e-001	6.412681e-001	
8.773978e-001	4.797635e-001	
1.000000e+000	0.000000e+000	
9.256327e-001	3.784232e-001	
4.629793e-002	9.989277e-001	
7.483079e-001	6.633516e-001	
6.574359e-001	7.535105e-001	
2.129186e-001	9.770699e-001	
5.209916e-001	8.535618e-001	
9.810179e-001	1.939172e-001	
5.683553e-001	8.227832e-001	
1.129472e-001	9.936010e-001	
9.961810e-001	8.731247e-002	
3.694913e-001	9.292342e-001	
9.505419e-001	3.105963e-001	
3.408602e-001	9.401140e-001	
9.992436e-001	3.888701e-002	
4.422933e-001	8.968705e-001	
8.646614e-001	5.023551e-001	
8.252966e-001	5.646994e-001	
7.406120e-002	9.972537e-001	
9.612550e-001	2.756606e-001	
6.123234e-017	1.000000e+000	
2.585493e-001	9.659981e-001	
8.893268e-001	4.572721e-001	
9.056970e-001	4.239256e-001	
3.033066e-001	9.528930e-001	
1.417723e-001	9.898993e-001	
9.711418e-001	2.385027e-001	
6.285209e-001	7.777927e-001	
3.984552e-001	9.171878e-001	
1.860933e-001	9.825321e-001	
5.955537e-001	8.033155e-001	
9.899792e-001	1.412133e-001	
7.205438e-001	6.934094e-001	
7.951533e-001	6.064085e-001	
6.868645e-001	7.267855e-001	
8.450355e-001	5.347102e-001	
4.755352e-001	8.796967e-001	
