1.548968e-001	9.879307e-001	
6.532673e-001	7.571273e-001	
9.442161e-001	3.293265e-001	
8.114133e-001	5.844728e-001	
3.761482e-001	9.265595e-001	
9.817983e-001	1.899265e-001	
1.000000e+000	0.000000e+000	
6.769279e-001	7.360494e-001	
3.397894e-001	9.405015e-001	
8.303776e-001	5.572011e-001	
6.123234e-017	1.000000e+000	
9.168974e-001	3.991230e-001	
7.537025e-001	6.572157e-001	
9.884317e-001	1.516668e-001	
4.925024e-001	8.703111e-001	
2.150151e-001	9.766107e-001	
9.697302e-002	9.952870e-001	
2.963988e-001	9.550643e-001	
9.313499e-001	3.641254e-001	
5.490819e-001	8.357685e-001	
5.803791e-001	8.143464e-001	
8.809877e-001	4.731391e-001	
8.471011e-001	5.314317e-001	
4.096612e-001	9.122377e-001	
2.567791e-001	9.664701e-001	
6.325571e-001	7.745137e-001	
7.079175e-001	7.062951e-001	
8.980889e-001	4.398140e-001	
6.138780e-001	7.894009e-001	
8.603182e-001	5.097574e-001	
9.642848e-001	2.648675e-001	
9.995605e-001	2.964514e-002	
9.735239e-001	2.285851e-001	
4.409668e-001	8.975234e-001	
4.710371e-001	8.821134e-001	
5.178647e-001	8.554626e-001	
9.533897e-001	3.017417e-001	
5.368864e-002	9.985577e-001	
7.800073e-001	6.257704e-001	
7.344122e-001	6.787037e-001	
8.051207e-001	5.931111e-001	
9.642848e-001	2.648675e-001	
9.543151e-001	2.988020e-001	
3.397894e-001	9.405015e-001	
2.150151e-001	9.766107e-001	
9.980951e-001	6.169350e-002	
3.761482e-001	9.265595e-001	
9.429210e-001	3.330166e-001	
7.079175e-001	7.062951e-001	
2.963988e-001	9.550643e-001	
2.567791e-001	9.664701e-001	
6.123234e-017	1.000000e+000	
6.532673e-001	7.571273e-001	
9.697302e-002	9.952870e-001	
8.846476e-001	4.662602e-001	
5.368864e-002	9.985577e-001	
5.178647e-001	8.554626e-001	
6.073097e-001	7.944652e-001	
4.096612e-001	9.122377e-001	
6.769279e-001	7.360494e-001	
8.303776e-001	5.572011e-001	
7.780261e-001	6.282319e-001	
9.817983e-001	1.899265e-001	
9.191397e-001	3.939318e-001	
7.344122e-001	6.787037e-001	
9.735239e-001	2.285851e-001	
1.000000e+000	0.000000e+000	
9.048259e-001	4.257818e-001	
8.603182e-001	5.097574e-001	
4.710371e-001	8.821134e-001	
8.471011e-001	5.314317e-001	
9.937969e-001	1.112100e-001	
1.740741e-001	9.847326e-001	
5.803791e-001	8.143464e-001	
5.490819e-001	8.357685e-001	
7.567374e-001	6.537190e-001	
9.884317e-001	1.516668e-001	
4.409668e-001	8.975234e-001	
9.313499e-001	3.641254e-001	
1.305268e-001	9.914448e-001	
