2.528261e-002	9.897521e-001	
4.001478e-003	9.934601e-001	
2.609606e-003	9.944231e-001	
9.905141e-003	9.912724e-001	
5.306519e-003	9.928298e-001	
7.734775e-003	9.918584e-001	
5.191803e-003	9.929284e-001	
2.257516e-003	9.947582e-001	
1.568956e-002	9.902963e-001	
9.498516e-003	9.913582e-001	
1.322755e-002	9.906304e-001	
1.341118e-002	9.905936e-001	
4.142272e-003	9.933758e-001	
3.819244e-003	9.935949e-001	
6.850860e-003	9.921574e-001	
1.618969e-002	9.902495e-001	
1.698321e-002	9.901508e-001	
7.437542e-003	9.919560e-001	
3.259374e-003	9.939500e-001	
9.625386e-006	9.995040e-001	
1.809234e-002	9.900598e-001	
1.526678e-003	9.954791e-001	
1.308210e-003	9.957519e-001	
2.148408e-002	9.898520e-001	
4.945307e-003	9.930176e-001	
7.156259e-003	9.920458e-001	
4.026663e-004	9.974263e-001	
1.965979e-002	9.899426e-001	
8.698014e-003	9.915730e-001	
8.075934e-004	9.965458e-001	
9.243212e-003	9.914661e-001	
6.259162e-003	9.924281e-001	
1.022175e-002	9.911852e-001	
5.433223e-004	9.970569e-001	
1.394346e-002	9.905096e-001	
2.510299e-003	9.944970e-001	
1.123215e-002	9.909761e-001	
1.123215e-002	9.909761e-001	
1.497076e-003	9.955523e-001	
0.000000e+000	1.000000e+000	
1.233570e-003	9.958718e-001	
5.741908e-003	9.925888e-001	
1.279905e-002	9.906926e-001	
3.107036e-003	9.940807e-001	
1.252378e-002	9.907341e-001	
1.217220e-002	9.907906e-001	
1.776991e-003	9.951932e-001	
1.927696e-002	9.899669e-001	
8.106884e-003	9.917716e-001	
2.019743e-002	9.899181e-001	
1.733606e-002	9.901284e-001	
2.063649e-003	9.949100e-001	
1.366914e-002	9.905536e-001	
1.230748e-004	9.985697e-001	
2.272132e-002	9.898014e-001	
2.768809e-003	9.943178e-001	
2.092942e-002	9.898729e-001	
2.018157e-002	9.899191e-001	
2.388900e-004	9.979507e-001	
2.388900e-004	9.979507e-001	
2.121903e-002	9.898688e-001	
2.327393e-002	9.897853e-001	
2.370481e-002	9.897805e-001	
7.160669e-004	9.967000e-001	
4.767597e-004	9.972132e-001	
1.878611e-002	9.900073e-001	
1.847736e-002	9.900322e-001	
7.521789e-006	9.995697e-001	
4.623529e-005	9.990059e-001	
4.623529e-005	9.990059e-001	
1.457003e-004	9.983655e-001	
7.958581e-003	9.918529e-001	
9.985032e-004	9.962058e-001	
2.493437e-002	9.897570e-001	
1.447847e-002	9.904373e-001	
2.225714e-002	9.898438e-001	
1.064129e-002	9.911135e-001	
2.566325e-002	9.897453e-001	
1.657765e-003	9.953248e-001	
1.159109e-002	9.909044e-001	
4.776570e-003	9.930884e-001	
2.943103e-003	9.942137e-001	
5.414442e-003	9.927427e-001	
1.790395e-002	9.900715e-001	
1.899579e-003	9.951068e-001	
6.509573e-003	9.923005e-001	
8.374112e-003	9.916624e-001	
4.350348e-003	9.932655e-001	
8.894941e-003	9.915223e-001	
6.634455e-003	9.922615e-001	
6.172550e-004	9.968926e-001	
1.644020e-002	9.902047e-001	
2.335137e-003	9.946704e-001	
3.409029e-003	9.938274e-001	
1.130605e-003	9.960654e-001	
4.549694e-003	9.931929e-001	
1.487192e-002	9.903861e-001	
1.527923e-002	9.903471e-001	
5.989571e-003	9.924881e-001	
8.200077e-004	9.964939e-001	
