6.694086e-001	7.428944e-001	
7.318015e-001	6.815178e-001	
8.130320e-001	5.822190e-001	
5.071394e-001	8.618640e-001	
7.576550e-001	6.526553e-001	
6.461790e-001	7.631859e-001	
9.935295e-001	1.135742e-001	
9.430066e-001	3.327741e-001	
8.309171e-001	5.563962e-001	
1.354549e-001	9.907835e-001	
8.544618e-001	5.195141e-001	
5.329475e-001	8.461483e-001	
9.884446e-001	1.515827e-001	
9.966959e-001	8.122357e-002	
7.055446e-001	7.086655e-001	
2.031750e-001	9.791424e-001	
7.700871e-001	6.379387e-001	
2.460732e-001	9.692512e-001	
9.206480e-001	3.903938e-001	
9.316980e-001	3.632338e-001	
2.849122e-001	9.585536e-001	
9.798678e-001	1.996476e-001	
1.000000e+000	0.000000e+000	
7.998677e-001	6.001764e-001	
4.416159e-001	8.972042e-001	
1.742153e-001	9.847076e-001	
8.884699e-001	4.589349e-001	
9.565133e-001	2.916888e-001	
8.692593e-001	4.943564e-001	
3.284018e-001	9.445381e-001	
5.535473e-001	8.328178e-001	
9.990276e-001	4.408836e-002	
3.662794e-001	9.305049e-001	
4.710360e-001	8.821140e-001	
5.902457e-001	8.072237e-001	
6.235340e-001	7.817963e-001	
6.123234e-017	1.000000e+000	
5.427236e-002	9.985262e-001	
9.673459e-001	2.534599e-001	
4.029324e-001	9.152297e-001	
5.651971e-001	8.249559e-001	
5.329475e-001	8.461483e-001	
2.849122e-001	9.585536e-001	
8.544618e-001	5.195141e-001	
6.123234e-017	1.000000e+000	
5.945324e-001	8.040717e-001	
6.950315e-001	7.189793e-001	
8.309171e-001	5.563962e-001	
1.354549e-001	9.907835e-001	
9.676627e-001	2.522477e-001	
2.031750e-001	9.791424e-001	
4.416159e-001	8.972042e-001	
7.164924e-001	6.975949e-001	
8.130320e-001	5.822190e-001	
8.470198e-002	9.964063e-001	
1.742153e-001	9.847076e-001	
9.763801e-001	2.160599e-001	
9.465851e-001	3.224542e-001	
8.884699e-001	4.589349e-001	
4.710360e-001	8.821140e-001	
6.461790e-001	7.631859e-001	
9.935295e-001	1.135742e-001	
4.060040e-001	9.138713e-001	
7.395307e-001	6.731229e-001	
9.316980e-001	3.632338e-001	
9.577218e-001	2.876959e-001	
6.694086e-001	7.428944e-001	
7.576550e-001	6.526553e-001	
3.662794e-001	9.305049e-001	
9.206480e-001	3.903938e-001	
5.071394e-001	8.618640e-001	
1.000000e+000	0.000000e+000	
8.718713e-001	4.897351e-001	
9.966959e-001	8.122357e-002	
9.992068e-001	3.982210e-002	
2.460732e-001	9.692512e-001	
3.541181e-002	9.993728e-001	
7.985264e-001	6.019598e-001	
9.060696e-001	4.231286e-001	
3.284018e-001	9.445381e-001	
