9.327128e-001	3.606199e-001	
9.760403e-001	2.175896e-001	
6.123234e-017	1.000000e+000	
5.242134e-001	8.515869e-001	
9.458320e-001	3.246565e-001	
8.748605e-001	4.843749e-001	
3.196466e-001	9.475368e-001	
1.316756e-001	9.912929e-001	
9.898741e-001	1.419484e-001	
1.000000e+000	0.000000e+000	
9.989976e-001	4.476294e-002	
5.573421e-001	8.302829e-001	
9.206771e-001	3.903250e-001	
3.542046e-001	9.351679e-001	
5.877527e-001	8.090406e-001	
9.051019e-001	4.251948e-001	
7.410925e-001	6.714030e-001	
9.951729e-001	9.813677e-002	
6.961218e-001	7.179237e-001	
8.926122e-002	9.960083e-001	
4.117687e-002	9.991519e-001	
8.385549e-001	5.448171e-001	
8.885813e-001	4.587191e-001	
4.995897e-001	8.662622e-001	
7.191624e-001	6.948420e-001	
6.406238e-001	7.678549e-001	
8.549553e-001	5.187017e-001	
7.642139e-001	6.449629e-001	
2.787523e-001	9.603630e-001	
9.562603e-001	2.925169e-001	
1.692852e-001	9.855671e-001	
4.720950e-001	8.815477e-001	
8.167849e-001	5.769423e-001	
4.327608e-001	9.015088e-001	
6.164392e-001	7.874025e-001	
7.909483e-001	6.118830e-001	
9.845312e-001	1.752095e-001	
9.662908e-001	2.574531e-001	
6.748783e-001	7.379290e-001	
3.980644e-001	9.173575e-001	
1.316756e-001	9.912929e-001	
8.790093e-001	4.768046e-001	
6.748783e-001	7.379290e-001	
4.995897e-001	8.662622e-001	
2.917925e-001	9.564816e-001	
7.410925e-001	6.714030e-001	
5.877527e-001	8.090406e-001	
8.487116e-001	5.288560e-001	
4.117687e-002	9.991519e-001	
3.542046e-001	9.351679e-001	
8.926122e-002	9.960083e-001	
9.898741e-001	1.419484e-001	
1.692852e-001	9.855671e-001	
2.211439e-001	9.752412e-001	
9.653051e-001	2.611245e-001	
9.327128e-001	3.606199e-001	
7.642139e-001	6.449629e-001	
7.012738e-001	7.128921e-001	
9.458320e-001	3.246565e-001	
1.000000e+000	0.000000e+000	
8.658784e-001	5.002546e-001	
4.327608e-001	9.015088e-001	
9.957862e-001	9.170574e-002	
8.068641e-001	5.907371e-001	
9.845312e-001	1.752095e-001	
3.965902e-001	9.179958e-001	
6.406238e-001	7.678549e-001	
9.989976e-001	4.476294e-002	
7.191624e-001	6.948420e-001	
7.909483e-001	6.118830e-001	
8.307114e-001	5.567033e-001	
3.093684e-001	9.509423e-001	
9.206771e-001	3.903250e-001	
6.164392e-001	7.874025e-001	
4.666607e-001	8.844364e-001	
8.972451e-001	4.415327e-001	
6.123234e-017	1.000000e+000	
9.756814e-001	2.191933e-001	
9.562603e-001	2.925169e-001	
5.536225e-001	8.327678e-001	
