9.875191e-001	1.574992e-001	
8.748869e-001	4.843272e-001	
6.455843e-001	7.636891e-001	
9.719870e-001	2.350347e-001	
9.941888e-001	1.076503e-001	
3.616675e-001	9.323072e-001	
1.063692e-001	9.943267e-001	
9.028882e-001	4.298755e-001	
9.560772e-001	2.931149e-001	
1.000000e+000	0.000000e+000	
7.635609e-001	6.457358e-001	
6.225599e-001	7.825721e-001	
2.754261e-001	9.613223e-001	
5.708877e-002	9.983691e-001	
8.885186e-001	4.588405e-001	
5.992300e-001	8.005769e-001	
8.427304e-001	5.383359e-001	
4.943043e-001	8.692890e-001	
7.182993e-001	6.957343e-001	
9.981058e-001	6.152096e-002	
6.123234e-017	1.000000e+000	
4.516944e-001	8.921727e-001	
6.971877e-001	7.168886e-001	
4.110055e-001	9.116328e-001	
5.497153e-001	8.353521e-001	
2.382487e-001	9.712042e-001	
6.748313e-001	7.379720e-001	
1.545270e-001	9.879886e-001	
9.810958e-001	1.935228e-001	
9.184344e-001	3.955734e-001	
9.371889e-001	3.488223e-001	
8.082432e-001	5.888488e-001	
5.233598e-001	8.521118e-001	
7.440463e-001	6.681280e-001	
5.735925e-001	8.191408e-001	
7.905421e-001	6.124077e-001	
3.247015e-001	9.458165e-001	
9.467950e-001	3.218373e-001	
8.586574e-001	5.125500e-001	
8.286144e-001	5.598198e-001	
8.586574e-001	5.125500e-001	
2.740498e-001	9.617155e-001	
5.233598e-001	8.521118e-001	
7.182993e-001	6.957343e-001	
9.719870e-001	2.350347e-001	
2.358539e-001	9.717885e-001	
8.195843e-001	5.729586e-001	
7.729381e-001	6.344814e-001	
9.371889e-001	3.488223e-001	
9.947785e-001	1.020577e-001	
9.184344e-001	3.955734e-001	
6.748313e-001	7.379720e-001	
1.094054e-001	9.939972e-001	
5.735925e-001	8.191408e-001	
9.875191e-001	1.574992e-001	
4.110055e-001	9.116328e-001	
9.992449e-001	3.885429e-002	
5.992300e-001	8.005769e-001	
8.419135e-001	5.396126e-001	
6.455843e-001	7.636891e-001	
9.560772e-001	2.931149e-001	
9.560772e-001	2.931149e-001	
3.099783e-001	9.507436e-001	
8.885186e-001	4.588405e-001	
7.947006e-001	6.070016e-001	
1.949867e-001	9.808059e-001	
8.748869e-001	4.843272e-001	
1.000000e+000	0.000000e+000	
6.225599e-001	7.825721e-001	
4.708650e-001	8.822053e-001	
7.440463e-001	6.681280e-001	
3.781843e-001	9.257303e-001	
6.971877e-001	7.168886e-001	
4.412669e-001	8.973759e-001	
9.028882e-001	4.298755e-001	
3.443073e-001	9.388570e-001	
5.708877e-002	9.983691e-001	
4.996394e-001	8.662335e-001	
1.545270e-001	9.879886e-001	
9.810958e-001	1.935228e-001	
