1.404640e-001	9.900858e-001	
7.297544e-001	6.837093e-001	
5.362119e-001	8.440834e-001	
9.987397e-001	5.018912e-002	
1.000000e+000	0.000000e+000	
7.545302e-001	6.562654e-001	
9.552742e-001	2.957216e-001	
3.019597e-001	9.533207e-001	
3.037901e-002	9.995385e-001	
5.069926e-001	8.619504e-001	
4.452788e-001	8.953920e-001	
8.775820e-001	4.794266e-001	
6.491514e-001	7.606592e-001	
2.233415e-001	9.747403e-001	
8.710607e-002	9.961990e-001	
8.166376e-001	5.771508e-001	
4.754521e-001	8.797416e-001	
8.915036e-001	4.530136e-001	
6.093674e-001	7.928880e-001	
3.754406e-001	9.268464e-001	
7.738970e-001	6.333115e-001	
8.584540e-001	5.128906e-001	
6.744917e-001	7.382824e-001	
4.069250e-001	9.134616e-001	
6.123234e-017	1.000000e+000	
9.118876e-001	4.104400e-001	
9.786301e-001	2.056286e-001	
7.967038e-001	6.043699e-001	
5.698809e-001	8.217273e-001	
3.391382e-001	9.407366e-001	
1.752024e-001	9.845324e-001	
9.344123e-001	3.561934e-001	
9.688671e-001	2.475814e-001	
9.946306e-001	1.034890e-001	
2.627492e-001	9.648642e-001	
6.225745e-001	7.825606e-001	
9.876583e-001	1.566238e-001	
8.432090e-001	5.375860e-001	
7.076458e-001	7.065674e-001	
9.238719e-001	3.827020e-001	
3.037901e-002	9.995385e-001	
4.569612e-001	8.894866e-001	
7.738970e-001	6.333115e-001	
4.131398e-001	9.106676e-001	
5.362119e-001	8.440834e-001	
6.123234e-017	1.000000e+000	
1.817910e-001	9.833372e-001	
9.987397e-001	5.018912e-002	
9.466907e-001	3.221439e-001	
1.385607e-001	9.903539e-001	
9.688671e-001	2.475814e-001	
3.019597e-001	9.533207e-001	
3.391382e-001	9.407366e-001	
9.946306e-001	1.034890e-001	
5.069926e-001	8.619504e-001	
2.233415e-001	9.747403e-001	
7.499219e-001	6.615263e-001	
7.297544e-001	6.837093e-001	
9.118876e-001	4.104400e-001	
5.779607e-001	8.160646e-001	
4.853616e-001	8.743135e-001	
7.967038e-001	6.043699e-001	
8.775820e-001	4.794266e-001	
2.632108e-001	9.647384e-001	
9.552742e-001	2.957216e-001	
8.583728e-002	9.963092e-001	
6.626732e-001	7.489087e-001	
6.336430e-001	7.736256e-001	
9.773174e-001	2.117799e-001	
5.485746e-001	8.361016e-001	
6.855688e-001	7.280078e-001	
8.166376e-001	5.771508e-001	
9.344123e-001	3.561934e-001	
7.078965e-001	7.063162e-001	
8.432090e-001	5.375860e-001	
9.841321e-001	1.774372e-001	
3.754406e-001	9.268464e-001	
8.966851e-001	4.426690e-001	
9.895920e-001	1.439018e-001	
6.093674e-001	7.928880e-001	
