7.100005e-001	7.042012e-001	
7.462420e-001	6.656747e-001	
8.335024e-001	5.525158e-001	
1.215820e-001	9.925814e-001	
7.687429e-001	6.395579e-001	
4.698832e-002	9.988954e-001	
1.570450e-001	9.875915e-001	
6.123234e-017	1.000000e+000	
1.000000e+000	0.000000e+000	
9.446393e-001	3.281105e-001	
4.881247e-001	8.727739e-001	
9.570830e-001	2.898139e-001	
7.887477e-001	6.147170e-001	
4.600679e-001	8.878837e-001	
5.171284e-001	8.559078e-001	
8.112783e-001	5.846602e-001	
6.074520e-001	7.943564e-001	
2.092813e-001	9.778555e-001	
9.919378e-001	1.267259e-001	
3.344914e-001	9.423988e-001	
9.302749e-001	3.668633e-001	
8.790762e-001	4.766812e-001	
8.790762e-001	4.766812e-001	
5.529645e-001	8.332048e-001	
6.598762e-001	7.513744e-001	
6.326462e-001	7.744409e-001	
3.024881e-001	9.531532e-001	
9.864681e-001	1.639534e-001	
9.698721e-001	2.436147e-001	
8.529412e-001	5.220070e-001	
9.026606e-001	4.303532e-001	
9.967983e-001	7.995661e-002	
9.160469e-001	4.010712e-001	
3.604664e-001	9.327722e-001	
9.991814e-001	4.045346e-002	
7.305500e-001	6.828592e-001	
2.799953e-001	9.600014e-001	
4.263396e-001	9.045632e-001	
9.785251e-001	2.061275e-001	
2.450205e-001	9.695179e-001	
6.123234e-017	1.000000e+000	
5.529645e-001	8.332048e-001	
6.378911e-001	7.701265e-001	
9.967983e-001	7.995661e-002	
8.335024e-001	5.525158e-001	
9.698721e-001	2.436147e-001	
4.263396e-001	9.045632e-001	
2.450205e-001	9.695179e-001	
7.462420e-001	6.656747e-001	
4.881247e-001	8.727739e-001	
3.164347e-001	9.486143e-001	
1.000000e+000	0.000000e+000	
8.248293e-002	9.965925e-001	
2.092813e-001	9.778555e-001	
9.795079e-001	2.014056e-001	
9.919378e-001	1.267259e-001	
9.153297e-001	4.027052e-001	
9.302749e-001	3.668633e-001	
7.887477e-001	6.147170e-001	
8.529412e-001	5.220070e-001	
9.446393e-001	3.281105e-001	
8.112783e-001	5.846602e-001	
1.215820e-001	9.925814e-001	
3.939519e-001	9.191311e-001	
1.631004e-001	9.866095e-001	
2.799953e-001	9.600014e-001	
8.897014e-001	4.565429e-001	
9.588067e-001	2.840594e-001	
5.782848e-001	8.158350e-001	
7.305500e-001	6.828592e-001	
3.549486e-001	9.348858e-001	
6.074520e-001	7.943564e-001	
5.205338e-001	8.538411e-001	
4.600679e-001	8.878837e-001	
8.703483e-001	4.924367e-001	
9.991814e-001	4.045346e-002	
6.945899e-001	7.194059e-001	
4.104463e-002	9.991573e-001	
6.675634e-001	7.445529e-001	
7.687429e-001	6.395579e-001	
