1.915663e-001	9.814797e-001	
6.045187e-001	7.965909e-001	
3.601153e-001	9.329078e-001	
8.398306e-001	5.428486e-001	
7.093745e-001	7.048318e-001	
1.570505e-001	9.875906e-001	
7.366471e-001	6.762773e-001	
4.814758e-002	9.988402e-001	
8.689751e-001	4.948558e-001	
5.118499e-001	8.590749e-001	
9.606455e-001	2.777771e-001	
9.176862e-001	3.973060e-001	
4.013119e-001	9.159415e-001	
7.915480e-001	6.111069e-001	
9.011792e-001	4.334467e-001	
9.690487e-001	2.468695e-001	
8.194484e-001	5.731529e-001	
5.761482e-001	8.173453e-001	
9.780848e-001	2.082067e-001	
6.838383e-001	7.296336e-001	
2.649959e-001	9.642495e-001	
8.818551e-001	4.715205e-001	
6.293390e-001	7.771309e-001	
2.235313e-001	9.746967e-001	
9.923049e-001	1.238180e-001	
4.309311e-001	9.023848e-001	
9.307254e-001	3.657187e-001	
5.481137e-001	8.364039e-001	
4.699172e-001	8.827105e-001	
9.989604e-001	4.558540e-002	
7.715200e-001	6.362051e-001	
6.566368e-001	7.542070e-001	
9.963857e-001	8.494405e-002	
1.000000e+000	0.000000e+000	
6.123234e-017	1.000000e+000	
9.460609e-001	3.239888e-001	
9.188150e-002	9.957699e-001	
9.865511e-001	1.634533e-001	
8.536344e-001	5.208726e-001	
3.002279e-001	9.538675e-001	
2.599965e-001	9.656095e-001	
4.925402e-001	8.702897e-001	
9.469802e-001	3.212918e-001	
8.818551e-001	4.715205e-001	
8.278834e-001	5.609002e-001	
9.700263e-001	2.430000e-001	
3.601153e-001	9.329078e-001	
6.123234e-017	1.000000e+000	
9.606455e-001	2.777771e-001	
9.214903e-001	3.884014e-001	
6.566368e-001	7.542070e-001	
9.960883e-001	8.836339e-002	
6.293390e-001	7.771309e-001	
9.792992e-001	2.024180e-001	
9.865511e-001	1.634533e-001	
4.309311e-001	9.023848e-001	
9.909220e-001	1.344382e-001	
8.594295e-001	5.112543e-001	
2.235313e-001	9.746967e-001	
7.366471e-001	6.762773e-001	
9.345764e-001	3.557626e-001	
1.915663e-001	9.814797e-001	
7.056414e-001	7.085691e-001	
2.955201e-001	9.553365e-001	
3.667752e-002	9.993272e-001	
8.423335e-001	5.389567e-001	
4.699172e-001	8.827105e-001	
4.013119e-001	9.159415e-001	
7.915480e-001	6.111069e-001	
5.118499e-001	8.590749e-001	
8.097727e-001	5.867437e-001	
6.045187e-001	7.965909e-001	
9.984893e-001	5.494651e-002	
1.570505e-001	9.875906e-001	
5.751510e-001	8.180473e-001	
9.011792e-001	4.334467e-001	
7.715200e-001	6.362051e-001	
3.326888e-001	9.430367e-001	
1.000000e+000	0.000000e+000	
5.433107e-001	8.395317e-001	
