6.717530e-001	7.407752e-001	
7.672073e-001	6.413993e-001	
8.306706e-001	5.567642e-001	
9.309947e-001	3.650327e-001	
3.614982e-001	9.323728e-001	
1.091192e-001	9.940287e-001	
9.434362e-001	3.315541e-001	
8.487553e-001	5.287858e-001	
9.148488e-001	4.037966e-001	
1.000000e+000	0.000000e+000	
9.946543e-001	1.032608e-001	
5.093113e-001	8.605824e-001	
6.433911e-001	7.655376e-001	
9.832327e-001	1.823551e-001	
8.824930e-001	4.703255e-001	
4.266849e-001	9.044003e-001	
9.981691e-001	6.048559e-002	
8.120753e-001	5.835526e-001	
7.902597e-001	6.127721e-001	
5.726282e-001	8.198152e-001	
6.837859e-002	9.976594e-001	
6.960649e-001	7.179789e-001	
9.756644e-001	2.192693e-001	
8.654585e-001	5.009806e-001	
2.912413e-001	9.566496e-001	
2.273347e-001	9.738167e-001	
5.996692e-001	8.002480e-001	
4.504657e-001	8.927937e-001	
7.180471e-001	6.959945e-001	
3.228541e-001	9.464487e-001	
7.423326e-001	6.700315e-001	
4.903904e-001	8.715029e-001	
9.893144e-001	1.457978e-001	
5.362673e-001	8.440482e-001	
3.956995e-001	9.183801e-001	
1.907931e-001	9.816303e-001	
8.987890e-001	4.383815e-001	
9.540511e-001	2.996439e-001	
6.123234e-017	1.000000e+000	
1.524040e-001	9.883183e-001	
2.717145e-001	9.623779e-001	
9.540511e-001	2.996439e-001	
1.190146e-001	9.928925e-001	
9.883718e-001	1.520568e-001	
3.268457e-001	9.450777e-001	
6.837859e-002	9.976594e-001	
2.346374e-001	9.720830e-001	
6.123234e-017	1.000000e+000	
8.526246e-001	5.225239e-001	
4.865621e-001	8.736460e-001	
9.946543e-001	1.032608e-001	
9.992201e-001	3.948705e-002	
7.127205e-001	7.014481e-001	
4.266849e-001	9.044003e-001	
7.873836e-001	6.164633e-001	
6.863706e-001	7.272519e-001	
5.093113e-001	8.605824e-001	
9.655623e-001	2.601718e-001	
6.542398e-001	7.562872e-001	
1.861810e-001	9.825155e-001	
5.996692e-001	8.002480e-001	
9.309947e-001	3.650327e-001	
8.824930e-001	4.703255e-001	
5.820052e-001	8.131851e-001	
9.170494e-001	3.987737e-001	
4.504657e-001	8.927937e-001	
9.434362e-001	3.315541e-001	
3.961797e-001	9.181730e-001	
3.677172e-001	9.299377e-001	
1.356596e-001	9.907555e-001	
1.000000e+000	0.000000e+000	
8.686444e-001	4.954360e-001	
9.756644e-001	2.192693e-001	
7.423326e-001	6.700315e-001	
8.965468e-001	4.429489e-001	
7.672073e-001	6.413993e-001	
5.543667e-001	8.322725e-001	
9.832327e-001	1.823551e-001	
8.120753e-001	5.835526e-001	
6.313425e-001	7.755041e-001	
