4.139011e-002	8.320602e-001	
5.769373e-001	3.540718e-001	
1.635041e-001	6.233657e-001	
2.373225e-001	5.452194e-001	
1.378181e-002	9.126163e-001	
6.312281e-001	3.269225e-001	
5.802572e-003	9.653551e-001	
5.422462e-003	1.009434e+000	
2.723345e-001	5.130967e-001	
7.287082e-001	3.106827e-001	
3.554462e-001	4.781244e-001	
3.030097e-001	5.038890e-001	
1.959905e-001	5.901328e-001	
9.378627e-003	9.359099e-001	
3.208432e-001	4.887243e-001	
4.612558e-002	7.961330e-001	
1.694105e-003	1.023827e+000	
1.132638e-001	6.878935e-001	
1.064760e-001	7.090840e-001	
1.772185e-001	6.097545e-001	
5.117850e-001	3.549874e-001	
3.895359e-001	4.561270e-001	
9.600225e-001	2.248726e-001	
4.847865e-001	3.850759e-001	
7.795333e-002	7.485845e-001	
3.987371e-001	4.331674e-001	
4.668021e-001	4.069747e-001	
1.576853e-001	6.438447e-001	
4.362086e-001	4.244899e-001	
1.248677e-001	6.721870e-001	
8.987052e-002	7.185832e-001	
1.361484e-001	6.544379e-001	
2.255875e-001	5.527706e-001	
9.651687e-003	9.349797e-001	
2.443780e-002	8.723085e-001	
4.172621e-002	8.283355e-001	
1.606129e-001	6.295447e-001	
3.567987e-001	4.702446e-001	
3.037629e-001	4.926573e-001	
4.502077e-002	7.980006e-001	
2.564680e-001	5.304378e-001	
1.261561e-001	6.649255e-001	
5.586203e-002	7.787362e-001	
2.169538e-002	8.960094e-001	
3.655509e-002	8.576627e-001	
3.760404e-001	4.636195e-001	
5.087209e-001	3.785923e-001	
7.164041e-002	7.559045e-001	
6.019056e-001	3.437619e-001	
2.902547e-001	5.112384e-001	
8.426663e-003	9.639173e-001	
1.921295e-001	5.940592e-001	
8.050803e-002	7.361454e-001	
1.737463e-001	6.120803e-001	
6.827145e-001	3.201439e-001	
2.064889e-001	5.661319e-001	
9.241654e-002	7.177591e-001	
1.345203e-002	9.135569e-001	
3.270303e-001	4.871393e-001	
