1.000000e+000	0.000000e+000	
2.422692e-001	9.702091e-001	
9.678670e-002	9.953051e-001	
1.812943e-001	9.834289e-001	
9.074087e-001	4.202492e-001	
1.313985e-001	9.913296e-001	
9.945824e-001	1.039516e-001	
6.779726e-001	7.350871e-001	
2.091889e-001	9.778753e-001	
2.687427e-001	9.632120e-001	
9.401748e-001	3.406926e-001	
7.976305e-001	6.031464e-001	
3.676967e-001	9.299458e-001	
6.113081e-001	7.913927e-001	
4.053345e-001	9.141685e-001	
4.466615e-001	8.947030e-001	
5.098966e-001	8.602357e-001	
9.579645e-001	2.868867e-001	
8.589430e-001	5.120712e-001	
8.413923e-001	5.404248e-001	
8.760875e-001	4.821522e-001	
9.987674e-001	4.963455e-002	
7.768894e-001	6.296371e-001	
9.780332e-001	2.084491e-001	
4.850229e-001	8.745015e-001	
9.683495e-001	2.495980e-001	
5.414497e-002	9.985331e-001	
6.392960e-001	7.689607e-001	
7.624319e-001	6.470684e-001	
9.211065e-001	3.893107e-001	
9.874863e-001	1.577048e-001	
6.123234e-017	1.000000e+000	
3.318204e-001	9.433426e-001	
3.027356e-001	9.530746e-001	
7.433032e-001	6.689547e-001	
5.618633e-001	8.272301e-001	
8.202581e-001	5.719936e-001	
7.138075e-001	7.003420e-001	
8.916442e-001	4.527368e-001	
5.332082e-001	8.459840e-001	
1.313985e-001	9.913296e-001	
9.683495e-001	2.495980e-001	
9.987674e-001	4.963455e-002	
2.422692e-001	9.702091e-001	
7.708375e-001	6.370319e-001	
9.074087e-001	4.202492e-001	
8.413923e-001	5.404248e-001	
5.098966e-001	8.602357e-001	
8.752819e-001	4.836130e-001	
2.687427e-001	9.632120e-001	
6.123234e-017	1.000000e+000	
5.618633e-001	8.272301e-001	
6.853702e-001	7.281949e-001	
1.812943e-001	9.834289e-001	
9.945824e-001	1.039516e-001	
5.414497e-002	9.985331e-001	
5.909039e-001	8.067419e-001	
9.579645e-001	2.868867e-001	
9.678670e-002	9.953051e-001	
7.949435e-001	6.066835e-001	
6.113081e-001	7.913927e-001	
7.433032e-001	6.689547e-001	
3.027356e-001	9.530746e-001	
8.589430e-001	5.120712e-001	
6.621821e-001	7.493430e-001	
9.211065e-001	3.893107e-001	
8.916442e-001	4.527368e-001	
7.138075e-001	7.003420e-001	
4.466615e-001	8.947030e-001	
9.850192e-001	1.724450e-001	
4.762840e-001	8.792915e-001	
8.202581e-001	5.719936e-001	
5.342672e-001	8.453157e-001	
9.770933e-001	2.128112e-001	
4.053345e-001	9.141685e-001	
9.918287e-001	1.275769e-001	
6.392960e-001	7.689607e-001	
3.318204e-001	9.433426e-001	
9.401748e-001	3.406926e-001	
3.676967e-001	9.299458e-001	
