4.413380e-001	8.973409e-001	
7.819353e-001	6.233596e-001	
7.596242e-001	6.503622e-001	
1.337118e-001	9.910203e-001	
8.939578e-001	4.481511e-001	
4.007732e-001	9.161773e-001	
9.116835e-002	9.958355e-001	
8.288030e-001	5.595406e-001	
4.974897e-001	8.674699e-001	
8.682114e-001	4.961945e-001	
5.122319e-002	9.986872e-001	
6.889633e-001	7.247962e-001	
9.768776e-001	2.137992e-001	
9.986524e-001	5.189709e-002	
9.954663e-001	9.511533e-002	
5.698046e-001	8.217802e-001	
9.406566e-001	3.393598e-001	
9.692162e-001	2.462111e-001	
6.341784e-001	7.731868e-001	
5.283557e-001	8.490231e-001	
8.505094e-001	5.259598e-001	
9.607237e-001	2.775068e-001	
2.228933e-001	9.748428e-001	
7.394377e-001	6.732250e-001	
6.613194e-001	7.501045e-001	
8.202018e-001	5.720743e-001	
2.675482e-001	9.635445e-001	
1.000000e+000	0.000000e+000	
9.520492e-001	3.059450e-001	
1.770201e-001	9.842072e-001	
9.131275e-001	4.076741e-001	
7.978056e-001	6.029148e-001	
9.906921e-001	1.361218e-001	
9.835434e-001	1.806723e-001	
6.062377e-001	7.952835e-001	
3.599626e-001	9.329667e-001	
7.152203e-001	6.988991e-001	
9.280223e-001	3.725246e-001	
4.779765e-001	8.783726e-001	
3.213063e-001	9.469753e-001	
5.808325e-001	8.140231e-001	
4.413380e-001	8.973409e-001	
6.034986e-001	7.973641e-001	
5.122319e-002	9.986872e-001	
7.638605e-001	6.453814e-001	
9.985600e-001	5.364546e-002	
2.675482e-001	9.635445e-001	
9.768776e-001	2.137992e-001	
6.123234e-017	1.000000e+000	
2.228933e-001	9.748428e-001	
9.280223e-001	3.725246e-001	
4.007732e-001	9.161773e-001	
9.835434e-001	1.806723e-001	
9.520492e-001	3.059450e-001	
9.880091e-001	1.543956e-001	
1.337118e-001	9.910203e-001	
5.283557e-001	8.490231e-001	
3.583396e-001	9.335913e-001	
6.341784e-001	7.731868e-001	
1.083516e-001	9.941126e-001	
7.152203e-001	6.988991e-001	
9.936271e-001	1.127174e-001	
9.406566e-001	3.393598e-001	
9.607237e-001	2.775068e-001	
6.864535e-001	7.271737e-001	
7.394377e-001	6.732250e-001	
8.827634e-001	4.698178e-001	
3.213063e-001	9.469753e-001	
8.202018e-001	5.720743e-001	
8.682114e-001	4.961945e-001	
1.770201e-001	9.842072e-001	
4.779765e-001	8.783726e-001	
6.613194e-001	7.501045e-001	
8.478063e-001	5.303060e-001	
7.978056e-001	6.029148e-001	
2.933692e-001	9.559992e-001	
5.519691e-001	8.338646e-001	
9.131275e-001	4.076741e-001	
7.819353e-001	6.233596e-001	
8.939578e-001	4.481511e-001	
