9.325384e-001	3.610709e-001	
1.000000e+000	0.000000e+000	
5.826427e-001	8.127284e-001	
8.954650e-001	4.451319e-001	
9.622217e-001	2.722673e-001	
9.125350e-001	4.089986e-001	
6.855790e-001	7.279982e-001	
9.230468e-001	3.846876e-001	
3.400521e-001	9.404066e-001	
6.329210e-001	7.742164e-001	
1.297673e-001	9.915445e-001	
6.604365e-001	7.508819e-001	
3.851912e-001	9.228368e-001	
9.862285e-001	1.653886e-001	
8.770166e-002	9.961468e-001	
4.489840e-001	8.935398e-001	
9.642232e-001	2.650916e-001	
9.992021e-001	3.993914e-002	
4.140257e-001	9.102652e-001	
7.773978e-001	6.290093e-001	
6.123234e-017	1.000000e+000	
8.790649e-001	4.767022e-001	
9.960926e-001	8.831459e-002	
9.812820e-001	1.925764e-001	
7.300903e-001	6.833507e-001	
5.527375e-001	8.333554e-001	
9.934181e-001	1.145446e-001	
7.076132e-001	7.066000e-001	
8.227899e-001	5.683457e-001	
2.940298e-001	9.557963e-001	
2.305029e-001	9.730716e-001	
1.940621e-001	9.809893e-001	
8.455852e-001	5.338405e-001	
6.029079e-001	7.978108e-001	
5.249499e-002	9.986212e-001	
8.085096e-001	5.884831e-001	
5.194797e-001	8.544828e-001	
4.816182e-001	8.763811e-001	
1.615745e-001	9.868605e-001	
8.622717e-001	5.064459e-001	
7.300903e-001	6.833507e-001	
6.329210e-001	7.742164e-001	
9.912736e-001	1.318208e-001	
4.296433e-002	9.990766e-001	
3.851912e-001	9.228368e-001	
2.591899e-001	9.658264e-001	
7.076132e-001	7.066000e-001	
6.839862e-001	7.294950e-001	
9.586445e-001	2.846061e-001	
8.227899e-001	5.683457e-001	
9.125350e-001	4.089986e-001	
6.598014e-001	7.514401e-001	
3.400521e-001	9.404066e-001	
5.826427e-001	8.127284e-001	
9.862285e-001	1.653886e-001	
9.992021e-001	3.993914e-002	
9.461903e-001	3.236106e-001	
1.000000e+000	0.000000e+000	
8.791907e-001	4.764701e-001	
6.123234e-017	1.000000e+000	
1.940621e-001	9.809893e-001	
8.455852e-001	5.338405e-001	
9.689675e-001	2.471882e-001	
8.958497e-001	4.443572e-001	
1.297673e-001	9.915445e-001	
7.773978e-001	6.290093e-001	
5.029170e-001	8.643347e-001	
6.087897e-001	7.933316e-001	
2.940298e-001	9.557963e-001	
5.527375e-001	8.333554e-001	
8.770166e-002	9.961468e-001	
4.239045e-001	9.057069e-001	
9.960926e-001	8.831459e-002	
7.520341e-001	6.591242e-001	
4.550075e-001	8.904876e-001	
5.323104e-001	8.465493e-001	
8.002604e-001	5.996526e-001	
8.622717e-001	5.064459e-001	
2.305029e-001	9.730716e-001	
9.354295e-001	3.535132e-001	
