9.198953e-001	3.921640e-001	
5.867578e-001	8.097625e-001	
9.422330e-001	3.349582e-001	
8.113696e-001	5.845334e-001	
1.837283e-001	9.829771e-001	
9.835514e-001	1.806286e-001	
9.903779e-001	1.383891e-001	
3.317492e-001	9.433676e-001	
7.908471e-001	6.120138e-001	
1.000000e+000	0.000000e+000	
9.951493e-001	9.837598e-002	
6.963011e-001	7.177498e-001	
6.729102e-001	7.397242e-001	
4.660048e-001	8.847822e-001	
8.067457e-002	9.967405e-001	
7.190041e-001	6.950059e-001	
4.160598e-002	9.991341e-001	
9.638688e-001	2.663774e-001	
4.338803e-001	9.009705e-001	
6.160304e-001	7.877223e-001	
8.294652e-001	5.585584e-001	
4.960284e-001	8.683063e-001	
5.588305e-001	8.292819e-001	
7.687086e-001	6.395992e-001	
1.233524e-001	9.923629e-001	
6.421456e-001	7.665827e-001	
3.733279e-001	9.276994e-001	
2.586985e-001	9.659581e-001	
3.005291e-001	9.537726e-001	
9.043011e-001	4.268952e-001	
2.274535e-001	9.737890e-001	
6.123234e-017	1.000000e+000	
8.453809e-001	5.341640e-001	
8.875970e-001	4.606209e-001	
9.299737e-001	3.676260e-001	
4.047586e-001	9.144236e-001	
9.988931e-001	4.703728e-002	
9.523341e-001	3.050571e-001	
9.749311e-001	2.225069e-001	
8.686941e-001	4.953489e-001	
8.067457e-002	9.967405e-001	
6.572155e-001	7.537028e-001	
9.951493e-001	9.837598e-002	
9.523341e-001	3.050571e-001	
1.326033e-001	9.911692e-001	
1.837283e-001	9.829771e-001	
9.754488e-001	2.202262e-001	
7.687086e-001	6.395992e-001	
1.000000e+000	0.000000e+000	
9.399598e-001	3.412851e-001	
3.108491e-001	9.504593e-001	
9.638688e-001	2.663774e-001	
3.379277e-001	9.411721e-001	
9.872327e-001	1.592847e-001	
6.917393e-001	7.221473e-001	
7.225890e-001	6.912779e-001	
5.588305e-001	8.292819e-001	
6.160304e-001	7.877223e-001	
9.146686e-001	4.042045e-001	
5.244351e-001	8.514505e-001	
6.123234e-017	1.000000e+000	
8.899281e-001	4.561009e-001	
8.686941e-001	4.953489e-001	
2.274535e-001	9.737890e-001	
7.465754e-001	6.653009e-001	
6.421456e-001	7.665827e-001	
9.831062e-001	1.830362e-001	
4.460307e-002	9.990048e-001	
4.338803e-001	9.009705e-001	
3.686127e-001	9.295831e-001	
8.453809e-001	5.341640e-001	
9.299737e-001	3.676260e-001	
4.047586e-001	9.144236e-001	
2.779341e-001	9.606002e-001	
8.293420e-001	5.587412e-001	
9.988931e-001	4.703728e-002	
4.960284e-001	8.683063e-001	
4.602209e-001	8.878045e-001	
7.883689e-001	6.152028e-001	
5.867578e-001	8.097625e-001	
