1.242335e-001	9.922530e-001	
6.813240e-001	7.319819e-001	
9.240047e-001	3.823811e-001	
5.867560e-001	8.097638e-001	
8.033582e-001	5.954962e-001	
9.403264e-001	3.402738e-001	
9.105927e-001	4.133049e-001	
5.329402e-001	8.461529e-001	
4.065013e-001	9.136502e-001	
6.123234e-017	1.000000e+000	
7.356755e-001	6.773342e-001	
4.445380e-001	8.957600e-001	
4.229855e-002	9.991050e-001	
7.834520e-001	6.214524e-001	
8.475663e-001	5.306895e-001	
8.888267e-001	4.582434e-001	
6.086086e-001	7.934706e-001	
9.524505e-001	3.046933e-001	
8.744476e-001	4.851199e-001	
1.658108e-001	9.861576e-001	
3.480757e-001	9.374664e-001	
9.958591e-001	9.091025e-002	
8.255987e-001	5.642578e-001	
3.054152e-001	9.522193e-001	
7.481715e-002	9.971973e-001	
5.587204e-001	8.293561e-001	
6.592075e-001	7.519611e-001	
9.758380e-001	2.184952e-001	
2.131097e-001	9.770283e-001	
5.035948e-001	8.639400e-001	
7.059938e-001	7.082180e-001	
4.671271e-001	8.841902e-001	
9.991510e-001	4.119719e-002	
2.627937e-001	9.648521e-001	
3.196168e-001	9.475469e-001	
9.622687e-001	2.721011e-001	
6.309424e-001	7.758297e-001	
7.586785e-001	6.514653e-001	
9.834169e-001	1.813593e-001	
8.601990e-001	5.099585e-001	
6.782249e-001	7.348544e-001	
9.622687e-001	2.721011e-001	
3.054152e-001	9.522193e-001	
7.059938e-001	7.082180e-001	
7.834520e-001	6.214524e-001	
8.033582e-001	5.954962e-001	
6.086086e-001	7.934706e-001	
6.544651e-001	7.560922e-001	
9.336114e-001	3.582873e-001	
8.744476e-001	4.851199e-001	
2.006521e-001	9.796626e-001	
7.586785e-001	6.514653e-001	
4.229855e-002	9.991050e-001	
6.309424e-001	7.758297e-001	
6.123234e-017	1.000000e+000	
8.888267e-001	4.582434e-001	
9.834169e-001	1.813593e-001	
9.151952e-001	4.030109e-001	
7.356755e-001	6.773342e-001	
7.481715e-002	9.971973e-001	
5.188006e-001	8.548953e-001	
9.045019e-001	4.264695e-001	
8.255987e-001	5.642578e-001	
9.958591e-001	9.091025e-002	
2.435027e-001	9.699002e-001	
5.803323e-001	8.143798e-001	
8.475663e-001	5.306895e-001	
4.451499e-001	8.954560e-001	
1.658108e-001	9.861576e-001	
3.480757e-001	9.374664e-001	
9.989282e-001	4.628658e-002	
1.000000e+000	0.000000e+000	
4.850036e-001	8.745122e-001	
9.758380e-001	2.184952e-001	
8.601990e-001	5.099585e-001	
9.450033e-001	3.270607e-001	
2.754325e-001	9.613204e-001	
5.498855e-001	8.352400e-001	
1.242335e-001	9.922530e-001	
9.909464e-001	1.342579e-001	
