9.993616e-001	3.572689e-002	
7.326126e-001	6.806459e-001	
9.046270e-001	4.262041e-001	
9.622465e-001	2.721794e-001	
9.273854e-001	3.741075e-001	
8.065030e-001	5.912300e-001	
9.176751e-001	3.973316e-001	
4.582795e-001	8.888081e-001	
7.658550e-001	6.430133e-001	
8.581824e-001	5.133448e-001	
2.902695e-001	9.569450e-001	
1.000000e+000	0.000000e+000	
9.429239e-001	3.330082e-001	
9.706718e-001	2.404087e-001	
3.687168e-001	9.295418e-001	
1.526196e-001	9.882850e-001	
5.765287e-001	8.170769e-001	
6.688504e-001	7.433970e-001	
2.565914e-001	9.665200e-001	
4.920307e-001	8.705778e-001	
8.888390e-001	4.582197e-001	
1.134718e-001	9.935412e-001	
6.123234e-017	1.000000e+000	
2.299969e-001	9.731914e-001	
5.505924e-001	8.347742e-001	
9.953615e-001	9.620590e-002	
7.048880e-001	7.093187e-001	
1.888760e-001	9.820010e-001	
5.213571e-001	8.533386e-001	
9.778790e-001	2.091715e-001	
5.324780e-002	9.985813e-001	
9.506024e-001	3.104110e-001	
9.843067e-001	1.764661e-001	
8.732339e-001	4.873014e-001	
6.360522e-001	7.716460e-001	
9.889640e-001	1.481561e-001	
7.846236e-001	6.199724e-001	
4.151135e-001	9.097696e-001	
6.074335e-001	7.943705e-001	
8.321951e-001	5.544829e-001	
9.778790e-001	2.091715e-001	
6.448412e-001	7.643166e-001	
1.000000e+000	0.000000e+000	
5.505924e-001	8.347742e-001	
9.889640e-001	1.481561e-001	
2.534471e-001	9.673492e-001	
7.326126e-001	6.806459e-001	
9.046270e-001	4.262041e-001	
8.732339e-001	4.873014e-001	
8.888390e-001	4.582197e-001	
5.213571e-001	8.533386e-001	
9.706718e-001	2.404087e-001	
1.526196e-001	9.882850e-001	
6.736963e-001	7.390083e-001	
9.176751e-001	3.973316e-001	
7.048880e-001	7.093187e-001	
7.658550e-001	6.430133e-001	
6.074335e-001	7.943705e-001	
9.993616e-001	3.572689e-002	
4.272080e-001	9.041534e-001	
3.599579e-001	9.329685e-001	
3.893050e-001	9.211089e-001	
2.902695e-001	9.569450e-001	
5.765287e-001	8.170769e-001	
9.412056e-001	3.378344e-001	
7.944761e-002	9.968390e-001	
6.123234e-017	1.000000e+000	
7.846236e-001	6.199724e-001	
9.273854e-001	3.741075e-001	
4.168222e-002	9.991309e-001	
9.615920e-001	2.744829e-001	
9.510855e-001	3.089279e-001	
8.057703e-001	5.922281e-001	
1.888760e-001	9.820010e-001	
8.581824e-001	5.133448e-001	
9.953615e-001	9.620590e-002	
2.299969e-001	9.731914e-001	
1.134718e-001	9.935412e-001	
4.585727e-001	8.886569e-001	
4.920307e-001	8.705778e-001	
