9.136979e-001	5.933306e-001	9.847257e-001	1.000000e+000	8.515970e-001	8.338379e-001	2.940159e-001	3.883129e-001	9.044203e-001	4.943096e-001	8.980483e-001	6.470002e-001	8.024268e-001	2.662996e-004	-6.092947e-002	-2.530171e-098	-2.656984e+303	0.000000e+000	9.920282e-174	1.477187e-307	0.000000e+000	2.121996e-314	-7.845908e+298	8.299496e-004	9.882637e-001	-2.530171e-098	-2.656984e+303	0.000000e+000	9.920258e-174	1.477446e-307	
8.648394e-001	5.933306e-001	9.847257e-001	9.985918e-001	8.459966e-001	8.338379e-001	2.940159e-001	3.883129e-001	9.044203e-001	4.172540e-001	9.301417e-001	6.470002e-001	8.402317e-001	2.662996e-004	-4.901481e-002	-2.530171e-098	-2.656984e+303	0.000000e+000	9.920282e-174	1.477670e-307	0.000000e+000	2.121996e-314	-7.845908e+298	1.141196e-003	9.861107e-001	-2.530171e-098	-2.656984e+303	0.000000e+000	9.920258e-174	1.477928e-307	
9.175083e-001	5.517150e-001	9.653703e-001	9.987373e-001	7.430798e-001	8.162509e-001	3.639629e-001	3.695126e-001	9.281575e-001	4.748313e-001	9.422540e-001	6.227088e-001	8.081325e-001	2.311104e-003	-1.340470e-002	-2.530171e-098	-2.656984e+303	0.000000e+000	9.920282e-174	1.478152e-307	0.000000e+000	2.121996e-314	-7.845908e+298	2.541700e-003	9.534012e-001	-2.530171e-098	-2.656984e+303	0.000000e+000	9.920258e-174	1.478410e-307	
9.097063e-001	5.388897e-001	9.677886e-001	9.977482e-001	8.326041e-001	8.228515e-001	3.382959e-001	3.281979e-001	9.120651e-001	4.767868e-001	9.249931e-001	6.431719e-001	8.081325e-001	2.311104e-003	-1.340470e-002	-2.530171e-098	-2.656984e+303	0.000000e+000	9.920282e-174	1.478634e-307	0.000000e+000	2.121996e-314	-7.845908e+298	2.473127e-003	9.540242e-001	-2.530171e-098	-2.656984e+303	0.000000e+000	9.920258e-174	1.478892e-307	
8.791001e-001	5.665788e-001	9.609088e-001	1.000000e+000	7.641175e-001	8.228515e-001	3.324395e-001	3.943151e-001	9.393697e-001	4.767868e-001	9.025180e-001	6.431719e-001	9.026265e-001	3.334329e-001	-8.379332e-002	-2.530171e-098	-2.656984e+303	0.000000e+000	9.920282e-174	1.479116e-307	0.000000e+000	2.121996e-314	-7.845908e+298	3.340195e-001	4.255374e-001	-2.530171e-098	-2.656984e+303	0.000000e+000	9.920258e-174	1.479374e-307	
8.791001e-001	6.256986e-001	9.609879e-001	9.982397e-001	8.592191e-001	8.358228e-001	3.450187e-001	3.943151e-001	9.723951e-001	4.148259e-001	9.120429e-001	6.256108e-001	8.412031e-001	1.729659e-003	4.325734e-003	-2.530171e-098	-2.656984e+303	0.000000e+000	9.920282e-174	1.480080e-307	0.000000e+000	2.121996e-314	-7.845908e+298	2.045109e-003	9.615993e-001	-2.530171e-098	-2.656984e+303	0.000000e+000	9.920258e-174	1.480338e-307	
7.783464e-001	5.665788e-001	9.792904e-001	1.000000e+000	7.758180e-001	8.127160e-001	2.936996e-001	3.943151e-001	9.772494e-001	5.006560e-001	9.076610e-001	6.438760e-001	8.017169e-001	5.129010e-005	-4.160397e-002	-2.530171e-098	-2.656984e+303	0.000000e+000	9.920282e-174	1.480562e-307	0.000000e+000	2.121996e-314	-7.845908e+298	5.781339e-004	9.972827e-001	-2.530171e-098	-2.656984e+303	0.000000e+000	9.920258e-174	1.480820e-307	
8.713497e-001	5.665788e-001	9.692784e-001	1.000000e+000	7.919054e-001	7.968974e-001	2.936996e-001	3.658212e-001	9.174917e-001	4.786526e-001	8.865952e-001	6.498261e-001	9.066035e-001	6.666073e-001	-8.877873e-002	-2.530171e-098	-2.656984e+303	0.000000e+000	9.920282e-174	1.481527e-307	0.000000e+000	2.121996e-314	-7.845908e+298	6.670744e-001	1.880086e-001	-2.530171e-098	-2.656984e+303	0.000000e+000	9.920258e-174	1.481785e-307	
8.713497e-001	6.075662e-001	9.692784e-001	9.972345e-001	7.919054e-001	8.223269e-001	2.936996e-001	3.658212e-001	8.980522e-001	4.146842e-001	8.865952e-001	6.498261e-001	8.543695e-001	6.666073e-001	-8.877873e-002	-2.530171e-098	-2.656984e+303	0.000000e+000	9.920282e-174	1.482009e-307	0.000000e+000	2.121996e-314	-7.845908e+298	6.678094e-001	1.862065e-001	-2.530171e-098	-2.656984e+303	0.000000e+000	9.920258e-174	1.482267e-307	
9.290344e-001	5.059094e-001	9.681737e-001	9.985145e-001	7.827383e-001	8.434822e-001	3.815938e-001	3.037275e-001	9.295324e-001	4.975935e-001	9.419039e-001	5.842066e-001	7.669575e-001	3.383492e-001	-6.777264e-002	-2.530171e-098	-2.656984e+303	0.000000e+000	9.920282e-174	1.482491e-307	0.000000e+000	2.121996e-314	-7.845908e+298	3.397405e-001	4.191792e-001	-2.530171e-098	-2.656984e+303	0.000000e+000	9.920258e-174	1.482749e-307	
9.098532e-001	5.059094e-001	9.681737e-001	9.977614e-001	7.827383e-001	8.348624e-001	3.147561e-001	3.037275e-001	9.295324e-001	4.800493e-001	9.419039e-001	6.369433e-001	8.101115e-001	3.383492e-001	-6.777264e-002	-2.530171e-098	-2.656984e+303	0.000000e+000	9.920282e-174	1.482973e-307	0.000000e+000	2.121996e-314	-7.845908e+298	3.434331e-001	4.188344e-001	-2.530171e-098	-2.656984e+303	0.000000e+000	9.920258e-174	1.483231e-307	
9.464264e-001	5.282178e-001	9.811424e-001	9.985502e-001	8.533176e-001	9.000649e-001	3.828983e-001	3.442619e-001	9.295324e-001	5.216775e-001	9.248376e-001	5.793344e-001	7.311890e-001	1.006901e-002	-1.045303e-001	-2.530171e-098	-2.656984e+303	0.000000e+000	9.920282e-174	1.483455e-307	0.000000e+000	2.121996e-314	-7.845908e+298	1.541418e-002	9.050653e-001	-2.530171e-098	-2.656984e+303	0.000000e+000	9.920258e-174	1.483713e-307	
9.437540e-001	4.859721e-001	9.789096e-001	9.979387e-001	8.402535e-001	8.036778e-001	3.223834e-001	2.798759e-001	9.148537e-001	5.493136e-001	9.634129e-001	5.912758e-001	7.988813e-001	1.198969e-002	-2.100947e-002	-2.530171e-098	-2.656984e+303	0.000000e+000	9.920282e-174	1.483937e-307	0.000000e+000	2.121996e-314	-7.845908e+298	2.838502e-002	9.023444e-001	-2.530171e-098	-2.656984e+303	0.000000e+000	9.920258e-174	1.484195e-307	
9.437540e-001	5.246492e-001	9.789096e-001	9.979387e-001	8.402535e-001	8.036778e-001	3.550114e-001	3.186703e-001	9.148537e-001	5.493136e-001	9.177151e-001	5.632792e-001	7.988813e-001	1.198969e-002	-5.820529e-002	-2.530171e-098	-2.656984e+303	0.000000e+000	9.920282e-174	1.484901e-307	0.000000e+000	2.121996e-314	-7.845908e+298	3.266694e-002	9.022984e-001	-2.530171e-098	-2.656984e+303	0.000000e+000	9.920258e-174	1.485159e-307	
8.460142e-001	5.880217e-001	9.848342e-001	9.977448e-001	7.705755e-001	7.973644e-001	3.335583e-001	3.783332e-001	9.489199e-001	4.580405e-001	9.078623e-001	6.359587e-001	8.083127e-001	3.341398e-001	-3.357475e-002	-2.530171e-098	-2.656984e+303	0.000000e+000	9.920282e-174	1.485383e-307	0.000000e+000	2.121996e-314	-7.845908e+298	3.346405e-001	4.231292e-001	-2.530171e-098	-2.656984e+303	0.000000e+000	9.920258e-174	1.485642e-307	
8.455687e-001	5.436935e-001	9.737445e-001	9.977448e-001	7.705755e-001	8.203854e-001	3.335583e-001	3.783332e-001	9.489199e-001	4.580405e-001	9.078623e-001	6.359587e-001	8.519464e-001	3.366088e-001	-5.334582e-002	-2.530171e-098	-2.656984e+303	0.000000e+000	9.920282e-174	1.485866e-307	0.000000e+000	2.121996e-314	-7.845908e+298	3.388544e-001	4.208182e-001	-2.530171e-098	-2.656984e+303	0.000000e+000	9.920258e-174	1.486124e-307	
8.455687e-001	5.532028e-001	9.737445e-001	1.000000e+000	7.705755e-001	8.203854e-001	2.935415e-001	3.830692e-001	9.489199e-001	4.580405e-001	9.078623e-001	6.452889e-001	8.349028e-001	3.332218e-001	-6.148593e-002	-2.530171e-098	-2.656984e+303	0.000000e+000	9.920282e-174	1.486348e-307	0.000000e+000	2.121996e-314	-7.845908e+298	3.336397e-001	4.310452e-001	-2.530171e-098	-2.656984e+303	0.000000e+000	9.920258e-174	1.486606e-307	
8.460142e-001	5.527620e-001	9.581286e-001	9.977448e-001	7.869487e-001	8.002345e-001	3.335583e-001	3.492987e-001	9.393839e-001	4.504871e-001	9.326736e-001	6.623168e-001	8.410943e-001	0.000000e+000	-5.949566e-002	-2.530171e-098	-2.656984e+303	0.000000e+000	9.920282e-174	1.486830e-307	0.000000e+000	2.121996e-314	-7.845908e+298	5.326804e-004	1.002982e+000	-2.530171e-098	-2.656984e+303	0.000000e+000	9.920258e-174	1.487088e-307	
9.798701e-001	5.527620e-001	9.765597e-001	9.987204e-001	7.869487e-001	8.716472e-001	3.981915e-001	3.492987e-001	9.393839e-001	4.950229e-001	9.227245e-001	5.369152e-001	8.410943e-001	8.262577e-003	-6.355797e-002	-2.530171e-098	-2.656984e+303	0.000000e+000	9.920282e-174	1.487312e-307	0.000000e+000	2.121996e-314	-7.845908e+298	1.177566e-002	9.150124e-001	-2.530171e-098	-2.656984e+303	0.000000e+000	9.920258e-174	1.487570e-307	
9.798701e-001	5.527620e-001	9.765597e-001	9.987204e-001	8.372024e-001	8.716472e-001	3.493664e-001	3.492987e-001	9.393839e-001	4.950229e-001	9.204121e-001	5.369152e-001	8.410943e-001	8.262577e-003	-3.686012e-002	-2.530171e-098	-2.656984e+303	0.000000e+000	9.920282e-174	1.487794e-307	0.000000e+000	2.121996e-314	-7.845908e+298	1.292844e-002	9.150055e-001	-2.530171e-098	-2.656984e+303	0.000000e+000	9.920258e-174	1.488052e-307	
8.625962e-001	5.843799e-001	9.562541e-001	9.987204e-001	6.978962e-001	8.290904e-001	3.567913e-001	2.760509e-001	9.411972e-001	4.391547e-001	9.329034e-001	5.993107e-001	8.172162e-001	4.492007e-003	-3.686012e-002	-2.530171e-098	-2.656984e+303	0.000000e+000	9.920282e-174	1.488276e-307	0.000000e+000	2.121996e-314	-7.845908e+298	5.190159e-003	9.384441e-001	-2.530171e-098	-2.656984e+303	0.000000e+000	9.920258e-174	1.488534e-307	
8.469288e-001	5.489184e-001	9.869912e-001	9.982094e-001	7.777521e-001	8.127248e-001	3.114174e-001	3.079528e-001	9.153640e-001	4.858859e-001	9.418355e-001	6.511460e-001	8.125971e-001	3.351472e-001	-1.258482e-002	-2.530171e-098	-2.656984e+303	0.000000e+000	9.920282e-174	1.488758e-307	0.000000e+000	2.121996e-314	-7.845908e+298	3.364164e-001	4.226111e-001	-2.530171e-098	-2.656984e+303	0.000000e+000	9.920258e-174	1.489016e-307	
8.317554e-001	5.442335e-001	9.610246e-001	9.973068e-001	7.919691e-001	8.127248e-001	3.397865e-001	3.384659e-001	9.153640e-001	4.858859e-001	9.081101e-001	6.511460e-001	8.125971e-001	3.361998e-001	-2.663266e-002	-2.530171e-098	-2.656984e+303	0.000000e+000	9.920282e-174	1.489240e-307	0.000000e+000	2.121996e-314	-7.845908e+298	3.376348e-001	4.213850e-001	-2.530171e-098	-2.656984e+303	0.000000e+000	9.920258e-174	1.489498e-307	
8.455687e-001	5.188491e-001	9.737445e-001	9.992131e-001	7.818197e-001	7.976864e-001	3.335583e-001	3.408259e-001	9.489199e-001	4.589421e-001	9.418355e-001	6.029779e-001	8.876655e-001	6.677557e-001	-5.334582e-002	-2.530171e-098	-2.656984e+303	0.000000e+000	9.920282e-174	1.489723e-307	0.000000e+000	2.121996e-314	-7.845908e+298	6.690936e-001	1.843149e-001	-2.530171e-098	-2.656984e+303	0.000000e+000	9.920258e-174	1.489981e-307	
8.802640e-001	5.363796e-001	9.737445e-001	9.964675e-001	8.127604e-001	8.169340e-001	3.335583e-001	3.408259e-001	9.256456e-001	4.589421e-001	9.564841e-001	6.671517e-001	8.321468e-001	2.829304e-003	-5.562935e-002	-2.530171e-098	-2.656984e+303	0.000000e+000	9.920282e-174	1.490205e-307	0.000000e+000	2.121996e-314	-7.845908e+298	3.742604e-003	9.473539e-001	-2.530171e-098	-2.656984e+303	0.000000e+000	9.920258e-174	1.490463e-307	
9.059330e-001	5.523548e-001	9.621708e-001	9.972383e-001	8.497602e-001	8.718949e-001	3.722654e-001	3.528730e-001	9.832694e-001	5.090898e-001	9.081407e-001	5.918270e-001	7.992161e-001	5.153046e-003	-6.408857e-002	-2.530171e-098	-2.656984e+303	0.000000e+000	9.920282e-174	1.491169e-307	0.000000e+000	2.121996e-314	-7.845908e+298	5.799970e-003	9.304064e-001	-2.530171e-098	-2.656984e+303	0.000000e+000	9.920258e-174	1.491427e-307	
8.687847e-001	5.927711e-001	9.865364e-001	9.983486e-001	7.992213e-001	8.223269e-001	3.206729e-001	4.352043e-001	9.274536e-001	4.286980e-001	9.166509e-001	6.503019e-001	8.855859e-001	1.000000e+000	-2.848340e-002	-2.530171e-098	-2.656984e+303	0.000000e+000	9.920282e-174	1.491651e-307	0.000000e+000	2.121996e-314	-7.845908e+298	1.001040e+000	1.307869e-003	-2.530171e-098	-2.656984e+303	0.000000e+000	9.920258e-174	1.491909e-307	
9.219563e-001	5.059094e-001	9.607975e-001	9.989297e-001	8.255256e-001	8.395670e-001	3.778677e-001	3.026757e-001	8.917132e-001	4.804623e-001	9.442518e-001	5.853124e-001	8.071338e-001	6.691297e-003	-6.777264e-002	-2.530171e-098	-2.656984e+303	0.000000e+000	9.920282e-174	1.492133e-307	0.000000e+000	2.121996e-314	-7.845908e+298	7.862714e-003	9.205910e-001	-2.530171e-098	-2.656984e+303	0.000000e+000	9.920258e-174	1.492391e-307	
9.410342e-001	5.064329e-001	9.607975e-001	9.977530e-001	8.046728e-001	8.625605e-001	3.778677e-001	3.026757e-001	8.917132e-001	4.901452e-001	9.321391e-001	5.940464e-001	8.071338e-001	3.413249e-001	-9.284927e-002	-2.530171e-098	-2.656984e+303	0.000000e+000	9.920282e-174	1.492615e-307	0.000000e+000	2.121996e-314	-7.845908e+298	3.443929e-001	4.188183e-001	-2.530171e-098	-2.656984e+303	0.000000e+000	9.920258e-174	1.492873e-307	
8.404110e-001	5.567897e-001	9.607975e-001	9.989297e-001	8.255256e-001	8.395670e-001	3.276750e-001	3.026757e-001	8.870423e-001	4.804623e-001	9.149288e-001	5.853124e-001	8.434262e-001	6.698923e-001	-6.777264e-002	-2.530171e-098	-2.656984e+303	0.000000e+000	9.920282e-174	1.493097e-307	0.000000e+000	2.121996e-314	-7.845908e+298	6.706030e-001	1.836294e-001	-2.530171e-098	-2.656984e+303	0.000000e+000	9.920258e-174	1.493355e-307	
9.219563e-001	4.896628e-001	9.607975e-001	9.989297e-001	8.255256e-001	8.395670e-001	3.778677e-001	3.026757e-001	8.870423e-001	4.804623e-001	9.247273e-001	5.853124e-001	8.071338e-001	1.144310e-002	-6.777264e-002	-2.530171e-098	-2.656984e+303	0.000000e+000	9.920282e-174	1.493579e-307	0.000000e+000	2.121996e-314	-7.845908e+298	2.808405e-002	9.026372e-001	-2.530171e-098	-2.656984e+303	0.000000e+000	9.920258e-174	1.493838e-307	
9.219563e-001	5.059094e-001	9.607975e-001	9.977718e-001	8.255256e-001	8.773446e-001	3.778677e-001	2.642260e-001	9.087371e-001	4.804623e-001	9.210228e-001	5.853124e-001	8.071338e-001	6.691297e-003	-6.777264e-002	-2.530171e-098	-2.656984e+303	0.000000e+000	9.920282e-174	1.494062e-307	0.000000e+000	2.121996e-314	-7.845908e+298	8.387030e-003	9.195619e-001	-2.530171e-098	-2.656984e+303	0.000000e+000	9.920258e-174	1.494320e-307	
8.437991e-001	5.188491e-001	9.607975e-001	9.993169e-001	7.925165e-001	8.773446e-001	3.558564e-001	3.126925e-001	9.411972e-001	4.546593e-001	9.424225e-001	5.853124e-001	8.908733e-001	4.492007e-003	-2.793670e-002	-2.530171e-098	-2.656984e+303	0.000000e+000	9.920282e-174	1.494544e-307	0.000000e+000	2.121996e-314	-7.845908e+298	5.456161e-003	9.375555e-001	-2.530171e-098	-2.656984e+303	0.000000e+000	9.920258e-174	1.494802e-307	
8.993768e-001	6.047338e-001	9.607975e-001	9.977718e-001	7.413673e-001	8.290904e-001	3.756745e-001	3.126925e-001	9.411972e-001	4.391547e-001	9.170700e-001	5.853124e-001	8.172162e-001	4.492007e-003	-4.588523e-002	-2.530171e-098	-2.656984e+303	0.000000e+000	9.920282e-174	1.495026e-307	0.000000e+000	2.121996e-314	-7.845908e+298	5.519513e-003	9.352896e-001	-2.530171e-098	-2.656984e+303	0.000000e+000	9.920258e-174	1.495284e-307	
9.495829e-001	5.748318e-001	9.862374e-001	9.986477e-001	7.827383e-001	8.804407e-001	3.632180e-001	3.924270e-001	9.150199e-001	5.256641e-001	9.165745e-001	6.214001e-001	7.786543e-001	5.309893e-003	-8.136302e-002	-2.530171e-098	-2.656984e+303	0.000000e+000	9.920282e-174	1.495990e-307	0.000000e+000	2.121996e-314	-7.845908e+298	7.050708e-003	9.300122e-001	-2.530171e-098	-2.656984e+303	0.000000e+000	9.920258e-174	1.496248e-307	
7.069317e-001	9.943642e-001	6.657140e-001	3.872839e-001	2.320154e-001	1.000000e+000	1.918731e-002	2.511986e-002	7.492205e-001	7.038929e-001	9.605527e-001	5.640506e-001	3.535417e-001	8.922503e-001	9.760383e-001	-2.530171e-098	-2.656984e+303	0.000000e+000	9.920282e-174	1.496472e-307	0.000000e+000	2.121996e-314	-7.845908e+298	1.039935e-002	9.170514e-001	-2.530171e-098	-2.656984e+303	0.000000e+000	9.920258e-174	1.496730e-307	
7.110876e-001	9.926397e-001	6.246624e-001	3.872839e-001	2.440874e-001	1.000000e+000	-9.057017e-003	2.511986e-002	7.338645e-001	7.177632e-001	9.653672e-001	5.640506e-001	3.535417e-001	8.783132e-001	9.735915e-001	-2.530171e-098	-2.656984e+303	0.000000e+000	9.920282e-174	1.496954e-307	0.000000e+000	2.121996e-314	-7.845908e+298	3.451116e-001	4.174419e-001	-2.530171e-098	-2.656984e+303	0.000000e+000	9.920258e-174	1.497212e-307	
7.026564e-001	9.990046e-001	6.936153e-001	4.492340e-001	2.320154e-001	9.943534e-001	-5.438663e-002	-1.413531e-002	7.701502e-001	7.141600e-001	9.594074e-001	5.735937e-001	4.099562e-001	8.807793e-001	9.764197e-001	-2.530171e-098	-2.656984e+303	0.000000e+000	9.920282e-174	1.497436e-307	0.000000e+000	2.121996e-314	-7.845908e+298	2.790566e-002	9.030317e-001	-2.530171e-098	-2.656984e+303	0.000000e+000	9.920258e-174	1.497694e-307	
6.692167e-001	9.943642e-001	6.429583e-001	3.854640e-001	2.320154e-001	1.000000e+000	-2.387312e-002	9.361997e-002	7.492205e-001	7.038929e-001	9.594074e-001	5.769835e-001	3.447626e-001	8.807793e-001	9.722034e-001	-2.530171e-098	-2.656984e+303	0.000000e+000	9.920282e-174	1.497919e-307	0.000000e+000	2.121996e-314	-7.845908e+298	7.302270e-003	9.251106e-001	-2.530171e-098	-2.656984e+303	0.000000e+000	9.920258e-174	1.498177e-307	
6.340415e-001	9.950330e-001	6.996566e-001	4.980357e-001	2.031326e-001	9.929952e-001	6.426978e-002	1.364075e-001	7.619226e-001	7.269932e-001	9.568067e-001	5.844689e-001	2.256244e-001	9.100292e-001	9.724577e-001	-2.530171e-098	-2.656984e+303	0.000000e+000	9.920282e-174	1.498401e-307	0.000000e+000	2.121996e-314	-7.845908e+298	4.963319e-003	9.405262e-001	-2.530171e-098	-2.656984e+303	0.000000e+000	9.920258e-174	1.498659e-307	
6.005892e-001	9.999136e-001	6.628267e-001	4.540833e-001	2.561595e-001	9.901985e-001	4.269627e-002	1.171155e-001	7.878589e-001	7.073388e-001	9.443090e-001	5.483912e-001	3.102613e-001	8.947796e-001	9.560448e-001	-2.530171e-098	-2.656984e+303	0.000000e+000	9.920282e-174	1.499365e-307	0.000000e+000	2.121996e-314	-7.845908e+298	3.395819e-001	4.194953e-001	-2.530171e-098	-2.656984e+303	0.000000e+000	9.920258e-174	1.499623e-307	
6.340415e-001	9.984116e-001	7.071406e-001	4.952015e-001	2.764225e-001	9.929952e-001	6.426978e-002	1.840446e-001	7.954240e-001	7.091798e-001	9.568067e-001	5.291032e-001	2.256244e-001	9.054610e-001	9.560448e-001	-2.530171e-098	-2.656984e+303	0.000000e+000	9.920282e-174	1.499847e-307	0.000000e+000	2.121996e-314	-7.845908e+298	6.709506e-001	1.829821e-001	-2.530171e-098	-2.656984e+303	0.000000e+000	9.920258e-174	1.500105e-307	
5.546567e-001	9.968232e-001	7.027494e-001	4.714681e-001	2.716839e-001	9.957116e-001	7.964543e-002	1.234082e-001	7.783778e-001	6.975946e-001	9.617332e-001	5.244967e-001	2.303355e-001	9.328230e-001	9.597117e-001	-2.530171e-098	-2.656984e+303	0.000000e+000	9.920282e-174	1.500329e-307	0.000000e+000	2.121996e-314	-7.845908e+298	1.429568e-003	9.699836e-001	-2.530171e-098	-2.656984e+303	0.000000e+000	9.920258e-174	1.500587e-307	
6.692167e-001	9.950330e-001	6.363156e-001	4.270000e-001	2.031326e-001	9.929952e-001	3.715390e-002	4.550641e-002	7.619226e-001	7.269932e-001	9.568067e-001	6.036794e-001	3.720930e-001	8.767183e-001	9.724577e-001	-2.530171e-098	-2.656984e+303	0.000000e+000	9.920282e-174	1.501293e-307	0.000000e+000	2.121996e-314	-7.845908e+298	1.998557e-002	9.040472e-001	-2.530171e-098	-2.656984e+303	0.000000e+000	9.920258e-174	1.501551e-307	
6.692167e-001	1.000000e+000	6.478912e-001	3.234351e-001	2.031326e-001	9.933133e-001	3.715390e-002	5.812891e-002	7.619226e-001	7.269932e-001	9.568067e-001	5.972521e-001	3.535664e-001	8.767183e-001	9.732773e-001	-2.530171e-098	-2.656984e+303	0.000000e+000	9.920282e-174	1.501775e-307	0.000000e+000	2.121996e-314	-7.845908e+298	7.210898e-003	9.299653e-001	-2.530171e-098	-2.656984e+303	0.000000e+000	9.920258e-174	1.502034e-307	
6.023375e-001	1.000000e+000	6.677239e-001	4.754253e-001	2.423794e-001	9.929952e-001	3.715390e-002	2.021124e-001	7.619226e-001	7.269932e-001	9.649778e-001	5.364394e-001	2.605718e-001	8.767183e-001	9.623476e-001	-2.530171e-098	-2.656984e+303	0.000000e+000	1.042568e-173	1.502740e-307	0.000000e+000	2.121996e-314	-7.845908e+298	3.205191e-003	9.483392e-001	-2.530171e-098	-2.656984e+303	0.000000e+000	1.042565e-173	1.502998e-307	
6.692167e-001	1.000000e+000	6.427573e-001	4.063463e-001	2.031326e-001	9.929952e-001	-3.457091e-002	1.449355e-002	7.132007e-001	7.269932e-001	9.568067e-001	6.909664e-001	3.720930e-001	8.398507e-001	9.643224e-001	-2.530171e-098	-2.656984e+303	0.000000e+000	1.042568e-173	1.503222e-307	0.000000e+000	2.121996e-314	-7.845908e+298	3.446175e-001	4.187997e-001	-2.530171e-098	-2.656984e+303	0.000000e+000	1.042565e-173	1.503480e-307	
6.784838e-001	9.934580e-001	6.662580e-001	4.586854e-001	1.909267e-001	9.995321e-001	4.584662e-002	9.095694e-002	7.829971e-001	6.861974e-001	9.568067e-001	4.959760e-001	3.048245e-001	9.147215e-001	9.728221e-001	-2.530171e-098	-2.656984e+303	0.000000e+000	1.042568e-173	1.504186e-307	0.000000e+000	2.121996e-314	-7.845908e+298	3.407907e-001	4.190433e-001	-2.530171e-098	-2.656984e+303	0.000000e+000	1.042565e-173	1.504444e-307	
6.810156e-001	1.000000e+000	6.058294e-001	5.004217e-001	2.919469e-001	9.697115e-001	1.174613e-001	7.551814e-002	8.044330e-001	6.861974e-001	9.636952e-001	4.949892e-001	2.715480e-001	9.419032e-001	9.550688e-001	-2.530171e-098	-2.656984e+303	0.000000e+000	1.042568e-173	1.504668e-307	0.000000e+000	2.121996e-314	-7.845908e+298	1.000094e+000	1.352151e-002	-2.530171e-098	-2.656984e+303	0.000000e+000	1.042565e-173	1.504926e-307	
6.784838e-001	9.950330e-001	6.363156e-001	2.943872e-001	2.919469e-001	1.000000e+000	1.013224e-001	7.537773e-002	7.619226e-001	7.018918e-001	9.568067e-001	4.959760e-001	3.720930e-001	8.677097e-001	9.702899e-001	-2.530171e-098	-2.656984e+303	0.000000e+000	1.042568e-173	1.505150e-307	0.000000e+000	2.121996e-314	-7.845908e+298	4.336255e-002	9.004172e-001	-2.530171e-098	-2.656984e+303	0.000000e+000	1.042565e-173	1.505408e-307	
7.685253e-001	9.950330e-001	6.096913e-001	4.419169e-001	2.619811e-001	1.000000e+000	7.442186e-002	-4.770956e-002	7.505787e-001	7.018918e-001	9.586717e-001	5.714028e-001	3.441881e-001	8.677097e-001	9.792752e-001	-2.530171e-098	-2.656984e+303	0.000000e+000	1.042568e-173	1.505632e-307	0.000000e+000	2.121996e-314	-7.845908e+298	3.983270e-002	9.011037e-001	-2.530171e-098	-2.656984e+303	0.000000e+000	1.042565e-173	1.505890e-307	
5.696767e-001	9.968279e-001	7.384363e-001	4.795392e-001	2.919469e-001	9.938593e-001	8.186155e-002	2.217692e-001	7.783778e-001	7.120311e-001	9.768656e-001	5.338749e-001	1.665902e-001	8.935509e-001	9.739871e-001	-2.530171e-098	-2.656984e+303	0.000000e+000	1.042568e-173	1.506115e-307	0.000000e+000	2.121996e-314	-7.845908e+298	1.102832e-003	9.861174e-001	-2.530171e-098	-2.656984e+303	0.000000e+000	1.042565e-173	1.506373e-307	
5.696767e-001	9.968279e-001	6.957550e-001	5.678232e-001	2.475397e-001	9.882205e-001	1.499416e-002	2.068336e-001	8.019869e-001	7.245818e-001	9.768656e-001	5.626823e-001	2.336111e-001	8.980552e-001	9.606956e-001	-2.530171e-098	-2.656984e+303	0.000000e+000	1.042568e-173	1.506597e-307	0.000000e+000	2.121996e-314	-7.845908e+298	1.003496e+000	1.282413e-003	-2.530171e-098	-2.656984e+303	0.000000e+000	1.042565e-173	1.506855e-307	
5.696767e-001	9.968279e-001	7.022449e-001	5.015168e-001	2.919469e-001	9.917228e-001	8.186155e-002	2.217692e-001	8.019869e-001	7.120311e-001	9.771221e-001	5.338749e-001	1.665902e-001	8.935509e-001	9.739871e-001	-2.530171e-098	-2.656984e+303	0.000000e+000	1.042568e-173	1.507079e-307	0.000000e+000	2.121996e-314	-7.845908e+298	3.345918e-001	4.235406e-001	-2.530171e-098	-2.656984e+303	0.000000e+000	1.042565e-173	1.507337e-307	
5.498145e-001	9.961480e-001	6.955850e-001	4.821527e-001	3.241481e-001	9.878405e-001	1.199439e-001	2.217692e-001	8.221587e-001	6.768367e-001	9.931863e-001	4.766469e-001	2.669316e-001	9.317172e-001	9.739871e-001	-2.530171e-098	-2.656984e+303	0.000000e+000	1.042568e-173	1.508043e-307	0.000000e+000	2.121996e-314	-7.845908e+298	3.339716e-001	4.256020e-001	-2.530171e-098	-2.656984e+303	0.000000e+000	1.042565e-173	1.508301e-307	
5.696767e-001	9.969778e-001	6.955850e-001	4.821527e-001	2.919469e-001	9.917228e-001	8.186155e-002	2.217692e-001	7.953031e-001	6.768367e-001	9.789056e-001	5.338749e-001	2.669316e-001	9.317172e-001	9.739871e-001	-2.530171e-098	-2.656984e+303	0.000000e+000	1.042568e-173	1.508525e-307	0.000000e+000	2.121996e-314	-7.845908e+298	5.890682e-004	9.962515e-001	-2.530171e-098	-2.656984e+303	0.000000e+000	1.042565e-173	1.508783e-307	
5.696767e-001	9.966551e-001	6.955850e-001	4.821527e-001	2.919469e-001	9.937704e-001	8.186155e-002	1.440577e-001	8.010931e-001	6.768367e-001	9.750045e-001	5.338749e-001	2.669316e-001	9.317172e-001	9.577369e-001	-2.530171e-098	-2.656984e+303	0.000000e+000	1.042568e-173	1.509007e-307	0.000000e+000	2.121996e-314	-7.845908e+298	6.684334e-001	1.849510e-001	-2.530171e-098	-2.656984e+303	0.000000e+000	1.042565e-173	1.509265e-307	
5.299843e-001	9.977230e-001	6.957550e-001	5.015168e-001	2.919469e-001	9.917228e-001	8.954938e-002	2.217692e-001	8.019869e-001	6.973318e-001	9.793289e-001	5.038888e-001	1.689458e-001	9.049478e-001	9.596117e-001	-2.530171e-098	-2.656984e+303	0.000000e+000	1.042568e-173	1.509971e-307	0.000000e+000	2.121996e-314	-7.845908e+298	1.000327e+000	2.980607e-003	-2.530171e-098	-2.656984e+303	0.000000e+000	1.042565e-173	1.510229e-307	
5.696767e-001	9.995308e-001	6.957550e-001	5.015168e-001	2.919469e-001	9.917228e-001	4.707841e-002	2.217692e-001	8.019869e-001	7.120311e-001	9.567906e-001	5.088306e-001	2.336111e-001	8.935509e-001	9.596117e-001	-2.530171e-098	-2.656984e+303	0.000000e+000	1.042568e-173	1.510454e-307	0.000000e+000	2.121996e-314	-7.845908e+298	1.576093e-003	9.694763e-001	-2.530171e-098	-2.656984e+303	0.000000e+000	1.042565e-173	1.510712e-307	
6.201651e-001	9.995308e-001	6.615317e-001	4.942865e-001	3.219126e-001	9.917228e-001	1.108357e-001	8.945154e-002	8.019869e-001	7.120311e-001	9.709979e-001	5.088306e-001	2.336111e-001	8.935509e-001	9.592222e-001	-2.530171e-098	-2.656984e+303	0.000000e+000	1.042568e-173	1.510936e-307	0.000000e+000	2.121996e-314	-7.845908e+298	1.000319e+000	9.623843e-003	-2.530171e-098	-2.656984e+303	0.000000e+000	1.042565e-173	1.511194e-307	
6.294923e-001	9.968232e-001	6.861473e-001	5.168901e-001	2.919469e-001	9.893691e-001	1.230491e-001	1.139749e-001	7.783778e-001	6.542220e-001	9.889350e-001	5.338749e-001	1.906757e-001	9.149135e-001	9.713820e-001	-2.530171e-098	-2.656984e+303	0.000000e+000	1.042568e-173	1.511900e-307	0.000000e+000	2.121996e-314	-7.845908e+298	6.669772e-001	1.891578e-001	-2.530171e-098	-2.656984e+303	0.000000e+000	1.042565e-173	1.512158e-307	
6.294923e-001	9.968232e-001	6.861473e-001	4.787613e-001	2.919469e-001	9.917228e-001	8.186155e-002	1.139749e-001	7.783778e-001	7.120311e-001	9.617332e-001	5.338749e-001	3.267213e-001	9.149135e-001	9.656823e-001	-2.530171e-098	-2.656984e+303	0.000000e+000	1.042568e-173	1.512382e-307	0.000000e+000	2.121996e-314	-7.845908e+298	2.241492e-003	9.601180e-001	-2.530171e-098	-2.656984e+303	0.000000e+000	1.042565e-173	1.512640e-307	
6.388402e-001	9.964842e-001	6.861473e-001	4.531068e-001	2.436586e-001	1.000000e+000	4.997118e-002	1.033246e-001	7.783778e-001	6.999660e-001	9.404434e-001	5.651937e-001	3.267213e-001	9.149135e-001	9.795113e-001	-2.530171e-098	-2.656984e+303	0.000000e+000	1.042568e-173	1.512864e-307	0.000000e+000	2.121996e-314	-7.845908e+298	4.148882e-003	9.427528e-001	-2.530171e-098	-2.656984e+303	0.000000e+000	1.042565e-173	1.513122e-307	
6.217396e-001	9.977421e-001	6.714771e-001	4.509165e-001	2.436586e-001	9.406954e-001	6.465709e-002	1.540955e-001	8.153102e-001	7.172050e-001	9.542524e-001	5.375109e-001	3.267213e-001	8.753904e-001	9.779366e-001	-2.530171e-098	-2.656984e+303	0.000000e+000	1.042568e-173	1.514311e-307	0.000000e+000	2.121996e-314	-7.845908e+298	3.371991e-001	4.219375e-001	-2.530171e-098	-2.656984e+303	0.000000e+000	1.042565e-173	1.514569e-307	
6.767727e-001	9.924766e-001	6.523116e-001	4.267606e-001	2.431233e-001	9.917228e-001	6.465709e-002	2.136186e-002	7.226284e-001	6.999660e-001	9.442203e-001	6.704263e-001	4.415717e-001	8.817777e-001	9.779366e-001	-2.530171e-098	-2.656984e+303	0.000000e+000	1.042568e-173	1.515275e-307	0.000000e+000	2.121996e-314	-7.845908e+298	3.564931e-002	9.018347e-001	-2.530171e-098	-2.656984e+303	0.000000e+000	1.042565e-173	1.515533e-307	
