0.000000e+000	0.000000e+000	0.000000e+000	0.000000e+000	0.000000e+000	0.000000e+000	0.000000e+000	0.000000e+000	0.000000e+000	0.000000e+000	0.000000e+000	0.000000e+000	0.000000e+000	0.000000e+000	0.000000e+000	-2.530171e-098	-2.656984e+303	0.000000e+000	1.575495e-173	1.131346e-305	0.000000e+000	2.121996e-314	-7.845908e+298	9.327128e-001	3.606199e-001	-2.530171e-098	-2.656984e+303	0.000000e+000	1.575509e-173	1.131511e-305	
0.000000e+000	0.000000e+000	0.000000e+000	0.000000e+000	0.000000e+000	0.000000e+000	0.000000e+000	0.000000e+000	0.000000e+000	0.000000e+000	0.000000e+000	0.000000e+000	0.000000e+000	0.000000e+000	0.000000e+000	-2.530171e-098	-2.656984e+303	0.000000e+000	1.575495e-173	1.131654e-305	0.000000e+000	2.121996e-314	-7.845908e+298	9.760403e-001	2.175896e-001	-2.530171e-098	-2.656984e+303	0.000000e+000	1.575509e-173	1.131819e-305	
0.000000e+000	0.000000e+000	0.000000e+000	0.000000e+000	0.000000e+000	0.000000e+000	0.000000e+000	0.000000e+000	0.000000e+000	0.000000e+000	0.000000e+000	0.000000e+000	0.000000e+000	0.000000e+000	0.000000e+000	-2.530171e-098	-2.656984e+303	0.000000e+000	1.575495e-173	1.131963e-305	0.000000e+000	2.121996e-314	-7.845908e+298	6.123234e-017	1.000000e+000	-2.530171e-098	-2.656984e+303	0.000000e+000	1.575509e-173	1.132128e-305	
0.000000e+000	0.000000e+000	0.000000e+000	0.000000e+000	0.000000e+000	0.000000e+000	0.000000e+000	0.000000e+000	0.000000e+000	0.000000e+000	0.000000e+000	0.000000e+000	0.000000e+000	0.000000e+000	0.000000e+000	-2.530171e-098	-2.656984e+303	0.000000e+000	1.575495e-173	1.132271e-305	0.000000e+000	2.121996e-314	-7.845908e+298	5.242134e-001	8.515869e-001	-2.530171e-098	-2.656984e+303	0.000000e+000	1.575509e-173	1.132437e-305	
0.000000e+000	0.000000e+000	0.000000e+000	0.000000e+000	0.000000e+000	0.000000e+000	0.000000e+000	0.000000e+000	0.000000e+000	0.000000e+000	0.000000e+000	0.000000e+000	0.000000e+000	0.000000e+000	0.000000e+000	-2.530171e-098	-2.656984e+303	0.000000e+000	1.575495e-173	1.132580e-305	0.000000e+000	2.121996e-314	-7.845908e+298	9.458320e-001	3.246565e-001	-2.530171e-098	-2.656984e+303	0.000000e+000	1.575509e-173	1.132745e-305	
0.000000e+000	0.000000e+000	0.000000e+000	0.000000e+000	0.000000e+000	0.000000e+000	0.000000e+000	0.000000e+000	0.000000e+000	0.000000e+000	0.000000e+000	0.000000e+000	0.000000e+000	0.000000e+000	0.000000e+000	-2.530171e-098	-2.656984e+303	0.000000e+000	1.575495e-173	1.132889e-305	0.000000e+000	2.121996e-314	-7.845908e+298	8.748605e-001	4.843749e-001	-2.530171e-098	-2.656984e+303	0.000000e+000	1.575509e-173	1.133054e-305	
0.000000e+000	0.000000e+000	0.000000e+000	0.000000e+000	0.000000e+000	0.000000e+000	0.000000e+000	0.000000e+000	0.000000e+000	0.000000e+000	0.000000e+000	0.000000e+000	0.000000e+000	0.000000e+000	0.000000e+000	-2.530171e-098	-2.656984e+303	0.000000e+000	1.575495e-173	1.133197e-305	0.000000e+000	2.121996e-314	-7.845908e+298	3.196466e-001	9.475368e-001	-2.530171e-098	-2.656984e+303	0.000000e+000	1.575509e-173	1.133362e-305	
0.000000e+000	0.000000e+000	0.000000e+000	0.000000e+000	0.000000e+000	0.000000e+000	0.000000e+000	0.000000e+000	0.000000e+000	0.000000e+000	0.000000e+000	0.000000e+000	0.000000e+000	0.000000e+000	0.000000e+000	-2.530171e-098	-2.656984e+303	0.000000e+000	1.575495e-173	1.133506e-305	0.000000e+000	2.121996e-314	-7.845908e+298	1.316756e-001	9.912929e-001	-2.530171e-098	-2.656984e+303	0.000000e+000	1.575509e-173	1.133671e-305	
0.000000e+000	0.000000e+000	0.000000e+000	0.000000e+000	0.000000e+000	0.000000e+000	0.000000e+000	0.000000e+000	0.000000e+000	0.000000e+000	0.000000e+000	0.000000e+000	0.000000e+000	0.000000e+000	0.000000e+000	-2.530171e-098	-2.656984e+303	0.000000e+000	1.575495e-173	1.133814e-305	0.000000e+000	2.121996e-314	-7.845908e+298	9.898741e-001	1.419484e-001	-2.530171e-098	-2.656984e+303	0.000000e+000	1.575509e-173	1.133979e-305	
0.000000e+000	0.000000e+000	0.000000e+000	0.000000e+000	0.000000e+000	0.000000e+000	0.000000e+000	0.000000e+000	0.000000e+000	0.000000e+000	0.000000e+000	0.000000e+000	0.000000e+000	0.000000e+000	0.000000e+000	-2.530171e-098	-2.656984e+303	0.000000e+000	1.575495e-173	1.134123e-305	0.000000e+000	2.121996e-314	-7.845908e+298	1.000000e+000	0.000000e+000	-2.530171e-098	-2.656984e+303	0.000000e+000	1.575509e-173	1.134288e-305	
0.000000e+000	0.000000e+000	0.000000e+000	0.000000e+000	0.000000e+000	0.000000e+000	0.000000e+000	0.000000e+000	0.000000e+000	0.000000e+000	0.000000e+000	0.000000e+000	0.000000e+000	0.000000e+000	0.000000e+000	-2.530171e-098	-2.656984e+303	0.000000e+000	1.575495e-173	1.134431e-305	0.000000e+000	2.121996e-314	-7.845908e+298	9.989976e-001	4.476294e-002	-2.530171e-098	-2.656984e+303	0.000000e+000	1.575509e-173	1.134596e-305	
0.000000e+000	0.000000e+000	0.000000e+000	0.000000e+000	0.000000e+000	0.000000e+000	0.000000e+000	0.000000e+000	0.000000e+000	0.000000e+000	0.000000e+000	0.000000e+000	0.000000e+000	0.000000e+000	0.000000e+000	-2.530171e-098	-2.656984e+303	0.000000e+000	1.575495e-173	1.134740e-305	0.000000e+000	2.121996e-314	-7.845908e+298	5.573421e-001	8.302829e-001	-2.530171e-098	-2.656984e+303	0.000000e+000	1.575509e-173	1.134905e-305	
0.000000e+000	0.000000e+000	0.000000e+000	0.000000e+000	0.000000e+000	0.000000e+000	0.000000e+000	0.000000e+000	0.000000e+000	0.000000e+000	0.000000e+000	0.000000e+000	0.000000e+000	0.000000e+000	0.000000e+000	-2.530171e-098	-2.656984e+303	0.000000e+000	1.575495e-173	1.135048e-305	0.000000e+000	2.121996e-314	-7.845908e+298	9.206771e-001	3.903250e-001	-2.530171e-098	-2.656984e+303	0.000000e+000	1.575509e-173	1.135214e-305	
0.000000e+000	0.000000e+000	0.000000e+000	0.000000e+000	0.000000e+000	0.000000e+000	0.000000e+000	0.000000e+000	0.000000e+000	0.000000e+000	0.000000e+000	0.000000e+000	0.000000e+000	0.000000e+000	0.000000e+000	-2.530171e-098	-2.656984e+303	0.000000e+000	1.575495e-173	1.135357e-305	0.000000e+000	2.121996e-314	-7.845908e+298	3.542046e-001	9.351679e-001	-2.530171e-098	-2.656984e+303	0.000000e+000	1.575509e-173	1.135522e-305	
0.000000e+000	0.000000e+000	0.000000e+000	0.000000e+000	0.000000e+000	0.000000e+000	0.000000e+000	0.000000e+000	0.000000e+000	0.000000e+000	0.000000e+000	0.000000e+000	0.000000e+000	0.000000e+000	0.000000e+000	-2.530171e-098	-2.656984e+303	0.000000e+000	1.575495e-173	1.135666e-305	0.000000e+000	2.121996e-314	-7.845908e+298	5.877527e-001	8.090406e-001	-2.530171e-098	-2.656984e+303	0.000000e+000	1.575509e-173	1.135831e-305	
0.000000e+000	0.000000e+000	0.000000e+000	0.000000e+000	0.000000e+000	0.000000e+000	0.000000e+000	0.000000e+000	0.000000e+000	0.000000e+000	0.000000e+000	0.000000e+000	0.000000e+000	0.000000e+000	0.000000e+000	-2.530171e-098	-2.656984e+303	0.000000e+000	1.575495e-173	1.135974e-305	0.000000e+000	2.121996e-314	-7.845908e+298	9.051019e-001	4.251948e-001	-2.530171e-098	-2.656984e+303	0.000000e+000	1.575509e-173	1.136139e-305	
0.000000e+000	0.000000e+000	0.000000e+000	0.000000e+000	0.000000e+000	0.000000e+000	0.000000e+000	0.000000e+000	0.000000e+000	0.000000e+000	0.000000e+000	0.000000e+000	0.000000e+000	0.000000e+000	0.000000e+000	-2.530171e-098	-2.656984e+303	0.000000e+000	1.575495e-173	1.136283e-305	0.000000e+000	2.121996e-314	-7.845908e+298	7.410925e-001	6.714030e-001	-2.530171e-098	-2.656984e+303	0.000000e+000	1.575509e-173	1.136448e-305	
0.000000e+000	0.000000e+000	0.000000e+000	0.000000e+000	0.000000e+000	0.000000e+000	0.000000e+000	0.000000e+000	0.000000e+000	0.000000e+000	0.000000e+000	0.000000e+000	0.000000e+000	0.000000e+000	0.000000e+000	-2.530171e-098	-2.656984e+303	0.000000e+000	1.575495e-173	1.136591e-305	0.000000e+000	2.121996e-314	-7.845908e+298	9.951729e-001	9.813677e-002	-2.530171e-098	-2.656984e+303	0.000000e+000	1.575509e-173	1.136756e-305	
0.000000e+000	0.000000e+000	0.000000e+000	0.000000e+000	0.000000e+000	0.000000e+000	0.000000e+000	0.000000e+000	0.000000e+000	0.000000e+000	0.000000e+000	0.000000e+000	0.000000e+000	0.000000e+000	0.000000e+000	-2.530171e-098	-2.656984e+303	0.000000e+000	1.575495e-173	1.136900e-305	0.000000e+000	2.121996e-314	-7.845908e+298	6.961218e-001	7.179237e-001	-2.530171e-098	-2.656984e+303	0.000000e+000	1.575509e-173	1.137065e-305	
0.000000e+000	0.000000e+000	0.000000e+000	0.000000e+000	0.000000e+000	0.000000e+000	0.000000e+000	0.000000e+000	0.000000e+000	0.000000e+000	0.000000e+000	0.000000e+000	0.000000e+000	0.000000e+000	0.000000e+000	-2.530171e-098	-2.656984e+303	0.000000e+000	1.575495e-173	1.137208e-305	0.000000e+000	2.121996e-314	-7.845908e+298	8.926122e-002	9.960083e-001	-2.530171e-098	-2.656984e+303	0.000000e+000	1.575509e-173	1.137373e-305	
0.000000e+000	0.000000e+000	0.000000e+000	0.000000e+000	0.000000e+000	0.000000e+000	0.000000e+000	0.000000e+000	0.000000e+000	0.000000e+000	0.000000e+000	0.000000e+000	0.000000e+000	0.000000e+000	0.000000e+000	-2.530171e-098	-2.656984e+303	0.000000e+000	1.575495e-173	1.137517e-305	0.000000e+000	2.121996e-314	-7.845908e+298	4.117687e-002	9.991519e-001	-2.530171e-098	-2.656984e+303	0.000000e+000	1.575509e-173	1.137682e-305	
0.000000e+000	0.000000e+000	0.000000e+000	0.000000e+000	0.000000e+000	0.000000e+000	0.000000e+000	0.000000e+000	0.000000e+000	0.000000e+000	0.000000e+000	0.000000e+000	0.000000e+000	0.000000e+000	0.000000e+000	-2.530171e-098	-2.656984e+303	0.000000e+000	1.575495e-173	1.137825e-305	0.000000e+000	2.121996e-314	-7.845908e+298	8.385549e-001	5.448171e-001	-2.530171e-098	-2.656984e+303	0.000000e+000	1.575509e-173	1.137991e-305	
0.000000e+000	0.000000e+000	0.000000e+000	0.000000e+000	0.000000e+000	0.000000e+000	0.000000e+000	0.000000e+000	0.000000e+000	0.000000e+000	0.000000e+000	0.000000e+000	0.000000e+000	0.000000e+000	0.000000e+000	-2.530171e-098	-2.656984e+303	0.000000e+000	1.575495e-173	1.138134e-305	0.000000e+000	2.121996e-314	-7.845908e+298	8.885813e-001	4.587191e-001	-2.530171e-098	-2.656984e+303	0.000000e+000	1.575509e-173	1.138299e-305	
0.000000e+000	0.000000e+000	0.000000e+000	0.000000e+000	0.000000e+000	0.000000e+000	0.000000e+000	0.000000e+000	0.000000e+000	0.000000e+000	0.000000e+000	0.000000e+000	0.000000e+000	0.000000e+000	0.000000e+000	-2.530171e-098	-2.656984e+303	0.000000e+000	1.575495e-173	1.138443e-305	0.000000e+000	2.121996e-314	-7.845908e+298	4.995897e-001	8.662622e-001	-2.530171e-098	-2.656984e+303	0.000000e+000	1.575509e-173	1.138608e-305	
0.000000e+000	0.000000e+000	0.000000e+000	0.000000e+000	0.000000e+000	0.000000e+000	0.000000e+000	0.000000e+000	0.000000e+000	0.000000e+000	0.000000e+000	0.000000e+000	0.000000e+000	0.000000e+000	0.000000e+000	-2.530171e-098	-2.656984e+303	0.000000e+000	1.575495e-173	1.138751e-305	0.000000e+000	2.121996e-314	-7.845908e+298	7.191624e-001	6.948420e-001	-2.530171e-098	-2.656984e+303	0.000000e+000	1.575509e-173	1.138916e-305	
0.000000e+000	0.000000e+000	0.000000e+000	0.000000e+000	0.000000e+000	0.000000e+000	0.000000e+000	0.000000e+000	0.000000e+000	0.000000e+000	0.000000e+000	0.000000e+000	0.000000e+000	0.000000e+000	0.000000e+000	-2.530171e-098	-2.656984e+303	0.000000e+000	1.575495e-173	1.139060e-305	0.000000e+000	2.121996e-314	-7.845908e+298	6.406238e-001	7.678549e-001	-2.530171e-098	-2.656984e+303	0.000000e+000	1.575509e-173	1.139225e-305	
0.000000e+000	0.000000e+000	0.000000e+000	0.000000e+000	0.000000e+000	0.000000e+000	0.000000e+000	0.000000e+000	0.000000e+000	0.000000e+000	0.000000e+000	0.000000e+000	0.000000e+000	0.000000e+000	0.000000e+000	-2.530171e-098	-2.656984e+303	0.000000e+000	1.634799e-173	1.139499e-305	0.000000e+000	2.121996e-314	-7.845908e+298	8.549553e-001	5.187017e-001	-2.530171e-098	-2.656984e+303	0.000000e+000	1.634828e-173	1.139829e-305	
0.000000e+000	0.000000e+000	0.000000e+000	0.000000e+000	0.000000e+000	0.000000e+000	0.000000e+000	0.000000e+000	0.000000e+000	0.000000e+000	0.000000e+000	0.000000e+000	0.000000e+000	0.000000e+000	0.000000e+000	-2.530171e-098	-2.656984e+303	0.000000e+000	1.634799e-173	1.140116e-305	0.000000e+000	2.121996e-314	-7.845908e+298	7.642139e-001	6.449629e-001	-2.530171e-098	-2.656984e+303	0.000000e+000	1.634828e-173	1.140446e-305	
0.000000e+000	0.000000e+000	0.000000e+000	0.000000e+000	0.000000e+000	0.000000e+000	0.000000e+000	0.000000e+000	0.000000e+000	0.000000e+000	0.000000e+000	0.000000e+000	0.000000e+000	0.000000e+000	0.000000e+000	-2.530171e-098	-2.656984e+303	0.000000e+000	1.634799e-173	1.140733e-305	0.000000e+000	2.121996e-314	-7.845908e+298	2.787523e-001	9.603630e-001	-2.530171e-098	-2.656984e+303	0.000000e+000	1.634828e-173	1.141063e-305	
0.000000e+000	0.000000e+000	0.000000e+000	0.000000e+000	0.000000e+000	0.000000e+000	0.000000e+000	0.000000e+000	0.000000e+000	0.000000e+000	0.000000e+000	0.000000e+000	0.000000e+000	0.000000e+000	0.000000e+000	-2.530171e-098	-2.656984e+303	0.000000e+000	1.634799e-173	1.141350e-305	0.000000e+000	2.121996e-314	-7.845908e+298	9.562603e-001	2.925169e-001	-2.530171e-098	-2.656984e+303	0.000000e+000	1.634828e-173	1.141680e-305	
0.000000e+000	0.000000e+000	0.000000e+000	0.000000e+000	0.000000e+000	0.000000e+000	0.000000e+000	0.000000e+000	0.000000e+000	0.000000e+000	0.000000e+000	0.000000e+000	0.000000e+000	0.000000e+000	0.000000e+000	-2.530171e-098	-2.656984e+303	0.000000e+000	1.634799e-173	1.141967e-305	0.000000e+000	2.121996e-314	-7.845908e+298	1.692852e-001	9.855671e-001	-2.530171e-098	-2.656984e+303	0.000000e+000	1.634828e-173	1.142297e-305	
0.000000e+000	0.000000e+000	0.000000e+000	0.000000e+000	0.000000e+000	0.000000e+000	0.000000e+000	0.000000e+000	0.000000e+000	0.000000e+000	0.000000e+000	0.000000e+000	0.000000e+000	0.000000e+000	0.000000e+000	-2.530171e-098	-2.656984e+303	0.000000e+000	1.634799e-173	1.142584e-305	0.000000e+000	2.121996e-314	-7.845908e+298	4.720950e-001	8.815477e-001	-2.530171e-098	-2.656984e+303	0.000000e+000	1.634828e-173	1.142914e-305	
0.000000e+000	0.000000e+000	0.000000e+000	0.000000e+000	0.000000e+000	0.000000e+000	0.000000e+000	0.000000e+000	0.000000e+000	0.000000e+000	0.000000e+000	0.000000e+000	0.000000e+000	0.000000e+000	0.000000e+000	-2.530171e-098	-2.656984e+303	0.000000e+000	1.634799e-173	1.143201e-305	0.000000e+000	2.121996e-314	-7.845908e+298	8.167849e-001	5.769423e-001	-2.530171e-098	-2.656984e+303	0.000000e+000	1.634828e-173	1.143532e-305	
0.000000e+000	0.000000e+000	0.000000e+000	0.000000e+000	0.000000e+000	0.000000e+000	0.000000e+000	0.000000e+000	0.000000e+000	0.000000e+000	0.000000e+000	0.000000e+000	0.000000e+000	0.000000e+000	0.000000e+000	-2.530171e-098	-2.656984e+303	0.000000e+000	1.634799e-173	1.143818e-305	0.000000e+000	2.121996e-314	-7.845908e+298	4.327608e-001	9.015088e-001	-2.530171e-098	-2.656984e+303	0.000000e+000	1.634828e-173	1.144149e-305	
0.000000e+000	0.000000e+000	0.000000e+000	0.000000e+000	0.000000e+000	0.000000e+000	0.000000e+000	0.000000e+000	0.000000e+000	0.000000e+000	0.000000e+000	0.000000e+000	0.000000e+000	0.000000e+000	0.000000e+000	-2.530171e-098	-2.656984e+303	0.000000e+000	1.634799e-173	1.144435e-305	0.000000e+000	2.121996e-314	-7.845908e+298	6.164392e-001	7.874025e-001	-2.530171e-098	-2.656984e+303	0.000000e+000	1.634828e-173	1.144766e-305	
0.000000e+000	0.000000e+000	0.000000e+000	0.000000e+000	0.000000e+000	0.000000e+000	0.000000e+000	0.000000e+000	0.000000e+000	0.000000e+000	0.000000e+000	0.000000e+000	0.000000e+000	0.000000e+000	0.000000e+000	-2.530171e-098	-2.656984e+303	0.000000e+000	1.634799e-173	1.145053e-305	0.000000e+000	2.121996e-314	-7.845908e+298	7.909483e-001	6.118830e-001	-2.530171e-098	-2.656984e+303	0.000000e+000	1.634828e-173	1.145383e-305	
0.000000e+000	0.000000e+000	0.000000e+000	0.000000e+000	0.000000e+000	0.000000e+000	0.000000e+000	0.000000e+000	0.000000e+000	0.000000e+000	0.000000e+000	0.000000e+000	0.000000e+000	0.000000e+000	0.000000e+000	-2.530171e-098	-2.656984e+303	0.000000e+000	1.634799e-173	1.145670e-305	0.000000e+000	2.121996e-314	-7.845908e+298	9.845312e-001	1.752095e-001	-2.530171e-098	-2.656984e+303	0.000000e+000	1.634828e-173	1.146000e-305	
0.000000e+000	0.000000e+000	0.000000e+000	0.000000e+000	0.000000e+000	0.000000e+000	0.000000e+000	0.000000e+000	0.000000e+000	0.000000e+000	0.000000e+000	0.000000e+000	0.000000e+000	0.000000e+000	0.000000e+000	-2.530171e-098	-2.656984e+303	0.000000e+000	1.634799e-173	1.146287e-305	0.000000e+000	2.121996e-314	-7.845908e+298	9.662908e-001	2.574531e-001	-2.530171e-098	-2.656984e+303	0.000000e+000	1.634828e-173	1.146617e-305	
0.000000e+000	0.000000e+000	0.000000e+000	0.000000e+000	0.000000e+000	0.000000e+000	0.000000e+000	0.000000e+000	0.000000e+000	0.000000e+000	0.000000e+000	0.000000e+000	0.000000e+000	0.000000e+000	0.000000e+000	-2.530171e-098	-2.656984e+303	0.000000e+000	1.634799e-173	1.146904e-305	0.000000e+000	2.121996e-314	-7.845908e+298	6.748783e-001	7.379290e-001	-2.530171e-098	-2.656984e+303	0.000000e+000	1.634828e-173	1.147234e-305	
0.000000e+000	0.000000e+000	0.000000e+000	0.000000e+000	0.000000e+000	0.000000e+000	0.000000e+000	0.000000e+000	0.000000e+000	0.000000e+000	0.000000e+000	0.000000e+000	0.000000e+000	0.000000e+000	0.000000e+000	-2.530171e-098	-2.656984e+303	0.000000e+000	1.634799e-173	1.147521e-305	0.000000e+000	2.121996e-314	-7.845908e+298	3.980644e-001	9.173575e-001	-2.530171e-098	-2.656984e+303	0.000000e+000	1.634828e-173	1.147851e-305	
0.000000e+000	0.000000e+000	0.000000e+000	0.000000e+000	0.000000e+000	0.000000e+000	0.000000e+000	9.159285e-001	0.000000e+000	0.000000e+000	0.000000e+000	0.000000e+000	0.000000e+000	0.000000e+000	0.000000e+000	-2.530171e-098	-2.656984e+303	0.000000e+000	1.634799e-173	1.148138e-305	0.000000e+000	2.121996e-314	-7.845908e+298	1.316756e-001	9.912929e-001	-2.530171e-098	-2.656984e+303	0.000000e+000	1.634828e-173	1.148468e-305	
0.000000e+000	0.000000e+000	0.000000e+000	0.000000e+000	0.000000e+000	0.000000e+000	0.000000e+000	3.164102e-001	0.000000e+000	0.000000e+000	0.000000e+000	0.000000e+000	0.000000e+000	0.000000e+000	0.000000e+000	-2.530171e-098	-2.656984e+303	0.000000e+000	1.634799e-173	1.148755e-305	0.000000e+000	2.121996e-314	-7.845908e+298	8.790093e-001	4.768046e-001	-2.530171e-098	-2.656984e+303	0.000000e+000	1.634828e-173	1.149086e-305	
0.000000e+000	0.000000e+000	0.000000e+000	0.000000e+000	0.000000e+000	0.000000e+000	0.000000e+000	5.283922e-001	0.000000e+000	0.000000e+000	0.000000e+000	0.000000e+000	0.000000e+000	0.000000e+000	0.000000e+000	-2.530171e-098	-2.656984e+303	0.000000e+000	1.634799e-173	1.149372e-305	0.000000e+000	2.121996e-314	-7.845908e+298	6.748783e-001	7.379290e-001	-2.530171e-098	-2.656984e+303	0.000000e+000	1.634828e-173	1.149703e-305	
0.000000e+000	0.000000e+000	0.000000e+000	0.000000e+000	0.000000e+000	0.000000e+000	0.000000e+000	6.669682e-001	0.000000e+000	0.000000e+000	0.000000e+000	0.000000e+000	0.000000e+000	0.000000e+000	0.000000e+000	-2.530171e-098	-2.656984e+303	0.000000e+000	1.634799e-173	1.149989e-305	0.000000e+000	2.121996e-314	-7.845908e+298	4.995897e-001	8.662622e-001	-2.530171e-098	-2.656984e+303	0.000000e+000	1.634828e-173	1.150320e-305	
0.000000e+000	0.000000e+000	0.000000e+000	0.000000e+000	0.000000e+000	0.000000e+000	0.000000e+000	8.114966e-001	0.000000e+000	0.000000e+000	0.000000e+000	0.000000e+000	0.000000e+000	0.000000e+000	0.000000e+000	-2.530171e-098	-2.656984e+303	0.000000e+000	1.634799e-173	1.150607e-305	0.000000e+000	2.121996e-314	-7.845908e+298	2.917925e-001	9.564816e-001	-2.530171e-098	-2.656984e+303	0.000000e+000	1.634828e-173	1.150937e-305	
0.000000e+000	0.000000e+000	0.000000e+000	0.000000e+000	0.000000e+000	0.000000e+000	0.000000e+000	4.686160e-001	0.000000e+000	0.000000e+000	0.000000e+000	0.000000e+000	0.000000e+000	0.000000e+000	0.000000e+000	-2.530171e-098	-2.656984e+303	0.000000e+000	1.634799e-173	1.151224e-305	0.000000e+000	2.121996e-314	-7.845908e+298	7.410925e-001	6.714030e-001	-2.530171e-098	-2.656984e+303	0.000000e+000	1.634828e-173	1.151554e-305	
0.000000e+000	0.000000e+000	0.000000e+000	0.000000e+000	0.000000e+000	0.000000e+000	0.000000e+000	6.000256e-001	0.000000e+000	0.000000e+000	0.000000e+000	0.000000e+000	0.000000e+000	0.000000e+000	0.000000e+000	-2.530171e-098	-2.656984e+303	0.000000e+000	1.634799e-173	1.151841e-305	0.000000e+000	2.121996e-314	-7.845908e+298	5.877527e-001	8.090406e-001	-2.530171e-098	-2.656984e+303	0.000000e+000	1.634828e-173	1.152171e-305	
0.000000e+000	0.000000e+000	0.000000e+000	0.000000e+000	0.000000e+000	0.000000e+000	0.000000e+000	3.547577e-001	0.000000e+000	0.000000e+000	0.000000e+000	0.000000e+000	0.000000e+000	0.000000e+000	0.000000e+000	-2.530171e-098	-2.656984e+303	0.000000e+000	1.634799e-173	1.152458e-305	0.000000e+000	2.121996e-314	-7.845908e+298	8.487116e-001	5.288560e-001	-2.530171e-098	-2.656984e+303	0.000000e+000	1.634828e-173	1.152788e-305	
0.000000e+000	0.000000e+000	0.000000e+000	0.000000e+000	0.000000e+000	0.000000e+000	0.000000e+000	9.737786e-001	0.000000e+000	0.000000e+000	0.000000e+000	0.000000e+000	0.000000e+000	0.000000e+000	0.000000e+000	-2.530171e-098	-2.656984e+303	0.000000e+000	1.634799e-173	1.153075e-305	0.000000e+000	2.121996e-314	-7.845908e+298	4.117687e-002	9.991519e-001	-2.530171e-098	-2.656984e+303	0.000000e+000	1.634828e-173	1.153405e-305	
0.000000e+000	0.000000e+000	0.000000e+000	0.000000e+000	0.000000e+000	0.000000e+000	0.000000e+000	7.695033e-001	0.000000e+000	0.000000e+000	0.000000e+000	0.000000e+000	0.000000e+000	0.000000e+000	0.000000e+000	-2.530171e-098	-2.656984e+303	0.000000e+000	1.634799e-173	1.153692e-305	0.000000e+000	2.121996e-314	-7.845908e+298	3.542046e-001	9.351679e-001	-2.530171e-098	-2.656984e+303	0.000000e+000	1.634828e-173	1.154022e-305	
0.000000e+000	0.000000e+000	0.000000e+000	0.000000e+000	0.000000e+000	0.000000e+000	0.000000e+000	9.430988e-001	0.000000e+000	0.000000e+000	0.000000e+000	0.000000e+000	0.000000e+000	0.000000e+000	0.000000e+000	-2.530171e-098	-2.656984e+303	0.000000e+000	1.634799e-173	1.154309e-305	0.000000e+000	2.121996e-314	-7.845908e+298	8.926122e-002	9.960083e-001	-2.530171e-098	-2.656984e+303	0.000000e+000	1.634828e-173	1.154640e-305	
0.000000e+000	0.000000e+000	0.000000e+000	0.000000e+000	0.000000e+000	0.000000e+000	0.000000e+000	9.067344e-002	0.000000e+000	0.000000e+000	0.000000e+000	0.000000e+000	0.000000e+000	0.000000e+000	0.000000e+000	-2.530171e-098	-2.656984e+303	0.000000e+000	1.634799e-173	1.154926e-305	0.000000e+000	2.121996e-314	-7.845908e+298	9.898741e-001	1.419484e-001	-2.530171e-098	-2.656984e+303	0.000000e+000	1.634828e-173	1.155257e-305	
0.000000e+000	0.000000e+000	0.000000e+000	0.000000e+000	0.000000e+000	0.000000e+000	0.000000e+000	8.917082e-001	0.000000e+000	0.000000e+000	0.000000e+000	0.000000e+000	0.000000e+000	0.000000e+000	0.000000e+000	-2.530171e-098	-2.656984e+303	0.000000e+000	1.634799e-173	1.155543e-305	0.000000e+000	2.121996e-314	-7.845908e+298	1.692852e-001	9.855671e-001	-2.530171e-098	-2.656984e+303	0.000000e+000	1.634828e-173	1.155874e-305	
0.000000e+000	0.000000e+000	0.000000e+000	0.000000e+000	0.000000e+000	0.000000e+000	0.000000e+000	8.580419e-001	0.000000e+000	0.000000e+000	0.000000e+000	0.000000e+000	0.000000e+000	0.000000e+000	0.000000e+000	-2.530171e-098	-2.656984e+303	0.000000e+000	1.634799e-173	1.156161e-305	0.000000e+000	2.121996e-314	-7.845908e+298	2.211439e-001	9.752412e-001	-2.530171e-098	-2.656984e+303	0.000000e+000	1.634828e-173	1.156491e-305	
0.000000e+000	0.000000e+000	0.000000e+000	0.000000e+000	0.000000e+000	0.000000e+000	0.000000e+000	1.681866e-001	0.000000e+000	0.000000e+000	0.000000e+000	0.000000e+000	0.000000e+000	0.000000e+000	0.000000e+000	-2.530171e-098	-2.656984e+303	0.000000e+000	1.634799e-173	1.156778e-305	0.000000e+000	2.121996e-314	-7.845908e+298	9.653051e-001	2.611245e-001	-2.530171e-098	-2.656984e+303	0.000000e+000	1.634828e-173	1.157108e-305	
0.000000e+000	0.000000e+000	0.000000e+000	0.000000e+000	0.000000e+000	0.000000e+000	0.000000e+000	2.348697e-001	0.000000e+000	0.000000e+000	0.000000e+000	0.000000e+000	0.000000e+000	0.000000e+000	0.000000e+000	-2.530171e-098	-2.656984e+303	0.000000e+000	1.634799e-173	1.157395e-305	0.000000e+000	2.121996e-314	-7.845908e+298	9.327128e-001	3.606199e-001	-2.530171e-098	-2.656984e+303	0.000000e+000	1.634828e-173	1.157725e-305	
0.000000e+000	0.000000e+000	0.000000e+000	0.000000e+000	0.000000e+000	0.000000e+000	0.000000e+000	4.462544e-001	0.000000e+000	0.000000e+000	0.000000e+000	0.000000e+000	0.000000e+000	0.000000e+000	0.000000e+000	-2.530171e-098	-2.656984e+303	0.000000e+000	1.634799e-173	1.158012e-305	0.000000e+000	2.121996e-314	-7.845908e+298	7.642139e-001	6.449629e-001	-2.530171e-098	-2.656984e+303	0.000000e+000	1.634828e-173	1.158342e-305	
0.000000e+000	0.000000e+000	0.000000e+000	0.000000e+000	0.000000e+000	0.000000e+000	0.000000e+000	5.052301e-001	0.000000e+000	0.000000e+000	0.000000e+000	0.000000e+000	0.000000e+000	0.000000e+000	0.000000e+000	-2.530171e-098	-2.656984e+303	0.000000e+000	1.634799e-173	1.158629e-305	0.000000e+000	2.121996e-314	-7.845908e+298	7.012738e-001	7.128921e-001	-2.530171e-098	-2.656984e+303	0.000000e+000	1.634828e-173	1.158959e-305	
0.000000e+000	0.000000e+000	0.000000e+000	0.000000e+000	0.000000e+000	0.000000e+000	0.000000e+000	2.104974e-001	0.000000e+000	0.000000e+000	0.000000e+000	0.000000e+000	0.000000e+000	0.000000e+000	0.000000e+000	-2.530171e-098	-2.656984e+303	0.000000e+000	1.634799e-173	1.159246e-305	0.000000e+000	2.121996e-314	-7.845908e+298	9.458320e-001	3.246565e-001	-2.530171e-098	-2.656984e+303	0.000000e+000	1.634828e-173	1.159576e-305	
0.000000e+000	0.000000e+000	0.000000e+000	0.000000e+000	0.000000e+000	0.000000e+000	0.000000e+000	0.000000e+000	0.000000e+000	0.000000e+000	0.000000e+000	0.000000e+000	0.000000e+000	0.000000e+000	0.000000e+000	-2.530171e-098	-2.656984e+303	0.000000e+000	1.634799e-173	1.159863e-305	0.000000e+000	2.121996e-314	-7.845908e+298	1.000000e+000	0.000000e+000	-2.530171e-098	-2.656984e+303	0.000000e+000	1.634828e-173	1.160193e-305	
0.000000e+000	0.000000e+000	0.000000e+000	0.000000e+000	0.000000e+000	0.000000e+000	0.000000e+000	3.335205e-001	0.000000e+000	0.000000e+000	0.000000e+000	0.000000e+000	0.000000e+000	0.000000e+000	0.000000e+000	-2.530171e-098	-2.656984e+303	0.000000e+000	1.634799e-173	1.160480e-305	0.000000e+000	2.121996e-314	-7.845908e+298	8.658784e-001	5.002546e-001	-2.530171e-098	-2.656984e+303	0.000000e+000	1.634828e-173	1.160811e-305	
0.000000e+000	0.000000e+000	0.000000e+000	0.000000e+000	0.000000e+000	0.000000e+000	0.000000e+000	7.150789e-001	0.000000e+000	0.000000e+000	0.000000e+000	0.000000e+000	0.000000e+000	0.000000e+000	0.000000e+000	-2.530171e-098	-2.656984e+303	0.000000e+000	1.634799e-173	1.161097e-305	0.000000e+000	2.121996e-314	-7.845908e+298	4.327608e-001	9.015088e-001	-2.530171e-098	-2.656984e+303	0.000000e+000	1.634828e-173	1.161428e-305	
0.000000e+000	0.000000e+000	0.000000e+000	0.000000e+000	0.000000e+000	0.000000e+000	0.000000e+000	5.846383e-002	0.000000e+000	0.000000e+000	0.000000e+000	0.000000e+000	0.000000e+000	0.000000e+000	0.000000e+000	-2.530171e-098	-2.656984e+303	0.000000e+000	1.634799e-173	1.161715e-305	0.000000e+000	2.121996e-314	-7.845908e+298	9.957862e-001	9.170574e-002	-2.530171e-098	-2.656984e+303	0.000000e+000	1.634828e-173	1.162045e-305	
0.000000e+000	0.000000e+000	0.000000e+000	0.000000e+000	0.000000e+000	0.000000e+000	0.000000e+000	4.023259e-001	0.000000e+000	0.000000e+000	0.000000e+000	0.000000e+000	0.000000e+000	0.000000e+000	0.000000e+000	-2.530171e-098	-2.656984e+303	0.000000e+000	1.634799e-173	1.162332e-305	0.000000e+000	2.121996e-314	-7.845908e+298	8.068641e-001	5.907371e-001	-2.530171e-098	-2.656984e+303	0.000000e+000	1.634828e-173	1.162662e-305	
0.000000e+000	0.000000e+000	0.000000e+000	0.000000e+000	0.000000e+000	0.000000e+000	0.000000e+000	1.121206e-001	0.000000e+000	0.000000e+000	0.000000e+000	0.000000e+000	0.000000e+000	0.000000e+000	0.000000e+000	-2.530171e-098	-2.656984e+303	0.000000e+000	1.634799e-173	1.162949e-305	0.000000e+000	2.121996e-314	-7.845908e+298	9.845312e-001	1.752095e-001	-2.530171e-098	-2.656984e+303	0.000000e+000	1.634828e-173	1.163279e-305	
0.000000e+000	0.000000e+000	0.000000e+000	0.000000e+000	0.000000e+000	0.000000e+000	0.000000e+000	7.403868e-001	0.000000e+000	0.000000e+000	0.000000e+000	0.000000e+000	0.000000e+000	0.000000e+000	0.000000e+000	-2.530171e-098	-2.656984e+303	0.000000e+000	1.634799e-173	1.163566e-305	0.000000e+000	2.121996e-314	-7.845908e+298	3.965902e-001	9.179958e-001	-2.530171e-098	-2.656984e+303	0.000000e+000	1.634828e-173	1.163896e-305	
0.000000e+000	0.000000e+000	0.000000e+000	0.000000e+000	0.000000e+000	0.000000e+000	0.000000e+000	5.573517e-001	0.000000e+000	0.000000e+000	0.000000e+000	0.000000e+000	0.000000e+000	0.000000e+000	0.000000e+000	-2.530171e-098	-2.656984e+303	0.000000e+000	1.634799e-173	1.164183e-305	0.000000e+000	2.121996e-314	-7.845908e+298	6.406238e-001	7.678549e-001	-2.530171e-098	-2.656984e+303	0.000000e+000	1.634828e-173	1.164513e-305	
0.000000e+000	0.000000e+000	0.000000e+000	0.000000e+000	0.000000e+000	0.000000e+000	0.000000e+000	2.850650e-002	0.000000e+000	0.000000e+000	0.000000e+000	0.000000e+000	0.000000e+000	0.000000e+000	0.000000e+000	-2.530171e-098	-2.656984e+303	0.000000e+000	1.634799e-173	1.164800e-305	0.000000e+000	2.121996e-314	-7.845908e+298	9.989976e-001	4.476294e-002	-2.530171e-098	-2.656984e+303	0.000000e+000	1.634828e-173	1.165130e-305	
0.000000e+000	0.000000e+000	0.000000e+000	0.000000e+000	0.000000e+000	0.000000e+000	0.000000e+000	4.890514e-001	0.000000e+000	0.000000e+000	0.000000e+000	0.000000e+000	0.000000e+000	0.000000e+000	0.000000e+000	-2.530171e-098	-2.656984e+303	0.000000e+000	1.634799e-173	1.165417e-305	0.000000e+000	2.121996e-314	-7.845908e+298	7.191624e-001	6.948420e-001	-2.530171e-098	-2.656984e+303	0.000000e+000	1.634828e-173	1.165747e-305	
0.000000e+000	0.000000e+000	0.000000e+000	0.000000e+000	0.000000e+000	0.000000e+000	0.000000e+000	4.191753e-001	0.000000e+000	0.000000e+000	0.000000e+000	0.000000e+000	0.000000e+000	0.000000e+000	0.000000e+000	-2.530171e-098	-2.656984e+303	0.000000e+000	1.634799e-173	1.166034e-305	0.000000e+000	2.121996e-314	-7.845908e+298	7.909483e-001	6.118830e-001	-2.530171e-098	-2.656984e+303	0.000000e+000	1.634828e-173	1.166365e-305	
0.000000e+000	0.000000e+000	0.000000e+000	0.000000e+000	0.000000e+000	0.000000e+000	0.000000e+000	3.758680e-001	0.000000e+000	0.000000e+000	0.000000e+000	0.000000e+000	0.000000e+000	0.000000e+000	0.000000e+000	-2.530171e-098	-2.656984e+303	0.000000e+000	1.634799e-173	1.166651e-305	0.000000e+000	2.121996e-314	-7.845908e+298	8.307114e-001	5.567033e-001	-2.530171e-098	-2.656984e+303	0.000000e+000	1.634828e-173	1.166982e-305	
0.000000e+000	0.000000e+000	0.000000e+000	0.000000e+000	0.000000e+000	0.000000e+000	0.000000e+000	7.997647e-001	0.000000e+000	0.000000e+000	0.000000e+000	0.000000e+000	0.000000e+000	0.000000e+000	0.000000e+000	-2.530171e-098	-2.656984e+303	0.000000e+000	1.634799e-173	1.167269e-305	0.000000e+000	2.121996e-314	-7.845908e+298	3.093684e-001	9.509423e-001	-2.530171e-098	-2.656984e+303	0.000000e+000	1.634828e-173	1.167599e-305	
0.000000e+000	0.000000e+000	0.000000e+000	0.000000e+000	0.000000e+000	0.000000e+000	0.000000e+000	2.552747e-001	0.000000e+000	0.000000e+000	0.000000e+000	0.000000e+000	0.000000e+000	0.000000e+000	0.000000e+000	-2.530171e-098	-2.656984e+303	0.000000e+000	1.634799e-173	1.167886e-305	0.000000e+000	2.121996e-314	-7.845908e+298	9.206771e-001	3.903250e-001	-2.530171e-098	-2.656984e+303	0.000000e+000	1.634828e-173	1.168216e-305	
0.000000e+000	0.000000e+000	0.000000e+000	0.000000e+000	0.000000e+000	0.000000e+000	0.000000e+000	5.771492e-001	0.000000e+000	0.000000e+000	0.000000e+000	0.000000e+000	0.000000e+000	0.000000e+000	0.000000e+000	-2.530171e-098	-2.656984e+303	0.000000e+000	1.634799e-173	1.168503e-305	0.000000e+000	2.121996e-314	-7.845908e+298	6.164392e-001	7.874025e-001	-2.530171e-098	-2.656984e+303	0.000000e+000	1.634828e-173	1.168833e-305	
0.000000e+000	0.000000e+000	0.000000e+000	0.000000e+000	0.000000e+000	0.000000e+000	0.000000e+000	6.909139e-001	0.000000e+000	0.000000e+000	0.000000e+000	0.000000e+000	0.000000e+000	0.000000e+000	0.000000e+000	-2.530171e-098	-2.656984e+303	0.000000e+000	1.634799e-173	1.169120e-305	0.000000e+000	2.121996e-314	-7.845908e+298	4.666607e-001	8.844364e-001	-2.530171e-098	-2.656984e+303	0.000000e+000	1.634828e-173	1.169450e-305	
0.000000e+000	0.000000e+000	0.000000e+000	0.000000e+000	0.000000e+000	0.000000e+000	0.000000e+000	2.911302e-001	0.000000e+000	0.000000e+000	0.000000e+000	0.000000e+000	0.000000e+000	0.000000e+000	0.000000e+000	-2.530171e-098	-2.656984e+303	0.000000e+000	1.634799e-173	1.169737e-305	0.000000e+000	2.121996e-314	-7.845908e+298	8.972451e-001	4.415327e-001	-2.530171e-098	-2.656984e+303	0.000000e+000	1.634828e-173	1.170067e-305	
0.000000e+000	0.000000e+000	0.000000e+000	0.000000e+000	0.000000e+000	0.000000e+000	0.000000e+000	1.000000e+000	0.000000e+000	0.000000e+000	0.000000e+000	0.000000e+000	0.000000e+000	0.000000e+000	0.000000e+000	-2.530171e-098	-2.656984e+303	0.000000e+000	5.562933e-135	1.170363e-305	0.000000e+000	2.121996e-314	-7.845908e+298	6.123234e-017	1.000000e+000	-2.530171e-098	-2.656984e+303	-2.656984e+303	0.000000e+000	1.634830e-173	
0.000000e+000	0.000000e+000	0.000000e+000	0.000000e+000	0.000000e+000	0.000000e+000	0.000000e+000	1.406851e-001	0.000000e+000	0.000000e+000	0.000000e+000	0.000000e+000	0.000000e+000	0.000000e+000	0.000000e+000	-2.530171e-098	-2.656984e+303	0.000000e+000	1.634799e-173	1.170980e-305	0.000000e+000	2.121996e-314	-7.845908e+298	9.756814e-001	2.191933e-001	-2.530171e-098	-2.656984e+303	0.000000e+000	1.634828e-173	1.171310e-305	
0.000000e+000	0.000000e+000	0.000000e+000	0.000000e+000	0.000000e+000	0.000000e+000	0.000000e+000	1.889856e-001	0.000000e+000	0.000000e+000	0.000000e+000	0.000000e+000	0.000000e+000	0.000000e+000	0.000000e+000	-2.530171e-098	-2.656984e+303	0.000000e+000	1.634799e-173	1.171597e-305	0.000000e+000	2.121996e-314	-7.845908e+298	9.562603e-001	2.925169e-001	-2.530171e-098	-2.656984e+303	0.000000e+000	1.634828e-173	1.171927e-305	
0.000000e+000	0.000000e+000	0.000000e+000	0.000000e+000	0.000000e+000	0.000000e+000	0.000000e+000	6.264902e-001	0.000000e+000	0.000000e+000	0.000000e+000	0.000000e+000	0.000000e+000	0.000000e+000	0.000000e+000	-2.530171e-098	-2.656984e+303	0.000000e+000	1.634799e-173	1.172214e-305	0.000000e+000	2.121996e-314	-7.845908e+298	5.536225e-001	8.327678e-001	-2.530171e-098	-2.656984e+303	0.000000e+000	1.634828e-173	1.172544e-305	
