0.000000e+000	0.000000e+000	0.000000e+000	0.000000e+000	0.000000e+000	0.000000e+000	0.000000e+000	0.000000e+000	0.000000e+000	0.000000e+000	2.274928e-002	0.000000e+000	0.000000e+000	0.000000e+000	0.000000e+000	-2.530171e-098	-2.656984e+303	0.000000e+000	1.221717e-173	8.594652e-306	0.000000e+000	2.121996e-314	-7.845908e+298	9.993616e-001	3.572689e-002	-2.530171e-098	-2.656984e+303	0.000000e+000	1.221731e-173	8.596303e-306	
0.000000e+000	0.000000e+000	0.000000e+000	0.000000e+000	0.000000e+000	0.000000e+000	0.000000e+000	0.000000e+000	0.000000e+000	0.000000e+000	4.766015e-001	0.000000e+000	0.000000e+000	0.000000e+000	0.000000e+000	-2.530171e-098	-2.656984e+303	0.000000e+000	1.221717e-173	8.597738e-306	0.000000e+000	2.121996e-314	-7.845908e+298	7.326126e-001	6.806459e-001	-2.530171e-098	-2.656984e+303	0.000000e+000	1.221731e-173	8.599389e-306	
0.000000e+000	0.000000e+000	0.000000e+000	0.000000e+000	0.000000e+000	0.000000e+000	0.000000e+000	0.000000e+000	0.000000e+000	0.000000e+000	2.802989e-001	0.000000e+000	0.000000e+000	0.000000e+000	0.000000e+000	-2.530171e-098	-2.656984e+303	0.000000e+000	1.221717e-173	8.600823e-306	0.000000e+000	2.121996e-314	-7.845908e+298	9.046270e-001	4.262041e-001	-2.530171e-098	-2.656984e+303	0.000000e+000	1.221731e-173	8.602475e-306	
0.000000e+000	0.000000e+000	0.000000e+000	0.000000e+000	0.000000e+000	0.000000e+000	0.000000e+000	0.000000e+000	0.000000e+000	0.000000e+000	1.754888e-001	0.000000e+000	0.000000e+000	0.000000e+000	0.000000e+000	-2.530171e-098	-2.656984e+303	0.000000e+000	1.221717e-173	8.603909e-306	0.000000e+000	2.121996e-314	-7.845908e+298	9.622465e-001	2.721794e-001	-2.530171e-098	-2.656984e+303	0.000000e+000	1.221731e-173	8.605560e-306	
0.000000e+000	0.000000e+000	0.000000e+000	0.000000e+000	0.000000e+000	0.000000e+000	0.000000e+000	0.000000e+000	0.000000e+000	0.000000e+000	2.441018e-001	0.000000e+000	0.000000e+000	0.000000e+000	0.000000e+000	-2.530171e-098	-2.656984e+303	0.000000e+000	1.221717e-173	8.606994e-306	0.000000e+000	2.121996e-314	-7.845908e+298	9.273854e-001	3.741075e-001	-2.530171e-098	-2.656984e+303	0.000000e+000	1.221731e-173	8.608646e-306	
0.000000e+000	0.000000e+000	0.000000e+000	0.000000e+000	0.000000e+000	0.000000e+000	0.000000e+000	0.000000e+000	0.000000e+000	0.000000e+000	4.027149e-001	0.000000e+000	0.000000e+000	0.000000e+000	0.000000e+000	-2.530171e-098	-2.656984e+303	0.000000e+000	1.221717e-173	8.610080e-306	0.000000e+000	2.121996e-314	-7.845908e+298	8.065030e-001	5.912300e-001	-2.530171e-098	-2.656984e+303	0.000000e+000	1.221731e-173	8.611731e-306	
0.000000e+000	0.000000e+000	0.000000e+000	0.000000e+000	0.000000e+000	0.000000e+000	0.000000e+000	0.000000e+000	0.000000e+000	0.000000e+000	2.601274e-001	0.000000e+000	0.000000e+000	0.000000e+000	0.000000e+000	-2.530171e-098	-2.656984e+303	0.000000e+000	1.221717e-173	8.613165e-306	0.000000e+000	2.121996e-314	-7.845908e+298	9.176751e-001	3.973316e-001	-2.530171e-098	-2.656984e+303	0.000000e+000	1.221731e-173	8.614817e-306	
0.000000e+000	0.000000e+000	0.000000e+000	0.000000e+000	0.000000e+000	0.000000e+000	0.000000e+000	0.000000e+000	0.000000e+000	0.000000e+000	6.969317e-001	0.000000e+000	0.000000e+000	0.000000e+000	0.000000e+000	-2.530171e-098	-2.656984e+303	0.000000e+000	1.221717e-173	8.616251e-306	0.000000e+000	2.121996e-314	-7.845908e+298	4.582795e-001	8.888081e-001	-2.530171e-098	-2.656984e+303	0.000000e+000	1.221731e-173	8.617902e-306	
0.000000e+000	0.000000e+000	0.000000e+000	0.000000e+000	0.000000e+000	0.000000e+000	0.000000e+000	0.000000e+000	0.000000e+000	0.000000e+000	4.446320e-001	0.000000e+000	0.000000e+000	0.000000e+000	0.000000e+000	-2.530171e-098	-2.656984e+303	0.000000e+000	1.221717e-173	8.619336e-306	0.000000e+000	2.121996e-314	-7.845908e+298	7.658550e-001	6.430133e-001	-2.530171e-098	-2.656984e+303	0.000000e+000	1.221731e-173	8.620988e-306	
0.000000e+000	0.000000e+000	0.000000e+000	0.000000e+000	0.000000e+000	0.000000e+000	0.000000e+000	0.000000e+000	0.000000e+000	0.000000e+000	3.431876e-001	0.000000e+000	0.000000e+000	0.000000e+000	0.000000e+000	-2.530171e-098	-2.656984e+303	0.000000e+000	1.221717e-173	8.622422e-306	0.000000e+000	2.121996e-314	-7.845908e+298	8.581824e-001	5.133448e-001	-2.530171e-098	-2.656984e+303	0.000000e+000	1.221731e-173	8.624073e-306	
0.000000e+000	0.000000e+000	0.000000e+000	0.000000e+000	0.000000e+000	0.000000e+000	0.000000e+000	0.000000e+000	0.000000e+000	0.000000e+000	8.125101e-001	0.000000e+000	0.000000e+000	0.000000e+000	0.000000e+000	-2.530171e-098	-2.656984e+303	0.000000e+000	1.221717e-173	8.625508e-306	0.000000e+000	2.121996e-314	-7.845908e+298	2.902695e-001	9.569450e-001	-2.530171e-098	-2.656984e+303	0.000000e+000	1.221731e-173	8.627159e-306	
0.000000e+000	0.000000e+000	0.000000e+000	0.000000e+000	0.000000e+000	0.000000e+000	0.000000e+000	0.000000e+000	0.000000e+000	0.000000e+000	0.000000e+000	0.000000e+000	0.000000e+000	0.000000e+000	0.000000e+000	-2.530171e-098	-2.656984e+303	0.000000e+000	1.221717e-173	8.628593e-306	0.000000e+000	2.121996e-314	-7.845908e+298	1.000000e+000	0.000000e+000	-2.530171e-098	-2.656984e+303	0.000000e+000	1.221731e-173	8.630244e-306	
0.000000e+000	0.000000e+000	0.000000e+000	0.000000e+000	0.000000e+000	0.000000e+000	0.000000e+000	0.000000e+000	0.000000e+000	0.000000e+000	2.161273e-001	0.000000e+000	0.000000e+000	0.000000e+000	0.000000e+000	-2.530171e-098	-2.656984e+303	0.000000e+000	1.221717e-173	8.631679e-306	0.000000e+000	2.121996e-314	-7.845908e+298	9.429239e-001	3.330082e-001	-2.530171e-098	-2.656984e+303	0.000000e+000	1.221731e-173	8.633330e-306	
0.000000e+000	0.000000e+000	0.000000e+000	0.000000e+000	0.000000e+000	0.000000e+000	0.000000e+000	0.000000e+000	0.000000e+000	0.000000e+000	1.545629e-001	0.000000e+000	0.000000e+000	0.000000e+000	0.000000e+000	-2.530171e-098	-2.656984e+303	0.000000e+000	1.221717e-173	8.634764e-306	0.000000e+000	2.121996e-314	-7.845908e+298	9.706718e-001	2.404087e-001	-2.530171e-098	-2.656984e+303	0.000000e+000	1.221731e-173	8.636416e-306	
0.000000e+000	0.000000e+000	0.000000e+000	0.000000e+000	0.000000e+000	0.000000e+000	0.000000e+000	0.000000e+000	0.000000e+000	0.000000e+000	7.595944e-001	0.000000e+000	0.000000e+000	0.000000e+000	0.000000e+000	-2.530171e-098	-2.656984e+303	0.000000e+000	1.221717e-173	8.637850e-306	0.000000e+000	2.121996e-314	-7.845908e+298	3.687168e-001	9.295418e-001	-2.530171e-098	-2.656984e+303	0.000000e+000	1.221731e-173	8.639501e-306	
0.000000e+000	0.000000e+000	0.000000e+000	0.000000e+000	0.000000e+000	0.000000e+000	0.000000e+000	0.000000e+000	0.000000e+000	0.000000e+000	9.024582e-001	0.000000e+000	0.000000e+000	0.000000e+000	0.000000e+000	-2.530171e-098	-2.656984e+303	0.000000e+000	1.221717e-173	8.640935e-306	0.000000e+000	2.121996e-314	-7.845908e+298	1.526196e-001	9.882850e-001	-2.530171e-098	-2.656984e+303	0.000000e+000	1.221731e-173	8.642587e-306	
0.000000e+000	0.000000e+000	0.000000e+000	0.000000e+000	0.000000e+000	0.000000e+000	0.000000e+000	0.000000e+000	0.000000e+000	0.000000e+000	6.088138e-001	0.000000e+000	0.000000e+000	0.000000e+000	0.000000e+000	-2.530171e-098	-2.656984e+303	0.000000e+000	1.221717e-173	8.644021e-306	0.000000e+000	2.121996e-314	-7.845908e+298	5.765287e-001	8.170769e-001	-2.530171e-098	-2.656984e+303	0.000000e+000	1.221731e-173	8.645672e-306	
0.000000e+000	0.000000e+000	0.000000e+000	0.000000e+000	0.000000e+000	0.000000e+000	0.000000e+000	0.000000e+000	0.000000e+000	0.000000e+000	5.335733e-001	0.000000e+000	0.000000e+000	0.000000e+000	0.000000e+000	-2.530171e-098	-2.656984e+303	0.000000e+000	1.221717e-173	8.647106e-306	0.000000e+000	2.121996e-314	-7.845908e+298	6.688504e-001	7.433970e-001	-2.530171e-098	-2.656984e+303	0.000000e+000	1.221731e-173	8.648758e-306	
0.000000e+000	0.000000e+000	0.000000e+000	0.000000e+000	0.000000e+000	0.000000e+000	0.000000e+000	0.000000e+000	0.000000e+000	0.000000e+000	8.348011e-001	0.000000e+000	0.000000e+000	0.000000e+000	0.000000e+000	-2.530171e-098	-2.656984e+303	0.000000e+000	1.221717e-173	8.650192e-306	0.000000e+000	2.121996e-314	-7.845908e+298	2.565914e-001	9.665200e-001	-2.530171e-098	-2.656984e+303	0.000000e+000	1.221731e-173	8.651843e-306	
0.000000e+000	0.000000e+000	0.000000e+000	0.000000e+000	0.000000e+000	0.000000e+000	0.000000e+000	0.000000e+000	0.000000e+000	0.000000e+000	6.725095e-001	0.000000e+000	0.000000e+000	0.000000e+000	0.000000e+000	-2.530171e-098	-2.656984e+303	0.000000e+000	1.221717e-173	8.653277e-306	0.000000e+000	2.121996e-314	-7.845908e+298	4.920307e-001	8.705778e-001	-2.530171e-098	-2.656984e+303	0.000000e+000	1.221731e-173	8.654929e-306	
0.000000e+000	0.000000e+000	0.000000e+000	0.000000e+000	0.000000e+000	0.000000e+000	0.000000e+000	0.000000e+000	0.000000e+000	0.000000e+000	3.030254e-001	0.000000e+000	0.000000e+000	0.000000e+000	0.000000e+000	-2.530171e-098	-2.656984e+303	0.000000e+000	1.221717e-173	8.656363e-306	0.000000e+000	2.121996e-314	-7.845908e+298	8.888390e-001	4.582197e-001	-2.530171e-098	-2.656984e+303	0.000000e+000	1.221731e-173	8.658014e-306	
0.000000e+000	0.000000e+000	0.000000e+000	0.000000e+000	0.000000e+000	0.000000e+000	0.000000e+000	0.000000e+000	0.000000e+000	0.000000e+000	9.276057e-001	0.000000e+000	0.000000e+000	0.000000e+000	0.000000e+000	-2.530171e-098	-2.656984e+303	0.000000e+000	1.221717e-173	8.659449e-306	0.000000e+000	2.121996e-314	-7.845908e+298	1.134718e-001	9.935412e-001	-2.530171e-098	-2.656984e+303	0.000000e+000	1.221731e-173	8.661100e-306	
0.000000e+000	0.000000e+000	0.000000e+000	0.000000e+000	0.000000e+000	0.000000e+000	0.000000e+000	0.000000e+000	0.000000e+000	0.000000e+000	1.000000e+000	0.000000e+000	0.000000e+000	0.000000e+000	0.000000e+000	-2.530171e-098	-2.656984e+303	0.000000e+000	1.221717e-173	8.662534e-306	0.000000e+000	2.121996e-314	-7.845908e+298	6.123234e-017	1.000000e+000	-2.530171e-098	-2.656984e+303	0.000000e+000	1.221731e-173	8.664186e-306	
0.000000e+000	0.000000e+000	0.000000e+000	0.000000e+000	0.000000e+000	0.000000e+000	0.000000e+000	0.000000e+000	0.000000e+000	0.000000e+000	8.522568e-001	0.000000e+000	0.000000e+000	0.000000e+000	0.000000e+000	-2.530171e-098	-2.656984e+303	0.000000e+000	1.221717e-173	8.665620e-306	0.000000e+000	2.121996e-314	-7.845908e+298	2.299969e-001	9.731914e-001	-2.530171e-098	-2.656984e+303	0.000000e+000	1.221731e-173	8.667271e-306	
0.000000e+000	0.000000e+000	0.000000e+000	0.000000e+000	0.000000e+000	0.000000e+000	0.000000e+000	0.000000e+000	0.000000e+000	0.000000e+000	6.288037e-001	0.000000e+000	0.000000e+000	0.000000e+000	0.000000e+000	-2.530171e-098	-2.656984e+303	0.000000e+000	1.221717e-173	8.668705e-306	0.000000e+000	2.121996e-314	-7.845908e+298	5.505924e-001	8.347742e-001	-2.530171e-098	-2.656984e+303	0.000000e+000	1.221731e-173	8.670357e-306	
0.000000e+000	0.000000e+000	0.000000e+000	0.000000e+000	0.000000e+000	0.000000e+000	0.000000e+000	0.000000e+000	0.000000e+000	0.000000e+000	6.134145e-002	0.000000e+000	0.000000e+000	0.000000e+000	0.000000e+000	-2.530171e-098	-2.656984e+303	0.000000e+000	1.221717e-173	8.671791e-306	0.000000e+000	2.121996e-314	-7.845908e+298	9.953615e-001	9.620590e-002	-2.530171e-098	-2.656984e+303	0.000000e+000	1.221731e-173	8.673442e-306	
0.000000e+000	0.000000e+000	0.000000e+000	0.000000e+000	0.000000e+000	0.000000e+000	0.000000e+000	0.000000e+000	0.000000e+000	0.000000e+000	5.019945e-001	0.000000e+000	0.000000e+000	0.000000e+000	0.000000e+000	-2.530171e-098	-2.656984e+303	0.000000e+000	1.221717e-173	8.674876e-306	0.000000e+000	2.121996e-314	-7.845908e+298	7.048880e-001	7.093187e-001	-2.530171e-098	-2.656984e+303	0.000000e+000	1.221731e-173	8.676528e-306	
0.000000e+000	0.000000e+000	0.000000e+000	0.000000e+000	0.000000e+000	0.000000e+000	0.000000e+000	0.000000e+000	0.000000e+000	0.000000e+000	8.790312e-001	0.000000e+000	0.000000e+000	0.000000e+000	0.000000e+000	-2.530171e-098	-2.656984e+303	0.000000e+000	1.221717e-173	8.677962e-306	0.000000e+000	2.121996e-314	-7.845908e+298	1.888760e-001	9.820010e-001	-2.530171e-098	-2.656984e+303	0.000000e+000	1.221731e-173	8.679613e-306	
0.000000e+000	0.000000e+000	0.000000e+000	0.000000e+000	0.000000e+000	0.000000e+000	0.000000e+000	0.000000e+000	0.000000e+000	0.000000e+000	6.508519e-001	0.000000e+000	0.000000e+000	0.000000e+000	0.000000e+000	-2.530171e-098	-2.656984e+303	0.000000e+000	1.221717e-173	8.681047e-306	0.000000e+000	2.121996e-314	-7.845908e+298	5.213571e-001	8.533386e-001	-2.530171e-098	-2.656984e+303	0.000000e+000	1.221731e-173	8.682699e-306	
0.000000e+000	0.000000e+000	0.000000e+000	0.000000e+000	0.000000e+000	0.000000e+000	0.000000e+000	0.000000e+000	0.000000e+000	0.000000e+000	1.341534e-001	0.000000e+000	0.000000e+000	0.000000e+000	0.000000e+000	-2.530171e-098	-2.656984e+303	0.000000e+000	1.221717e-173	8.684133e-306	0.000000e+000	2.121996e-314	-7.845908e+298	9.778790e-001	2.091715e-001	-2.530171e-098	-2.656984e+303	0.000000e+000	1.221731e-173	8.685784e-306	
0.000000e+000	0.000000e+000	0.000000e+000	0.000000e+000	0.000000e+000	0.000000e+000	0.000000e+000	0.000000e+000	0.000000e+000	0.000000e+000	9.660854e-001	0.000000e+000	0.000000e+000	0.000000e+000	0.000000e+000	-2.530171e-098	-2.656984e+303	0.000000e+000	1.221717e-173	8.687219e-306	0.000000e+000	2.121996e-314	-7.845908e+298	5.324780e-002	9.985813e-001	-2.530171e-098	-2.656984e+303	0.000000e+000	1.221731e-173	8.688870e-306	
0.000000e+000	0.000000e+000	0.000000e+000	0.000000e+000	0.000000e+000	0.000000e+000	0.000000e+000	0.000000e+000	0.000000e+000	0.000000e+000	2.009334e-001	0.000000e+000	0.000000e+000	0.000000e+000	0.000000e+000	-2.530171e-098	-2.656984e+303	0.000000e+000	1.221717e-173	8.690304e-306	0.000000e+000	2.121996e-314	-7.845908e+298	9.506024e-001	3.104110e-001	-2.530171e-098	-2.656984e+303	0.000000e+000	1.221731e-173	8.691956e-306	
0.000000e+000	0.000000e+000	0.000000e+000	0.000000e+000	0.000000e+000	0.000000e+000	0.000000e+000	0.000000e+000	0.000000e+000	0.000000e+000	1.129332e-001	0.000000e+000	0.000000e+000	0.000000e+000	0.000000e+000	-2.530171e-098	-2.656984e+303	0.000000e+000	1.221717e-173	8.693390e-306	0.000000e+000	2.121996e-314	-7.845908e+298	9.843067e-001	1.764661e-001	-2.530171e-098	-2.656984e+303	0.000000e+000	1.221731e-173	8.695041e-306	
0.000000e+000	0.000000e+000	0.000000e+000	0.000000e+000	0.000000e+000	0.000000e+000	0.000000e+000	0.000000e+000	0.000000e+000	0.000000e+000	3.240374e-001	0.000000e+000	0.000000e+000	0.000000e+000	0.000000e+000	-2.530171e-098	-2.656984e+303	0.000000e+000	1.221717e-173	8.696475e-306	0.000000e+000	2.121996e-314	-7.845908e+298	8.732339e-001	4.873014e-001	-2.530171e-098	-2.656984e+303	0.000000e+000	1.221731e-173	8.698127e-306	
0.000000e+000	0.000000e+000	0.000000e+000	0.000000e+000	0.000000e+000	0.000000e+000	0.000000e+000	0.000000e+000	0.000000e+000	0.000000e+000	5.611326e-001	0.000000e+000	0.000000e+000	0.000000e+000	0.000000e+000	-2.530171e-098	-2.656984e+303	0.000000e+000	1.221717e-173	8.699561e-306	0.000000e+000	2.121996e-314	-7.845908e+298	6.360522e-001	7.716460e-001	-2.530171e-098	-2.656984e+303	0.000000e+000	1.221731e-173	8.701212e-306	
0.000000e+000	0.000000e+000	0.000000e+000	0.000000e+000	0.000000e+000	0.000000e+000	0.000000e+000	0.000000e+000	0.000000e+000	0.000000e+000	9.466763e-002	0.000000e+000	0.000000e+000	0.000000e+000	0.000000e+000	-2.530171e-098	-2.656984e+303	0.000000e+000	1.221717e-173	8.702646e-306	0.000000e+000	2.121996e-314	-7.845908e+298	9.889640e-001	1.481561e-001	-2.530171e-098	-2.656984e+303	0.000000e+000	1.221731e-173	8.704298e-306	
0.000000e+000	0.000000e+000	0.000000e+000	0.000000e+000	0.000000e+000	0.000000e+000	0.000000e+000	0.000000e+000	0.000000e+000	0.000000e+000	4.257125e-001	0.000000e+000	0.000000e+000	0.000000e+000	0.000000e+000	-2.530171e-098	-2.656984e+303	0.000000e+000	1.221717e-173	8.705732e-306	0.000000e+000	2.121996e-314	-7.845908e+298	7.846236e-001	6.199724e-001	-2.530171e-098	-2.656984e+303	0.000000e+000	1.221731e-173	8.707383e-306	
0.000000e+000	0.000000e+000	0.000000e+000	0.000000e+000	0.000000e+000	0.000000e+000	0.000000e+000	0.000000e+000	0.000000e+000	0.000000e+000	7.274837e-001	0.000000e+000	0.000000e+000	0.000000e+000	0.000000e+000	-2.530171e-098	-2.656984e+303	0.000000e+000	1.221717e-173	8.708817e-306	0.000000e+000	2.121996e-314	-7.845908e+298	4.151135e-001	9.097696e-001	-2.530171e-098	-2.656984e+303	0.000000e+000	1.221731e-173	8.710469e-306	
0.000000e+000	0.000000e+000	0.000000e+000	0.000000e+000	0.000000e+000	0.000000e+000	0.000000e+000	0.000000e+000	0.000000e+000	0.000000e+000	5.843982e-001	0.000000e+000	0.000000e+000	0.000000e+000	0.000000e+000	-2.530171e-098	-2.656984e+303	0.000000e+000	1.221717e-173	8.711903e-306	0.000000e+000	2.121996e-314	-7.845908e+298	6.074335e-001	7.943705e-001	-2.530171e-098	-2.656984e+303	0.000000e+000	1.221731e-173	8.713554e-306	
0.000000e+000	0.000000e+000	0.000000e+000	0.000000e+000	0.000000e+000	0.000000e+000	0.000000e+000	0.000000e+000	0.000000e+000	0.000000e+000	3.741679e-001	0.000000e+000	0.000000e+000	0.000000e+000	0.000000e+000	-2.530171e-098	-2.656984e+303	0.000000e+000	1.221717e-173	8.714989e-306	0.000000e+000	2.121996e-314	-7.845908e+298	8.321951e-001	5.544829e-001	-2.530171e-098	-2.656984e+303	0.000000e+000	1.221731e-173	8.716640e-306	
0.000000e+000	0.000000e+000	0.000000e+000	0.000000e+000	0.000000e+000	0.000000e+000	0.000000e+000	0.000000e+000	0.000000e+000	0.000000e+000	0.000000e+000	0.000000e+000	0.000000e+000	0.000000e+000	0.000000e+000	-2.530171e-098	-2.656984e+303	0.000000e+000	1.221717e-173	8.718074e-306	0.000000e+000	2.121996e-314	-7.845908e+298	9.778790e-001	2.091715e-001	-2.530171e-098	-2.656984e+303	0.000000e+000	1.221731e-173	8.719725e-306	
0.000000e+000	0.000000e+000	0.000000e+000	0.000000e+000	0.000000e+000	0.000000e+000	0.000000e+000	0.000000e+000	0.000000e+000	0.000000e+000	0.000000e+000	0.000000e+000	0.000000e+000	0.000000e+000	0.000000e+000	-2.530171e-098	-2.656984e+303	0.000000e+000	1.221717e-173	8.721160e-306	0.000000e+000	2.121996e-314	-7.845908e+298	6.448412e-001	7.643166e-001	-2.530171e-098	-2.656984e+303	0.000000e+000	1.221731e-173	8.722811e-306	
0.000000e+000	0.000000e+000	0.000000e+000	0.000000e+000	0.000000e+000	0.000000e+000	0.000000e+000	0.000000e+000	0.000000e+000	0.000000e+000	0.000000e+000	0.000000e+000	0.000000e+000	0.000000e+000	0.000000e+000	-2.530171e-098	-2.656984e+303	0.000000e+000	1.221717e-173	8.724245e-306	0.000000e+000	2.121996e-314	-7.845908e+298	1.000000e+000	0.000000e+000	-2.530171e-098	-2.656984e+303	0.000000e+000	1.221731e-173	8.725897e-306	
0.000000e+000	0.000000e+000	0.000000e+000	0.000000e+000	0.000000e+000	0.000000e+000	0.000000e+000	0.000000e+000	0.000000e+000	0.000000e+000	0.000000e+000	0.000000e+000	0.000000e+000	0.000000e+000	0.000000e+000	-2.530171e-098	-2.656984e+303	0.000000e+000	1.221717e-173	8.727331e-306	0.000000e+000	2.121996e-314	-7.845908e+298	5.505924e-001	8.347742e-001	-2.530171e-098	-2.656984e+303	0.000000e+000	1.221731e-173	8.728982e-306	
0.000000e+000	0.000000e+000	0.000000e+000	0.000000e+000	0.000000e+000	0.000000e+000	0.000000e+000	0.000000e+000	0.000000e+000	0.000000e+000	0.000000e+000	0.000000e+000	0.000000e+000	0.000000e+000	0.000000e+000	-2.530171e-098	-2.656984e+303	0.000000e+000	1.221717e-173	8.730416e-306	0.000000e+000	2.121996e-314	-7.845908e+298	9.889640e-001	1.481561e-001	-2.530171e-098	-2.656984e+303	0.000000e+000	1.221731e-173	8.732068e-306	
0.000000e+000	0.000000e+000	0.000000e+000	0.000000e+000	0.000000e+000	0.000000e+000	0.000000e+000	0.000000e+000	0.000000e+000	0.000000e+000	0.000000e+000	0.000000e+000	0.000000e+000	0.000000e+000	0.000000e+000	-2.530171e-098	-2.656984e+303	0.000000e+000	1.221717e-173	8.733502e-306	0.000000e+000	2.121996e-314	-7.845908e+298	2.534471e-001	9.673492e-001	-2.530171e-098	-2.656984e+303	0.000000e+000	1.221731e-173	8.735153e-306	
0.000000e+000	0.000000e+000	0.000000e+000	0.000000e+000	0.000000e+000	0.000000e+000	0.000000e+000	0.000000e+000	0.000000e+000	0.000000e+000	0.000000e+000	0.000000e+000	0.000000e+000	0.000000e+000	0.000000e+000	-2.530171e-098	-2.656984e+303	0.000000e+000	1.221717e-173	8.736587e-306	0.000000e+000	2.121996e-314	-7.845908e+298	7.326126e-001	6.806459e-001	-2.530171e-098	-2.656984e+303	0.000000e+000	1.221731e-173	8.738239e-306	
0.000000e+000	0.000000e+000	0.000000e+000	0.000000e+000	0.000000e+000	0.000000e+000	0.000000e+000	0.000000e+000	0.000000e+000	0.000000e+000	0.000000e+000	0.000000e+000	0.000000e+000	0.000000e+000	0.000000e+000	-2.530171e-098	-2.656984e+303	0.000000e+000	1.221717e-173	8.739673e-306	0.000000e+000	2.121996e-314	-7.845908e+298	9.046270e-001	4.262041e-001	-2.530171e-098	-2.656984e+303	0.000000e+000	1.221731e-173	8.741324e-306	
0.000000e+000	0.000000e+000	0.000000e+000	0.000000e+000	0.000000e+000	0.000000e+000	0.000000e+000	0.000000e+000	0.000000e+000	0.000000e+000	0.000000e+000	0.000000e+000	0.000000e+000	0.000000e+000	0.000000e+000	-2.530171e-098	-2.656984e+303	0.000000e+000	1.221717e-173	8.742758e-306	0.000000e+000	2.121996e-314	-7.845908e+298	8.732339e-001	4.873014e-001	-2.530171e-098	-2.656984e+303	0.000000e+000	1.221731e-173	8.744410e-306	
0.000000e+000	0.000000e+000	0.000000e+000	0.000000e+000	0.000000e+000	0.000000e+000	0.000000e+000	0.000000e+000	0.000000e+000	0.000000e+000	0.000000e+000	0.000000e+000	0.000000e+000	0.000000e+000	0.000000e+000	-2.530171e-098	-2.656984e+303	0.000000e+000	1.221717e-173	8.745844e-306	0.000000e+000	2.121996e-314	-7.845908e+298	8.888390e-001	4.582197e-001	-2.530171e-098	-2.656984e+303	0.000000e+000	1.221731e-173	8.747495e-306	
0.000000e+000	0.000000e+000	0.000000e+000	0.000000e+000	0.000000e+000	0.000000e+000	0.000000e+000	0.000000e+000	0.000000e+000	0.000000e+000	0.000000e+000	0.000000e+000	0.000000e+000	0.000000e+000	0.000000e+000	-2.530171e-098	-2.656984e+303	0.000000e+000	1.221717e-173	8.748930e-306	0.000000e+000	2.121996e-314	-7.845908e+298	5.213571e-001	8.533386e-001	-2.530171e-098	-2.656984e+303	0.000000e+000	1.221731e-173	8.750581e-306	
0.000000e+000	0.000000e+000	0.000000e+000	0.000000e+000	0.000000e+000	0.000000e+000	0.000000e+000	0.000000e+000	0.000000e+000	0.000000e+000	0.000000e+000	0.000000e+000	0.000000e+000	0.000000e+000	0.000000e+000	-2.530171e-098	-2.656984e+303	0.000000e+000	1.221717e-173	8.752015e-306	0.000000e+000	2.121996e-314	-7.845908e+298	9.706718e-001	2.404087e-001	-2.530171e-098	-2.656984e+303	0.000000e+000	1.221731e-173	8.753667e-306	
0.000000e+000	0.000000e+000	0.000000e+000	0.000000e+000	0.000000e+000	0.000000e+000	0.000000e+000	0.000000e+000	0.000000e+000	0.000000e+000	0.000000e+000	0.000000e+000	0.000000e+000	0.000000e+000	0.000000e+000	-2.530171e-098	-2.656984e+303	0.000000e+000	1.221717e-173	8.755101e-306	0.000000e+000	2.121996e-314	-7.845908e+298	1.526196e-001	9.882850e-001	-2.530171e-098	-2.656984e+303	0.000000e+000	1.221731e-173	8.756752e-306	
0.000000e+000	0.000000e+000	0.000000e+000	0.000000e+000	0.000000e+000	0.000000e+000	0.000000e+000	0.000000e+000	0.000000e+000	0.000000e+000	0.000000e+000	0.000000e+000	0.000000e+000	0.000000e+000	0.000000e+000	-2.530171e-098	-2.656984e+303	0.000000e+000	1.221717e-173	8.758186e-306	0.000000e+000	2.121996e-314	-7.845908e+298	6.736963e-001	7.390083e-001	-2.530171e-098	-2.656984e+303	0.000000e+000	1.221731e-173	8.759838e-306	
0.000000e+000	0.000000e+000	0.000000e+000	0.000000e+000	0.000000e+000	0.000000e+000	0.000000e+000	0.000000e+000	0.000000e+000	0.000000e+000	0.000000e+000	0.000000e+000	0.000000e+000	0.000000e+000	0.000000e+000	-2.530171e-098	-2.656984e+303	0.000000e+000	1.221717e-173	8.761272e-306	0.000000e+000	2.121996e-314	-7.845908e+298	9.176751e-001	3.973316e-001	-2.530171e-098	-2.656984e+303	0.000000e+000	1.221731e-173	8.762923e-306	
0.000000e+000	0.000000e+000	0.000000e+000	0.000000e+000	0.000000e+000	0.000000e+000	0.000000e+000	0.000000e+000	0.000000e+000	0.000000e+000	0.000000e+000	0.000000e+000	0.000000e+000	0.000000e+000	0.000000e+000	-2.530171e-098	-2.656984e+303	0.000000e+000	1.221717e-173	8.764357e-306	0.000000e+000	2.121996e-314	-7.845908e+298	7.048880e-001	7.093187e-001	-2.530171e-098	-2.656984e+303	0.000000e+000	1.221731e-173	8.766009e-306	
0.000000e+000	0.000000e+000	0.000000e+000	0.000000e+000	0.000000e+000	0.000000e+000	0.000000e+000	0.000000e+000	0.000000e+000	0.000000e+000	0.000000e+000	0.000000e+000	0.000000e+000	0.000000e+000	0.000000e+000	-2.530171e-098	-2.656984e+303	0.000000e+000	1.221717e-173	8.767443e-306	0.000000e+000	2.121996e-314	-7.845908e+298	7.658550e-001	6.430133e-001	-2.530171e-098	-2.656984e+303	0.000000e+000	1.221731e-173	8.769094e-306	
0.000000e+000	0.000000e+000	0.000000e+000	0.000000e+000	0.000000e+000	0.000000e+000	0.000000e+000	0.000000e+000	0.000000e+000	0.000000e+000	0.000000e+000	0.000000e+000	0.000000e+000	0.000000e+000	0.000000e+000	-2.530171e-098	-2.656984e+303	0.000000e+000	1.221717e-173	8.770528e-306	0.000000e+000	2.121996e-314	-7.845908e+298	6.074335e-001	7.943705e-001	-2.530171e-098	-2.656984e+303	0.000000e+000	1.221731e-173	8.772180e-306	
0.000000e+000	0.000000e+000	0.000000e+000	0.000000e+000	0.000000e+000	0.000000e+000	0.000000e+000	0.000000e+000	0.000000e+000	0.000000e+000	0.000000e+000	0.000000e+000	0.000000e+000	0.000000e+000	0.000000e+000	-2.530171e-098	-2.656984e+303	0.000000e+000	1.221717e-173	8.773614e-306	0.000000e+000	2.121996e-314	-7.845908e+298	9.993616e-001	3.572689e-002	-2.530171e-098	-2.656984e+303	0.000000e+000	1.221731e-173	8.775265e-306	
0.000000e+000	0.000000e+000	0.000000e+000	0.000000e+000	0.000000e+000	0.000000e+000	0.000000e+000	0.000000e+000	0.000000e+000	0.000000e+000	0.000000e+000	0.000000e+000	0.000000e+000	0.000000e+000	0.000000e+000	-2.530171e-098	-2.656984e+303	0.000000e+000	1.221717e-173	8.776700e-306	0.000000e+000	2.121996e-314	-7.845908e+298	4.272080e-001	9.041534e-001	-2.530171e-098	-2.656984e+303	0.000000e+000	1.221731e-173	8.778351e-306	
0.000000e+000	0.000000e+000	0.000000e+000	0.000000e+000	0.000000e+000	0.000000e+000	0.000000e+000	0.000000e+000	0.000000e+000	0.000000e+000	0.000000e+000	0.000000e+000	0.000000e+000	0.000000e+000	0.000000e+000	-2.530171e-098	-2.656984e+303	0.000000e+000	1.221717e-173	8.779785e-306	0.000000e+000	2.121996e-314	-7.845908e+298	3.599579e-001	9.329685e-001	-2.530171e-098	-2.656984e+303	0.000000e+000	1.221731e-173	8.781437e-306	
0.000000e+000	0.000000e+000	0.000000e+000	0.000000e+000	0.000000e+000	0.000000e+000	0.000000e+000	0.000000e+000	0.000000e+000	0.000000e+000	0.000000e+000	0.000000e+000	0.000000e+000	0.000000e+000	0.000000e+000	-2.530171e-098	-2.656984e+303	0.000000e+000	1.221717e-173	8.782871e-306	0.000000e+000	2.121996e-314	-7.845908e+298	3.893050e-001	9.211089e-001	-2.530171e-098	-2.656984e+303	0.000000e+000	1.221731e-173	8.784522e-306	
0.000000e+000	0.000000e+000	0.000000e+000	0.000000e+000	0.000000e+000	0.000000e+000	0.000000e+000	0.000000e+000	0.000000e+000	0.000000e+000	0.000000e+000	0.000000e+000	0.000000e+000	0.000000e+000	0.000000e+000	-2.530171e-098	-2.656984e+303	0.000000e+000	1.221717e-173	8.785956e-306	0.000000e+000	2.121996e-314	-7.845908e+298	2.902695e-001	9.569450e-001	-2.530171e-098	-2.656984e+303	0.000000e+000	1.221731e-173	8.787608e-306	
0.000000e+000	0.000000e+000	0.000000e+000	0.000000e+000	0.000000e+000	0.000000e+000	0.000000e+000	0.000000e+000	0.000000e+000	0.000000e+000	0.000000e+000	0.000000e+000	0.000000e+000	0.000000e+000	0.000000e+000	-2.530171e-098	-2.656984e+303	0.000000e+000	1.221717e-173	8.789042e-306	0.000000e+000	2.121996e-314	-7.845908e+298	5.765287e-001	8.170769e-001	-2.530171e-098	-2.656984e+303	0.000000e+000	1.221731e-173	8.790693e-306	
0.000000e+000	0.000000e+000	0.000000e+000	0.000000e+000	0.000000e+000	0.000000e+000	0.000000e+000	0.000000e+000	0.000000e+000	0.000000e+000	0.000000e+000	0.000000e+000	0.000000e+000	0.000000e+000	0.000000e+000	-2.530171e-098	-2.656984e+303	0.000000e+000	1.221717e-173	8.792127e-306	0.000000e+000	2.121996e-314	-7.845908e+298	9.412056e-001	3.378344e-001	-2.530171e-098	-2.656984e+303	0.000000e+000	1.221731e-173	8.793779e-306	
0.000000e+000	0.000000e+000	0.000000e+000	0.000000e+000	0.000000e+000	0.000000e+000	0.000000e+000	0.000000e+000	0.000000e+000	0.000000e+000	0.000000e+000	0.000000e+000	0.000000e+000	0.000000e+000	0.000000e+000	-2.530171e-098	-2.656984e+303	0.000000e+000	1.221717e-173	8.795213e-306	0.000000e+000	2.121996e-314	-7.845908e+298	7.944761e-002	9.968390e-001	-2.530171e-098	-2.656984e+303	0.000000e+000	1.221731e-173	8.796864e-306	
0.000000e+000	0.000000e+000	0.000000e+000	0.000000e+000	0.000000e+000	0.000000e+000	0.000000e+000	0.000000e+000	0.000000e+000	0.000000e+000	0.000000e+000	0.000000e+000	0.000000e+000	0.000000e+000	0.000000e+000	-2.530171e-098	-2.656984e+303	0.000000e+000	1.221717e-173	8.798298e-306	0.000000e+000	2.121996e-314	-7.845908e+298	6.123234e-017	1.000000e+000	-2.530171e-098	-2.656984e+303	0.000000e+000	1.221731e-173	8.799950e-306	
0.000000e+000	0.000000e+000	0.000000e+000	0.000000e+000	0.000000e+000	0.000000e+000	0.000000e+000	0.000000e+000	0.000000e+000	0.000000e+000	0.000000e+000	0.000000e+000	0.000000e+000	0.000000e+000	0.000000e+000	-2.530171e-098	-2.656984e+303	0.000000e+000	1.221717e-173	8.801384e-306	0.000000e+000	2.121996e-314	-7.845908e+298	7.846236e-001	6.199724e-001	-2.530171e-098	-2.656984e+303	0.000000e+000	1.221731e-173	8.803035e-306	
0.000000e+000	0.000000e+000	0.000000e+000	0.000000e+000	0.000000e+000	0.000000e+000	0.000000e+000	0.000000e+000	0.000000e+000	0.000000e+000	0.000000e+000	0.000000e+000	0.000000e+000	0.000000e+000	0.000000e+000	-2.530171e-098	-2.656984e+303	0.000000e+000	1.221717e-173	8.804470e-306	0.000000e+000	2.121996e-314	-7.845908e+298	9.273854e-001	3.741075e-001	-2.530171e-098	-2.656984e+303	0.000000e+000	1.221731e-173	8.806121e-306	
0.000000e+000	0.000000e+000	0.000000e+000	0.000000e+000	0.000000e+000	0.000000e+000	0.000000e+000	0.000000e+000	0.000000e+000	0.000000e+000	0.000000e+000	0.000000e+000	0.000000e+000	0.000000e+000	0.000000e+000	-2.530171e-098	-2.656984e+303	0.000000e+000	1.221717e-173	8.807555e-306	0.000000e+000	2.121996e-314	-7.845908e+298	4.168222e-002	9.991309e-001	-2.530171e-098	-2.656984e+303	0.000000e+000	1.221731e-173	8.809206e-306	
0.000000e+000	0.000000e+000	0.000000e+000	0.000000e+000	0.000000e+000	0.000000e+000	0.000000e+000	0.000000e+000	0.000000e+000	0.000000e+000	0.000000e+000	0.000000e+000	0.000000e+000	0.000000e+000	0.000000e+000	-2.530171e-098	-2.656984e+303	0.000000e+000	1.221717e-173	8.810641e-306	0.000000e+000	2.121996e-314	-7.845908e+298	9.615920e-001	2.744829e-001	-2.530171e-098	-2.656984e+303	0.000000e+000	1.221731e-173	8.812292e-306	
0.000000e+000	0.000000e+000	0.000000e+000	0.000000e+000	0.000000e+000	0.000000e+000	0.000000e+000	0.000000e+000	0.000000e+000	0.000000e+000	0.000000e+000	0.000000e+000	0.000000e+000	0.000000e+000	0.000000e+000	-2.530171e-098	-2.656984e+303	0.000000e+000	1.221717e-173	8.813726e-306	0.000000e+000	2.121996e-314	-7.845908e+298	9.510855e-001	3.089279e-001	-2.530171e-098	-2.656984e+303	0.000000e+000	1.221731e-173	8.815378e-306	
0.000000e+000	0.000000e+000	0.000000e+000	0.000000e+000	0.000000e+000	0.000000e+000	0.000000e+000	0.000000e+000	0.000000e+000	0.000000e+000	0.000000e+000	0.000000e+000	0.000000e+000	0.000000e+000	0.000000e+000	-2.530171e-098	-2.656984e+303	0.000000e+000	1.221717e-173	8.816812e-306	0.000000e+000	2.121996e-314	-7.845908e+298	8.057703e-001	5.922281e-001	-2.530171e-098	-2.656984e+303	0.000000e+000	1.221731e-173	8.818463e-306	
0.000000e+000	0.000000e+000	0.000000e+000	0.000000e+000	0.000000e+000	0.000000e+000	0.000000e+000	0.000000e+000	0.000000e+000	0.000000e+000	0.000000e+000	0.000000e+000	0.000000e+000	0.000000e+000	0.000000e+000	-2.530171e-098	-2.656984e+303	0.000000e+000	1.221717e-173	8.819897e-306	0.000000e+000	2.121996e-314	-7.845908e+298	1.888760e-001	9.820010e-001	-2.530171e-098	-2.656984e+303	0.000000e+000	1.221731e-173	8.821549e-306	
0.000000e+000	0.000000e+000	0.000000e+000	0.000000e+000	0.000000e+000	0.000000e+000	0.000000e+000	0.000000e+000	0.000000e+000	0.000000e+000	0.000000e+000	0.000000e+000	0.000000e+000	0.000000e+000	0.000000e+000	-2.530171e-098	-2.656984e+303	0.000000e+000	1.221717e-173	8.822983e-306	0.000000e+000	2.121996e-314	-7.845908e+298	8.581824e-001	5.133448e-001	-2.530171e-098	-2.656984e+303	0.000000e+000	1.221731e-173	8.824634e-306	
0.000000e+000	0.000000e+000	0.000000e+000	0.000000e+000	0.000000e+000	0.000000e+000	0.000000e+000	0.000000e+000	0.000000e+000	0.000000e+000	0.000000e+000	0.000000e+000	0.000000e+000	0.000000e+000	0.000000e+000	-2.530171e-098	-2.656984e+303	0.000000e+000	1.221717e-173	8.826068e-306	0.000000e+000	2.121996e-314	-7.845908e+298	9.953615e-001	9.620590e-002	-2.530171e-098	-2.656984e+303	0.000000e+000	1.221731e-173	8.827720e-306	
0.000000e+000	0.000000e+000	0.000000e+000	0.000000e+000	0.000000e+000	0.000000e+000	0.000000e+000	0.000000e+000	0.000000e+000	0.000000e+000	0.000000e+000	0.000000e+000	0.000000e+000	0.000000e+000	0.000000e+000	-2.530171e-098	-2.656984e+303	0.000000e+000	1.221717e-173	8.829154e-306	0.000000e+000	2.121996e-314	-7.845908e+298	2.299969e-001	9.731914e-001	-2.530171e-098	-2.656984e+303	0.000000e+000	1.221731e-173	8.830805e-306	
0.000000e+000	0.000000e+000	0.000000e+000	0.000000e+000	0.000000e+000	0.000000e+000	0.000000e+000	0.000000e+000	0.000000e+000	0.000000e+000	0.000000e+000	0.000000e+000	0.000000e+000	0.000000e+000	0.000000e+000	-2.530171e-098	-2.656984e+303	0.000000e+000	1.221717e-173	8.832239e-306	0.000000e+000	2.121996e-314	-7.845908e+298	1.134718e-001	9.935412e-001	-2.530171e-098	-2.656984e+303	0.000000e+000	1.221731e-173	8.833891e-306	
0.000000e+000	0.000000e+000	0.000000e+000	0.000000e+000	0.000000e+000	0.000000e+000	0.000000e+000	0.000000e+000	0.000000e+000	0.000000e+000	0.000000e+000	0.000000e+000	0.000000e+000	0.000000e+000	0.000000e+000	-2.530171e-098	-2.656984e+303	0.000000e+000	1.221717e-173	8.835325e-306	0.000000e+000	2.121996e-314	-7.845908e+298	4.585727e-001	8.886569e-001	-2.530171e-098	-2.656984e+303	0.000000e+000	1.221731e-173	8.836976e-306	
0.000000e+000	0.000000e+000	0.000000e+000	0.000000e+000	0.000000e+000	0.000000e+000	0.000000e+000	0.000000e+000	0.000000e+000	0.000000e+000	0.000000e+000	0.000000e+000	0.000000e+000	0.000000e+000	0.000000e+000	-2.530171e-098	-2.656984e+303	0.000000e+000	1.221717e-173	8.838411e-306	0.000000e+000	2.121996e-314	-7.845908e+298	4.920307e-001	8.705778e-001	-2.530171e-098	-2.656984e+303	0.000000e+000	1.221731e-173	8.840062e-306	
