0.000000e+000	0.000000e+000	0.000000e+000	0.000000e+000	0.000000e+000	0.000000e+000	0.000000e+000	2.351775e-001	0.000000e+000	0.000000e+000	0.000000e+000	0.000000e+000	0.000000e+000	0.000000e+000	0.000000e+000	-2.530171e-098	-2.656984e+303	0.000000e+000	1.524955e-173	1.076971e-305	0.000000e+000	2.121996e-314	-7.845908e+298	9.325384e-001	3.610709e-001	-2.530171e-098	-2.656984e+303	0.000000e+000	1.524970e-173	1.077136e-305	
0.000000e+000	0.000000e+000	0.000000e+000	0.000000e+000	0.000000e+000	0.000000e+000	0.000000e+000	0.000000e+000	0.000000e+000	0.000000e+000	0.000000e+000	0.000000e+000	0.000000e+000	0.000000e+000	0.000000e+000	-2.530171e-098	-2.656984e+303	0.000000e+000	1.524955e-173	1.077279e-305	0.000000e+000	2.121996e-314	-7.845908e+298	1.000000e+000	0.000000e+000	-2.530171e-098	-2.656984e+303	0.000000e+000	1.524970e-173	1.077444e-305	
0.000000e+000	0.000000e+000	0.000000e+000	0.000000e+000	0.000000e+000	0.000000e+000	0.000000e+000	6.040374e-001	0.000000e+000	0.000000e+000	0.000000e+000	0.000000e+000	0.000000e+000	0.000000e+000	0.000000e+000	-2.530171e-098	-2.656984e+303	0.000000e+000	1.524955e-173	1.077588e-305	0.000000e+000	2.121996e-314	-7.845908e+298	5.826427e-001	8.127284e-001	-2.530171e-098	-2.656984e+303	0.000000e+000	1.524970e-173	1.077753e-305	
0.000000e+000	0.000000e+000	0.000000e+000	0.000000e+000	0.000000e+000	0.000000e+000	0.000000e+000	2.936864e-001	0.000000e+000	0.000000e+000	0.000000e+000	0.000000e+000	0.000000e+000	0.000000e+000	0.000000e+000	-2.530171e-098	-2.656984e+303	0.000000e+000	1.524955e-173	1.077896e-305	0.000000e+000	2.121996e-314	-7.845908e+298	8.954650e-001	4.451319e-001	-2.530171e-098	-2.656984e+303	0.000000e+000	1.524970e-173	1.078061e-305	
0.000000e+000	0.000000e+000	0.000000e+000	0.000000e+000	0.000000e+000	0.000000e+000	0.000000e+000	1.755470e-001	0.000000e+000	0.000000e+000	0.000000e+000	0.000000e+000	0.000000e+000	0.000000e+000	0.000000e+000	-2.530171e-098	-2.656984e+303	0.000000e+000	1.524955e-173	1.078205e-305	0.000000e+000	2.121996e-314	-7.845908e+298	9.622217e-001	2.722673e-001	-2.530171e-098	-2.656984e+303	0.000000e+000	1.524970e-173	1.078370e-305	
0.000000e+000	0.000000e+000	0.000000e+000	0.000000e+000	0.000000e+000	0.000000e+000	0.000000e+000	2.682438e-001	0.000000e+000	0.000000e+000	0.000000e+000	0.000000e+000	0.000000e+000	0.000000e+000	0.000000e+000	-2.530171e-098	-2.656984e+303	0.000000e+000	1.524955e-173	1.078513e-305	0.000000e+000	2.121996e-314	-7.845908e+298	9.125350e-001	4.089986e-001	-2.530171e-098	-2.656984e+303	0.000000e+000	1.524970e-173	1.078678e-305	
0.000000e+000	0.000000e+000	0.000000e+000	0.000000e+000	0.000000e+000	0.000000e+000	0.000000e+000	5.190982e-001	0.000000e+000	0.000000e+000	0.000000e+000	0.000000e+000	0.000000e+000	0.000000e+000	0.000000e+000	-2.530171e-098	-2.656984e+303	0.000000e+000	1.524955e-173	1.078822e-305	0.000000e+000	2.121996e-314	-7.845908e+298	6.855790e-001	7.279982e-001	-2.530171e-098	-2.656984e+303	0.000000e+000	1.524970e-173	1.078987e-305	
0.000000e+000	0.000000e+000	0.000000e+000	0.000000e+000	0.000000e+000	0.000000e+000	0.000000e+000	2.513817e-001	0.000000e+000	0.000000e+000	0.000000e+000	0.000000e+000	0.000000e+000	0.000000e+000	0.000000e+000	-2.530171e-098	-2.656984e+303	0.000000e+000	1.524955e-173	1.079130e-305	0.000000e+000	2.121996e-314	-7.845908e+298	9.230468e-001	3.846876e-001	-2.530171e-098	-2.656984e+303	0.000000e+000	1.524970e-173	1.079296e-305	
0.000000e+000	0.000000e+000	0.000000e+000	0.000000e+000	0.000000e+000	0.000000e+000	0.000000e+000	7.791106e-001	0.000000e+000	0.000000e+000	0.000000e+000	0.000000e+000	0.000000e+000	0.000000e+000	0.000000e+000	-2.530171e-098	-2.656984e+303	0.000000e+000	1.524955e-173	1.079439e-305	0.000000e+000	2.121996e-314	-7.845908e+298	3.400521e-001	9.404066e-001	-2.530171e-098	-2.656984e+303	0.000000e+000	1.524970e-173	1.079604e-305	
0.000000e+000	0.000000e+000	0.000000e+000	0.000000e+000	0.000000e+000	0.000000e+000	0.000000e+000	5.637116e-001	0.000000e+000	0.000000e+000	0.000000e+000	0.000000e+000	0.000000e+000	0.000000e+000	0.000000e+000	-2.530171e-098	-2.656984e+303	0.000000e+000	1.524955e-173	1.079748e-305	0.000000e+000	2.121996e-314	-7.845908e+298	6.329210e-001	7.742164e-001	-2.530171e-098	-2.656984e+303	0.000000e+000	1.524970e-173	1.079913e-305	
0.000000e+000	0.000000e+000	0.000000e+000	0.000000e+000	0.000000e+000	0.000000e+000	0.000000e+000	9.171539e-001	0.000000e+000	0.000000e+000	0.000000e+000	0.000000e+000	0.000000e+000	0.000000e+000	0.000000e+000	-2.530171e-098	-2.656984e+303	0.000000e+000	1.524955e-173	1.080056e-305	0.000000e+000	2.121996e-314	-7.845908e+298	1.297673e-001	9.915445e-001	-2.530171e-098	-2.656984e+303	0.000000e+000	1.524970e-173	1.080221e-305	
0.000000e+000	0.000000e+000	0.000000e+000	0.000000e+000	0.000000e+000	0.000000e+000	0.000000e+000	5.407425e-001	0.000000e+000	0.000000e+000	0.000000e+000	0.000000e+000	0.000000e+000	0.000000e+000	0.000000e+000	-2.530171e-098	-2.656984e+303	0.000000e+000	1.524955e-173	1.080365e-305	0.000000e+000	2.121996e-314	-7.845908e+298	6.604365e-001	7.508819e-001	-2.530171e-098	-2.656984e+303	0.000000e+000	1.524970e-173	1.080530e-305	
0.000000e+000	0.000000e+000	0.000000e+000	0.000000e+000	0.000000e+000	0.000000e+000	0.000000e+000	7.482710e-001	0.000000e+000	0.000000e+000	0.000000e+000	0.000000e+000	0.000000e+000	0.000000e+000	0.000000e+000	-2.530171e-098	-2.656984e+303	0.000000e+000	1.524955e-173	1.080673e-305	0.000000e+000	2.121996e-314	-7.845908e+298	3.851912e-001	9.228368e-001	-2.530171e-098	-2.656984e+303	0.000000e+000	1.524970e-173	1.080838e-305	
0.000000e+000	0.000000e+000	0.000000e+000	0.000000e+000	0.000000e+000	0.000000e+000	0.000000e+000	1.057756e-001	0.000000e+000	0.000000e+000	0.000000e+000	0.000000e+000	0.000000e+000	0.000000e+000	0.000000e+000	-2.530171e-098	-2.656984e+303	0.000000e+000	1.524955e-173	1.080982e-305	0.000000e+000	2.121996e-314	-7.845908e+298	9.862285e-001	1.653886e-001	-2.530171e-098	-2.656984e+303	0.000000e+000	1.524970e-173	1.081147e-305	
0.000000e+000	0.000000e+000	0.000000e+000	0.000000e+000	0.000000e+000	0.000000e+000	0.000000e+000	9.440956e-001	0.000000e+000	0.000000e+000	0.000000e+000	0.000000e+000	0.000000e+000	0.000000e+000	0.000000e+000	-2.530171e-098	-2.656984e+303	0.000000e+000	1.524955e-173	1.081290e-305	0.000000e+000	2.121996e-314	-7.845908e+298	8.770166e-002	9.961468e-001	-2.530171e-098	-2.656984e+303	0.000000e+000	1.524970e-173	1.081455e-305	
0.000000e+000	0.000000e+000	0.000000e+000	0.000000e+000	0.000000e+000	0.000000e+000	0.000000e+000	7.035720e-001	0.000000e+000	0.000000e+000	0.000000e+000	0.000000e+000	0.000000e+000	0.000000e+000	0.000000e+000	-2.530171e-098	-2.656984e+303	0.000000e+000	1.524955e-173	1.081599e-305	0.000000e+000	2.121996e-314	-7.845908e+298	4.489840e-001	8.935398e-001	-2.530171e-098	-2.656984e+303	0.000000e+000	1.524970e-173	1.081764e-305	
0.000000e+000	0.000000e+000	0.000000e+000	0.000000e+000	0.000000e+000	0.000000e+000	0.000000e+000	1.708044e-001	0.000000e+000	0.000000e+000	0.000000e+000	0.000000e+000	0.000000e+000	0.000000e+000	0.000000e+000	-2.530171e-098	-2.656984e+303	0.000000e+000	1.524955e-173	1.081907e-305	0.000000e+000	2.121996e-314	-7.845908e+298	9.642232e-001	2.650916e-001	-2.530171e-098	-2.656984e+303	0.000000e+000	1.524970e-173	1.082073e-305	
0.000000e+000	0.000000e+000	0.000000e+000	0.000000e+000	0.000000e+000	0.000000e+000	0.000000e+000	2.543281e-002	0.000000e+000	0.000000e+000	0.000000e+000	0.000000e+000	0.000000e+000	0.000000e+000	0.000000e+000	-2.530171e-098	-2.656984e+303	0.000000e+000	1.524955e-173	1.082216e-305	0.000000e+000	2.121996e-314	-7.845908e+298	9.992021e-001	3.993914e-002	-2.530171e-098	-2.656984e+303	0.000000e+000	1.524970e-173	1.082381e-305	
0.000000e+000	0.000000e+000	0.000000e+000	0.000000e+000	0.000000e+000	0.000000e+000	0.000000e+000	7.282447e-001	0.000000e+000	0.000000e+000	0.000000e+000	0.000000e+000	0.000000e+000	0.000000e+000	0.000000e+000	-2.530171e-098	-2.656984e+303	0.000000e+000	1.524955e-173	1.082525e-305	0.000000e+000	2.121996e-314	-7.845908e+298	4.140257e-001	9.102652e-001	-2.530171e-098	-2.656984e+303	0.000000e+000	1.524970e-173	1.082690e-305	
0.000000e+000	0.000000e+000	0.000000e+000	0.000000e+000	0.000000e+000	0.000000e+000	0.000000e+000	4.330785e-001	0.000000e+000	0.000000e+000	0.000000e+000	0.000000e+000	0.000000e+000	0.000000e+000	0.000000e+000	-2.530171e-098	-2.656984e+303	0.000000e+000	1.524955e-173	1.082833e-305	0.000000e+000	2.121996e-314	-7.845908e+298	7.773978e-001	6.290093e-001	-2.530171e-098	-2.656984e+303	0.000000e+000	1.524970e-173	1.082998e-305	
0.000000e+000	0.000000e+000	0.000000e+000	0.000000e+000	0.000000e+000	0.000000e+000	0.000000e+000	1.000000e+000	0.000000e+000	0.000000e+000	0.000000e+000	0.000000e+000	0.000000e+000	0.000000e+000	0.000000e+000	-2.530171e-098	-2.656984e+303	0.000000e+000	1.524955e-173	1.083142e-305	0.000000e+000	2.121996e-314	-7.845908e+298	6.123234e-017	1.000000e+000	-2.530171e-098	-2.656984e+303	0.000000e+000	1.524970e-173	1.083307e-305	
0.000000e+000	0.000000e+000	0.000000e+000	0.000000e+000	0.000000e+000	0.000000e+000	0.000000e+000	3.163360e-001	0.000000e+000	0.000000e+000	0.000000e+000	0.000000e+000	0.000000e+000	0.000000e+000	0.000000e+000	-2.530171e-098	-2.656984e+303	0.000000e+000	1.524955e-173	1.083450e-305	0.000000e+000	2.121996e-314	-7.845908e+298	8.790649e-001	4.767022e-001	-2.530171e-098	-2.656984e+303	0.000000e+000	1.524970e-173	1.083615e-305	
0.000000e+000	0.000000e+000	0.000000e+000	0.000000e+000	0.000000e+000	0.000000e+000	0.000000e+000	5.629615e-002	0.000000e+000	0.000000e+000	0.000000e+000	0.000000e+000	0.000000e+000	0.000000e+000	0.000000e+000	-2.530171e-098	-2.656984e+303	0.000000e+000	1.524955e-173	1.083759e-305	0.000000e+000	2.121996e-314	-7.845908e+298	9.960926e-001	8.831459e-002	-2.530171e-098	-2.656984e+303	0.000000e+000	1.524970e-173	1.083924e-305	
0.000000e+000	0.000000e+000	0.000000e+000	0.000000e+000	0.000000e+000	0.000000e+000	0.000000e+000	1.233687e-001	0.000000e+000	0.000000e+000	0.000000e+000	0.000000e+000	0.000000e+000	0.000000e+000	0.000000e+000	-2.530171e-098	-2.656984e+303	0.000000e+000	1.524955e-173	1.084067e-305	0.000000e+000	2.121996e-314	-7.845908e+298	9.812820e-001	1.925764e-001	-2.530171e-098	-2.656984e+303	0.000000e+000	1.524970e-173	1.084232e-305	
0.000000e+000	0.000000e+000	0.000000e+000	0.000000e+000	0.000000e+000	0.000000e+000	0.000000e+000	4.789559e-001	0.000000e+000	0.000000e+000	0.000000e+000	0.000000e+000	0.000000e+000	0.000000e+000	0.000000e+000	-2.530171e-098	-2.656984e+303	0.000000e+000	1.524955e-173	1.084376e-305	0.000000e+000	2.121996e-314	-7.845908e+298	7.300903e-001	6.833507e-001	-2.530171e-098	-2.656984e+303	0.000000e+000	1.524970e-173	1.084541e-305	
0.000000e+000	0.000000e+000	0.000000e+000	0.000000e+000	0.000000e+000	0.000000e+000	0.000000e+000	6.271665e-001	0.000000e+000	0.000000e+000	0.000000e+000	0.000000e+000	0.000000e+000	0.000000e+000	0.000000e+000	-2.530171e-098	-2.656984e+303	0.000000e+000	1.524955e-173	1.084684e-305	0.000000e+000	2.121996e-314	-7.845908e+298	5.527375e-001	8.333554e-001	-2.530171e-098	-2.656984e+303	0.000000e+000	1.524970e-173	1.084850e-305	
0.000000e+000	0.000000e+000	0.000000e+000	0.000000e+000	0.000000e+000	0.000000e+000	0.000000e+000	7.308175e-002	0.000000e+000	0.000000e+000	0.000000e+000	0.000000e+000	0.000000e+000	0.000000e+000	0.000000e+000	-2.530171e-098	-2.656984e+303	0.000000e+000	1.524955e-173	1.084993e-305	0.000000e+000	2.121996e-314	-7.845908e+298	9.934181e-001	1.145446e-001	-2.530171e-098	-2.656984e+303	0.000000e+000	1.524970e-173	1.085158e-305	
0.000000e+000	0.000000e+000	0.000000e+000	0.000000e+000	0.000000e+000	0.000000e+000	0.000000e+000	4.995439e-001	0.000000e+000	0.000000e+000	0.000000e+000	0.000000e+000	0.000000e+000	0.000000e+000	0.000000e+000	-2.530171e-098	-2.656984e+303	0.000000e+000	1.524955e-173	1.085302e-305	0.000000e+000	2.121996e-314	-7.845908e+298	7.076132e-001	7.066000e-001	-2.530171e-098	-2.656984e+303	0.000000e+000	1.524970e-173	1.085467e-305	
0.000000e+000	0.000000e+000	0.000000e+000	0.000000e+000	0.000000e+000	0.000000e+000	0.000000e+000	3.848327e-001	0.000000e+000	0.000000e+000	0.000000e+000	0.000000e+000	0.000000e+000	0.000000e+000	0.000000e+000	-2.530171e-098	-2.656984e+303	0.000000e+000	1.524955e-173	1.085610e-305	0.000000e+000	2.121996e-314	-7.845908e+298	8.227899e-001	5.683457e-001	-2.530171e-098	-2.656984e+303	0.000000e+000	1.524970e-173	1.085775e-305	
0.000000e+000	0.000000e+000	0.000000e+000	0.000000e+000	0.000000e+000	0.000000e+000	0.000000e+000	8.100070e-001	0.000000e+000	0.000000e+000	0.000000e+000	0.000000e+000	0.000000e+000	0.000000e+000	0.000000e+000	-2.530171e-098	-2.656984e+303	0.000000e+000	1.524955e-173	1.085919e-305	0.000000e+000	2.121996e-314	-7.845908e+298	2.940298e-001	9.557963e-001	-2.530171e-098	-2.656984e+303	0.000000e+000	1.524970e-173	1.086084e-305	
0.000000e+000	0.000000e+000	0.000000e+000	0.000000e+000	0.000000e+000	0.000000e+000	0.000000e+000	8.519257e-001	0.000000e+000	0.000000e+000	0.000000e+000	0.000000e+000	0.000000e+000	0.000000e+000	0.000000e+000	-2.530171e-098	-2.656984e+303	0.000000e+000	1.524955e-173	1.086227e-305	0.000000e+000	2.121996e-314	-7.845908e+298	2.305029e-001	9.730716e-001	-2.530171e-098	-2.656984e+303	0.000000e+000	1.524970e-173	1.086392e-305	
0.000000e+000	0.000000e+000	0.000000e+000	0.000000e+000	0.000000e+000	0.000000e+000	0.000000e+000	8.756674e-001	0.000000e+000	0.000000e+000	0.000000e+000	0.000000e+000	0.000000e+000	0.000000e+000	0.000000e+000	-2.530171e-098	-2.656984e+303	0.000000e+000	1.524955e-173	1.086536e-305	0.000000e+000	2.121996e-314	-7.845908e+298	1.940621e-001	9.809893e-001	-2.530171e-098	-2.656984e+303	0.000000e+000	1.524970e-173	1.086701e-305	
0.000000e+000	0.000000e+000	0.000000e+000	0.000000e+000	0.000000e+000	0.000000e+000	0.000000e+000	3.585034e-001	0.000000e+000	0.000000e+000	0.000000e+000	0.000000e+000	0.000000e+000	0.000000e+000	0.000000e+000	-2.530171e-098	-2.656984e+303	0.000000e+000	1.524955e-173	1.086844e-305	0.000000e+000	2.121996e-314	-7.845908e+298	8.455852e-001	5.338405e-001	-2.530171e-098	-2.656984e+303	0.000000e+000	1.524970e-173	1.087009e-305	
0.000000e+000	0.000000e+000	0.000000e+000	0.000000e+000	0.000000e+000	0.000000e+000	0.000000e+000	5.880172e-001	0.000000e+000	0.000000e+000	0.000000e+000	0.000000e+000	0.000000e+000	0.000000e+000	0.000000e+000	-2.530171e-098	-2.656984e+303	0.000000e+000	1.524955e-173	1.087153e-305	0.000000e+000	2.121996e-314	-7.845908e+298	6.029079e-001	7.978108e-001	-2.530171e-098	-2.656984e+303	0.000000e+000	1.524970e-173	1.087318e-305	
0.000000e+000	0.000000e+000	0.000000e+000	0.000000e+000	0.000000e+000	0.000000e+000	0.000000e+000	9.665653e-001	0.000000e+000	0.000000e+000	0.000000e+000	0.000000e+000	0.000000e+000	0.000000e+000	0.000000e+000	-2.530171e-098	-2.656984e+303	0.000000e+000	1.524955e-173	1.087461e-305	0.000000e+000	2.121996e-314	-7.845908e+298	5.249499e-002	9.986212e-001	-2.530171e-098	-2.656984e+303	0.000000e+000	1.524970e-173	1.087627e-305	
0.000000e+000	0.000000e+000	0.000000e+000	0.000000e+000	0.000000e+000	0.000000e+000	0.000000e+000	4.005493e-001	0.000000e+000	0.000000e+000	0.000000e+000	0.000000e+000	0.000000e+000	0.000000e+000	0.000000e+000	-2.530171e-098	-2.656984e+303	0.000000e+000	1.524955e-173	1.087770e-305	0.000000e+000	2.121996e-314	-7.845908e+298	8.085096e-001	5.884831e-001	-2.530171e-098	-2.656984e+303	0.000000e+000	1.524970e-173	1.087935e-305	
0.000000e+000	0.000000e+000	0.000000e+000	0.000000e+000	0.000000e+000	0.000000e+000	0.000000e+000	6.522516e-001	0.000000e+000	0.000000e+000	0.000000e+000	0.000000e+000	0.000000e+000	0.000000e+000	0.000000e+000	-2.530171e-098	-2.656984e+303	0.000000e+000	1.524955e-173	1.088079e-305	0.000000e+000	2.121996e-314	-7.845908e+298	5.194797e-001	8.544828e-001	-2.530171e-098	-2.656984e+303	0.000000e+000	1.524970e-173	1.088244e-305	
0.000000e+000	0.000000e+000	0.000000e+000	0.000000e+000	0.000000e+000	0.000000e+000	0.000000e+000	6.800984e-001	0.000000e+000	0.000000e+000	0.000000e+000	0.000000e+000	0.000000e+000	0.000000e+000	0.000000e+000	-2.530171e-098	-2.656984e+303	0.000000e+000	1.524955e-173	1.088387e-305	0.000000e+000	2.121996e-314	-7.845908e+298	4.816182e-001	8.763811e-001	-2.530171e-098	-2.656984e+303	0.000000e+000	1.524970e-173	1.088552e-305	
0.000000e+000	0.000000e+000	0.000000e+000	0.000000e+000	0.000000e+000	0.000000e+000	0.000000e+000	8.966856e-001	0.000000e+000	0.000000e+000	0.000000e+000	0.000000e+000	0.000000e+000	0.000000e+000	0.000000e+000	-2.530171e-098	-2.656984e+303	0.000000e+000	1.524955e-173	1.088696e-305	0.000000e+000	2.121996e-314	-7.845908e+298	1.615745e-001	9.868605e-001	-2.530171e-098	-2.656984e+303	0.000000e+000	1.524970e-173	1.088861e-305	
0.000000e+000	0.000000e+000	0.000000e+000	0.000000e+000	0.000000e+000	0.000000e+000	0.000000e+000	3.380820e-001	0.000000e+000	0.000000e+000	0.000000e+000	0.000000e+000	0.000000e+000	0.000000e+000	0.000000e+000	-2.530171e-098	-2.656984e+303	0.000000e+000	1.524955e-173	1.089004e-305	0.000000e+000	2.121996e-314	-7.845908e+298	8.622717e-001	5.064459e-001	-2.530171e-098	-2.656984e+303	0.000000e+000	1.524970e-173	1.089169e-305	
0.000000e+000	0.000000e+000	0.000000e+000	0.000000e+000	0.000000e+000	0.000000e+000	0.000000e+000	0.000000e+000	0.000000e+000	0.000000e+000	0.000000e+000	0.000000e+000	0.000000e+000	0.000000e+000	0.000000e+000	-2.530171e-098	-2.656984e+303	0.000000e+000	1.524955e-173	1.089313e-305	0.000000e+000	2.121996e-314	-7.845908e+298	7.300903e-001	6.833507e-001	-2.530171e-098	-2.656984e+303	0.000000e+000	1.524970e-173	1.089478e-305	
0.000000e+000	0.000000e+000	0.000000e+000	0.000000e+000	0.000000e+000	0.000000e+000	0.000000e+000	0.000000e+000	0.000000e+000	0.000000e+000	0.000000e+000	0.000000e+000	0.000000e+000	0.000000e+000	0.000000e+000	-2.530171e-098	-2.656984e+303	0.000000e+000	1.524955e-173	1.089621e-305	0.000000e+000	2.121996e-314	-7.845908e+298	6.329210e-001	7.742164e-001	-2.530171e-098	-2.656984e+303	0.000000e+000	1.524970e-173	1.089786e-305	
0.000000e+000	0.000000e+000	0.000000e+000	0.000000e+000	0.000000e+000	0.000000e+000	0.000000e+000	0.000000e+000	0.000000e+000	0.000000e+000	0.000000e+000	0.000000e+000	0.000000e+000	0.000000e+000	0.000000e+000	-2.530171e-098	-2.656984e+303	0.000000e+000	1.524955e-173	1.089930e-305	0.000000e+000	2.121996e-314	-7.845908e+298	9.912736e-001	1.318208e-001	-2.530171e-098	-2.656984e+303	0.000000e+000	1.524970e-173	1.090095e-305	
0.000000e+000	0.000000e+000	0.000000e+000	0.000000e+000	0.000000e+000	0.000000e+000	0.000000e+000	0.000000e+000	0.000000e+000	0.000000e+000	0.000000e+000	0.000000e+000	0.000000e+000	0.000000e+000	0.000000e+000	-2.530171e-098	-2.656984e+303	0.000000e+000	1.524955e-173	1.090238e-305	0.000000e+000	2.121996e-314	-7.845908e+298	4.296433e-002	9.990766e-001	-2.530171e-098	-2.656984e+303	0.000000e+000	1.524970e-173	1.090404e-305	
0.000000e+000	0.000000e+000	0.000000e+000	0.000000e+000	0.000000e+000	0.000000e+000	0.000000e+000	0.000000e+000	0.000000e+000	0.000000e+000	0.000000e+000	0.000000e+000	0.000000e+000	0.000000e+000	0.000000e+000	-2.530171e-098	-2.656984e+303	0.000000e+000	1.524955e-173	1.090547e-305	0.000000e+000	2.121996e-314	-7.845908e+298	3.851912e-001	9.228368e-001	-2.530171e-098	-2.656984e+303	0.000000e+000	1.524970e-173	1.090712e-305	
0.000000e+000	0.000000e+000	0.000000e+000	0.000000e+000	0.000000e+000	0.000000e+000	0.000000e+000	0.000000e+000	0.000000e+000	0.000000e+000	0.000000e+000	0.000000e+000	0.000000e+000	0.000000e+000	0.000000e+000	-2.530171e-098	-2.656984e+303	0.000000e+000	1.524955e-173	1.090855e-305	0.000000e+000	2.121996e-314	-7.845908e+298	2.591899e-001	9.658264e-001	-2.530171e-098	-2.656984e+303	0.000000e+000	1.524970e-173	1.091021e-305	
0.000000e+000	0.000000e+000	0.000000e+000	0.000000e+000	0.000000e+000	0.000000e+000	0.000000e+000	0.000000e+000	0.000000e+000	0.000000e+000	0.000000e+000	0.000000e+000	0.000000e+000	0.000000e+000	0.000000e+000	-2.530171e-098	-2.656984e+303	0.000000e+000	1.524955e-173	1.091164e-305	0.000000e+000	2.121996e-314	-7.845908e+298	7.076132e-001	7.066000e-001	-2.530171e-098	-2.656984e+303	0.000000e+000	1.524970e-173	1.091329e-305	
0.000000e+000	0.000000e+000	0.000000e+000	0.000000e+000	0.000000e+000	0.000000e+000	0.000000e+000	0.000000e+000	0.000000e+000	0.000000e+000	0.000000e+000	0.000000e+000	0.000000e+000	0.000000e+000	0.000000e+000	-2.530171e-098	-2.656984e+303	0.000000e+000	1.524955e-173	1.091473e-305	0.000000e+000	2.121996e-314	-7.845908e+298	6.839862e-001	7.294950e-001	-2.530171e-098	-2.656984e+303	0.000000e+000	1.524970e-173	1.091638e-305	
0.000000e+000	0.000000e+000	0.000000e+000	0.000000e+000	0.000000e+000	0.000000e+000	0.000000e+000	0.000000e+000	0.000000e+000	0.000000e+000	0.000000e+000	0.000000e+000	0.000000e+000	0.000000e+000	0.000000e+000	-2.530171e-098	-2.656984e+303	0.000000e+000	1.524955e-173	1.091781e-305	0.000000e+000	2.121996e-314	-7.845908e+298	9.586445e-001	2.846061e-001	-2.530171e-098	-2.656984e+303	0.000000e+000	1.524970e-173	1.091946e-305	
0.000000e+000	0.000000e+000	0.000000e+000	0.000000e+000	0.000000e+000	0.000000e+000	0.000000e+000	0.000000e+000	0.000000e+000	0.000000e+000	0.000000e+000	0.000000e+000	0.000000e+000	0.000000e+000	0.000000e+000	-2.530171e-098	-2.656984e+303	0.000000e+000	1.524955e-173	1.092090e-305	0.000000e+000	2.121996e-314	-7.845908e+298	8.227899e-001	5.683457e-001	-2.530171e-098	-2.656984e+303	0.000000e+000	1.524970e-173	1.092255e-305	
0.000000e+000	0.000000e+000	0.000000e+000	0.000000e+000	0.000000e+000	0.000000e+000	0.000000e+000	0.000000e+000	0.000000e+000	0.000000e+000	0.000000e+000	0.000000e+000	0.000000e+000	0.000000e+000	0.000000e+000	-2.530171e-098	-2.656984e+303	0.000000e+000	1.524955e-173	1.092398e-305	0.000000e+000	2.121996e-314	-7.845908e+298	9.125350e-001	4.089986e-001	-2.530171e-098	-2.656984e+303	0.000000e+000	1.524970e-173	1.092563e-305	
0.000000e+000	0.000000e+000	0.000000e+000	0.000000e+000	0.000000e+000	0.000000e+000	0.000000e+000	0.000000e+000	0.000000e+000	0.000000e+000	0.000000e+000	0.000000e+000	0.000000e+000	0.000000e+000	0.000000e+000	-2.530171e-098	-2.656984e+303	0.000000e+000	1.524955e-173	1.092707e-305	0.000000e+000	2.121996e-314	-7.845908e+298	6.598014e-001	7.514401e-001	-2.530171e-098	-2.656984e+303	0.000000e+000	1.524970e-173	1.092872e-305	
0.000000e+000	0.000000e+000	0.000000e+000	0.000000e+000	0.000000e+000	0.000000e+000	0.000000e+000	0.000000e+000	0.000000e+000	0.000000e+000	0.000000e+000	0.000000e+000	0.000000e+000	0.000000e+000	0.000000e+000	-2.530171e-098	-2.656984e+303	0.000000e+000	1.524955e-173	1.093015e-305	0.000000e+000	2.121996e-314	-7.845908e+298	3.400521e-001	9.404066e-001	-2.530171e-098	-2.656984e+303	0.000000e+000	1.524970e-173	1.093181e-305	
0.000000e+000	0.000000e+000	0.000000e+000	0.000000e+000	0.000000e+000	0.000000e+000	0.000000e+000	0.000000e+000	0.000000e+000	0.000000e+000	0.000000e+000	0.000000e+000	0.000000e+000	0.000000e+000	0.000000e+000	-2.530171e-098	-2.656984e+303	0.000000e+000	1.524955e-173	1.093324e-305	0.000000e+000	2.121996e-314	-7.845908e+298	5.826427e-001	8.127284e-001	-2.530171e-098	-2.656984e+303	0.000000e+000	1.524970e-173	1.093489e-305	
0.000000e+000	0.000000e+000	0.000000e+000	0.000000e+000	0.000000e+000	0.000000e+000	0.000000e+000	0.000000e+000	0.000000e+000	0.000000e+000	0.000000e+000	0.000000e+000	0.000000e+000	0.000000e+000	0.000000e+000	-2.530171e-098	-2.656984e+303	0.000000e+000	1.524955e-173	1.093632e-305	0.000000e+000	2.121996e-314	-7.845908e+298	9.862285e-001	1.653886e-001	-2.530171e-098	-2.656984e+303	0.000000e+000	1.524970e-173	1.093798e-305	
0.000000e+000	0.000000e+000	0.000000e+000	0.000000e+000	0.000000e+000	0.000000e+000	0.000000e+000	0.000000e+000	0.000000e+000	0.000000e+000	0.000000e+000	0.000000e+000	0.000000e+000	0.000000e+000	0.000000e+000	-2.530171e-098	-2.656984e+303	0.000000e+000	1.524955e-173	1.093941e-305	0.000000e+000	2.121996e-314	-7.845908e+298	9.992021e-001	3.993914e-002	-2.530171e-098	-2.656984e+303	0.000000e+000	1.524970e-173	1.094106e-305	
0.000000e+000	0.000000e+000	0.000000e+000	0.000000e+000	0.000000e+000	0.000000e+000	0.000000e+000	0.000000e+000	0.000000e+000	0.000000e+000	0.000000e+000	0.000000e+000	0.000000e+000	0.000000e+000	0.000000e+000	-2.530171e-098	-2.656984e+303	0.000000e+000	1.524955e-173	1.094250e-305	0.000000e+000	2.121996e-314	-7.845908e+298	9.461903e-001	3.236106e-001	-2.530171e-098	-2.656984e+303	0.000000e+000	1.524970e-173	1.094415e-305	
0.000000e+000	0.000000e+000	0.000000e+000	0.000000e+000	0.000000e+000	0.000000e+000	0.000000e+000	0.000000e+000	0.000000e+000	0.000000e+000	0.000000e+000	0.000000e+000	0.000000e+000	0.000000e+000	0.000000e+000	-2.530171e-098	-2.656984e+303	0.000000e+000	1.524955e-173	1.094558e-305	0.000000e+000	2.121996e-314	-7.845908e+298	1.000000e+000	0.000000e+000	-2.530171e-098	-2.656984e+303	0.000000e+000	1.524970e-173	1.094723e-305	
0.000000e+000	0.000000e+000	0.000000e+000	0.000000e+000	0.000000e+000	0.000000e+000	0.000000e+000	0.000000e+000	0.000000e+000	0.000000e+000	0.000000e+000	0.000000e+000	0.000000e+000	0.000000e+000	0.000000e+000	-2.530171e-098	-2.656984e+303	0.000000e+000	1.524955e-173	1.094867e-305	0.000000e+000	2.121996e-314	-7.845908e+298	8.791907e-001	4.764701e-001	-2.530171e-098	-2.656984e+303	0.000000e+000	1.524970e-173	1.095032e-305	
0.000000e+000	0.000000e+000	0.000000e+000	0.000000e+000	0.000000e+000	0.000000e+000	0.000000e+000	0.000000e+000	0.000000e+000	0.000000e+000	0.000000e+000	0.000000e+000	0.000000e+000	0.000000e+000	0.000000e+000	-2.530171e-098	-2.656984e+303	0.000000e+000	1.524955e-173	1.095175e-305	0.000000e+000	2.121996e-314	-7.845908e+298	6.123234e-017	1.000000e+000	-2.530171e-098	-2.656984e+303	0.000000e+000	1.524970e-173	1.095340e-305	
0.000000e+000	0.000000e+000	0.000000e+000	0.000000e+000	0.000000e+000	0.000000e+000	0.000000e+000	0.000000e+000	0.000000e+000	0.000000e+000	0.000000e+000	0.000000e+000	0.000000e+000	0.000000e+000	0.000000e+000	-2.530171e-098	-2.656984e+303	0.000000e+000	1.524955e-173	1.095484e-305	0.000000e+000	2.121996e-314	-7.845908e+298	1.940621e-001	9.809893e-001	-2.530171e-098	-2.656984e+303	0.000000e+000	1.524970e-173	1.095649e-305	
0.000000e+000	0.000000e+000	0.000000e+000	0.000000e+000	0.000000e+000	0.000000e+000	0.000000e+000	0.000000e+000	0.000000e+000	0.000000e+000	0.000000e+000	0.000000e+000	0.000000e+000	0.000000e+000	0.000000e+000	-2.530171e-098	-2.656984e+303	0.000000e+000	1.524955e-173	1.095792e-305	0.000000e+000	2.121996e-314	-7.845908e+298	8.455852e-001	5.338405e-001	-2.530171e-098	-2.656984e+303	0.000000e+000	1.524970e-173	1.095958e-305	
0.000000e+000	0.000000e+000	0.000000e+000	0.000000e+000	0.000000e+000	0.000000e+000	0.000000e+000	0.000000e+000	0.000000e+000	0.000000e+000	0.000000e+000	0.000000e+000	0.000000e+000	0.000000e+000	0.000000e+000	-2.530171e-098	-2.656984e+303	0.000000e+000	1.524955e-173	1.096101e-305	0.000000e+000	2.121996e-314	-7.845908e+298	9.689675e-001	2.471882e-001	-2.530171e-098	-2.656984e+303	0.000000e+000	1.524970e-173	1.096266e-305	
0.000000e+000	0.000000e+000	0.000000e+000	0.000000e+000	0.000000e+000	0.000000e+000	0.000000e+000	0.000000e+000	0.000000e+000	0.000000e+000	0.000000e+000	0.000000e+000	0.000000e+000	0.000000e+000	0.000000e+000	-2.530171e-098	-2.656984e+303	0.000000e+000	1.524955e-173	1.096409e-305	0.000000e+000	2.121996e-314	-7.845908e+298	8.958497e-001	4.443572e-001	-2.530171e-098	-2.656984e+303	0.000000e+000	1.524970e-173	1.096575e-305	
0.000000e+000	0.000000e+000	0.000000e+000	0.000000e+000	0.000000e+000	0.000000e+000	0.000000e+000	0.000000e+000	0.000000e+000	0.000000e+000	0.000000e+000	0.000000e+000	0.000000e+000	0.000000e+000	0.000000e+000	-2.530171e-098	-2.656984e+303	0.000000e+000	1.524955e-173	1.096718e-305	0.000000e+000	2.121996e-314	-7.845908e+298	1.297673e-001	9.915445e-001	-2.530171e-098	-2.656984e+303	0.000000e+000	1.524970e-173	1.096883e-305	
0.000000e+000	0.000000e+000	0.000000e+000	0.000000e+000	0.000000e+000	0.000000e+000	0.000000e+000	0.000000e+000	0.000000e+000	0.000000e+000	0.000000e+000	0.000000e+000	0.000000e+000	0.000000e+000	0.000000e+000	-2.530171e-098	-2.656984e+303	0.000000e+000	1.524955e-173	1.097027e-305	0.000000e+000	2.121996e-314	-7.845908e+298	7.773978e-001	6.290093e-001	-2.530171e-098	-2.656984e+303	0.000000e+000	1.524970e-173	1.097192e-305	
0.000000e+000	0.000000e+000	0.000000e+000	0.000000e+000	0.000000e+000	0.000000e+000	0.000000e+000	0.000000e+000	0.000000e+000	0.000000e+000	0.000000e+000	0.000000e+000	0.000000e+000	0.000000e+000	0.000000e+000	-2.530171e-098	-2.656984e+303	0.000000e+000	1.524955e-173	1.097335e-305	0.000000e+000	2.121996e-314	-7.845908e+298	5.029170e-001	8.643347e-001	-2.530171e-098	-2.656984e+303	0.000000e+000	1.524970e-173	1.097500e-305	
0.000000e+000	0.000000e+000	0.000000e+000	0.000000e+000	0.000000e+000	0.000000e+000	0.000000e+000	0.000000e+000	0.000000e+000	0.000000e+000	0.000000e+000	0.000000e+000	0.000000e+000	0.000000e+000	0.000000e+000	-2.530171e-098	-2.656984e+303	0.000000e+000	1.524955e-173	1.097644e-305	0.000000e+000	2.121996e-314	-7.845908e+298	6.087897e-001	7.933316e-001	-2.530171e-098	-2.656984e+303	0.000000e+000	1.524970e-173	1.097809e-305	
0.000000e+000	0.000000e+000	0.000000e+000	0.000000e+000	0.000000e+000	0.000000e+000	0.000000e+000	0.000000e+000	0.000000e+000	0.000000e+000	0.000000e+000	0.000000e+000	0.000000e+000	0.000000e+000	0.000000e+000	-2.530171e-098	-2.656984e+303	0.000000e+000	1.524955e-173	1.097952e-305	0.000000e+000	2.121996e-314	-7.845908e+298	2.940298e-001	9.557963e-001	-2.530171e-098	-2.656984e+303	0.000000e+000	1.524970e-173	1.098117e-305	
0.000000e+000	0.000000e+000	0.000000e+000	0.000000e+000	0.000000e+000	0.000000e+000	0.000000e+000	0.000000e+000	0.000000e+000	0.000000e+000	0.000000e+000	0.000000e+000	0.000000e+000	0.000000e+000	0.000000e+000	-2.530171e-098	-2.656984e+303	0.000000e+000	1.524955e-173	1.098261e-305	0.000000e+000	2.121996e-314	-7.845908e+298	5.527375e-001	8.333554e-001	-2.530171e-098	-2.656984e+303	0.000000e+000	1.524970e-173	1.098426e-305	
0.000000e+000	0.000000e+000	0.000000e+000	0.000000e+000	0.000000e+000	0.000000e+000	0.000000e+000	0.000000e+000	0.000000e+000	0.000000e+000	0.000000e+000	0.000000e+000	0.000000e+000	0.000000e+000	0.000000e+000	-2.530171e-098	-2.656984e+303	0.000000e+000	1.524955e-173	1.098569e-305	0.000000e+000	2.121996e-314	-7.845908e+298	8.770166e-002	9.961468e-001	-2.530171e-098	-2.656984e+303	0.000000e+000	1.524970e-173	1.098735e-305	
0.000000e+000	0.000000e+000	0.000000e+000	0.000000e+000	0.000000e+000	0.000000e+000	0.000000e+000	0.000000e+000	0.000000e+000	0.000000e+000	0.000000e+000	0.000000e+000	0.000000e+000	0.000000e+000	0.000000e+000	-2.530171e-098	-2.656984e+303	0.000000e+000	1.524955e-173	1.098878e-305	0.000000e+000	2.121996e-314	-7.845908e+298	4.239045e-001	9.057069e-001	-2.530171e-098	-2.656984e+303	0.000000e+000	1.524970e-173	1.099043e-305	
0.000000e+000	0.000000e+000	0.000000e+000	0.000000e+000	0.000000e+000	0.000000e+000	0.000000e+000	0.000000e+000	0.000000e+000	0.000000e+000	0.000000e+000	0.000000e+000	0.000000e+000	0.000000e+000	0.000000e+000	-2.530171e-098	-2.656984e+303	0.000000e+000	1.524955e-173	1.099186e-305	0.000000e+000	2.121996e-314	-7.845908e+298	9.960926e-001	8.831459e-002	-2.530171e-098	-2.656984e+303	0.000000e+000	1.524970e-173	1.099352e-305	
0.000000e+000	0.000000e+000	0.000000e+000	0.000000e+000	0.000000e+000	0.000000e+000	0.000000e+000	0.000000e+000	0.000000e+000	0.000000e+000	0.000000e+000	0.000000e+000	0.000000e+000	0.000000e+000	0.000000e+000	-2.530171e-098	-2.656984e+303	0.000000e+000	1.524955e-173	1.099495e-305	0.000000e+000	2.121996e-314	-7.845908e+298	7.520341e-001	6.591242e-001	-2.530171e-098	-2.656984e+303	0.000000e+000	1.524970e-173	1.099660e-305	
0.000000e+000	0.000000e+000	0.000000e+000	0.000000e+000	0.000000e+000	0.000000e+000	0.000000e+000	0.000000e+000	0.000000e+000	0.000000e+000	0.000000e+000	0.000000e+000	0.000000e+000	0.000000e+000	0.000000e+000	-2.530171e-098	-2.656984e+303	0.000000e+000	1.524955e-173	1.099804e-305	0.000000e+000	2.121996e-314	-7.845908e+298	4.550075e-001	8.904876e-001	-2.530171e-098	-2.656984e+303	0.000000e+000	1.524970e-173	1.099969e-305	
0.000000e+000	0.000000e+000	0.000000e+000	0.000000e+000	0.000000e+000	0.000000e+000	0.000000e+000	0.000000e+000	0.000000e+000	0.000000e+000	0.000000e+000	0.000000e+000	0.000000e+000	0.000000e+000	0.000000e+000	-2.530171e-098	-2.656984e+303	0.000000e+000	1.524955e-173	1.100112e-305	0.000000e+000	2.121996e-314	-7.845908e+298	5.323104e-001	8.465493e-001	-2.530171e-098	-2.656984e+303	0.000000e+000	1.524970e-173	1.100277e-305	
0.000000e+000	0.000000e+000	0.000000e+000	0.000000e+000	0.000000e+000	0.000000e+000	0.000000e+000	0.000000e+000	0.000000e+000	0.000000e+000	0.000000e+000	0.000000e+000	0.000000e+000	0.000000e+000	0.000000e+000	-2.530171e-098	-2.656984e+303	0.000000e+000	1.524955e-173	1.100421e-305	0.000000e+000	2.121996e-314	-7.845908e+298	8.002604e-001	5.996526e-001	-2.530171e-098	-2.656984e+303	0.000000e+000	1.524970e-173	1.100586e-305	
0.000000e+000	0.000000e+000	0.000000e+000	0.000000e+000	0.000000e+000	0.000000e+000	0.000000e+000	0.000000e+000	0.000000e+000	0.000000e+000	0.000000e+000	0.000000e+000	0.000000e+000	0.000000e+000	0.000000e+000	-2.530171e-098	-2.656984e+303	0.000000e+000	1.524955e-173	1.100729e-305	0.000000e+000	2.121996e-314	-7.845908e+298	8.622717e-001	5.064459e-001	-2.530171e-098	-2.656984e+303	0.000000e+000	1.524970e-173	1.100894e-305	
0.000000e+000	0.000000e+000	0.000000e+000	0.000000e+000	0.000000e+000	0.000000e+000	0.000000e+000	0.000000e+000	0.000000e+000	0.000000e+000	0.000000e+000	0.000000e+000	0.000000e+000	0.000000e+000	0.000000e+000	-2.530171e-098	-2.656984e+303	0.000000e+000	1.524955e-173	1.101038e-305	0.000000e+000	2.121996e-314	-7.845908e+298	2.305029e-001	9.730716e-001	-2.530171e-098	-2.656984e+303	0.000000e+000	1.524970e-173	1.101203e-305	
0.000000e+000	0.000000e+000	0.000000e+000	0.000000e+000	0.000000e+000	0.000000e+000	0.000000e+000	0.000000e+000	0.000000e+000	0.000000e+000	0.000000e+000	0.000000e+000	0.000000e+000	0.000000e+000	0.000000e+000	-2.530171e-098	-2.656984e+303	0.000000e+000	1.524955e-173	1.101346e-305	0.000000e+000	2.121996e-314	-7.845908e+298	9.354295e-001	3.535132e-001	-2.530171e-098	-2.656984e+303	0.000000e+000	1.524970e-173	1.101512e-305	
