0.000000e+000	0.000000e+000	0.000000e+000	0.000000e+000	0.000000e+000	0.000000e+000	0.000000e+000	0.000000e+000	0.000000e+000	0.000000e+000	0.000000e+000	0.000000e+000	0.000000e+000	0.000000e+000	0.000000e+000	-2.530171e-098	-2.656984e+303	0.000000e+000	1.575495e-173	1.104158e-305	0.000000e+000	2.121996e-314	-7.845908e+298	1.000000e+000	0.000000e+000	-2.530171e-098	-2.656984e+303	0.000000e+000	1.575509e-173	1.104323e-305	
8.442165e-001	0.000000e+000	0.000000e+000	0.000000e+000	0.000000e+000	0.000000e+000	0.000000e+000	0.000000e+000	0.000000e+000	0.000000e+000	0.000000e+000	0.000000e+000	0.000000e+000	0.000000e+000	0.000000e+000	-2.530171e-098	-2.656984e+303	0.000000e+000	1.575495e-173	1.104467e-305	0.000000e+000	2.121996e-314	-7.845908e+298	2.422692e-001	9.702091e-001	-2.530171e-098	-2.656984e+303	0.000000e+000	1.575509e-173	1.104632e-305	
9.382871e-001	0.000000e+000	0.000000e+000	0.000000e+000	0.000000e+000	0.000000e+000	0.000000e+000	0.000000e+000	0.000000e+000	0.000000e+000	0.000000e+000	0.000000e+000	0.000000e+000	0.000000e+000	0.000000e+000	-2.530171e-098	-2.656984e+303	0.000000e+000	1.575495e-173	1.104775e-305	0.000000e+000	2.121996e-314	-7.845908e+298	9.678670e-002	9.953051e-001	-2.530171e-098	-2.656984e+303	0.000000e+000	1.575509e-173	1.104940e-305	
8.839427e-001	0.000000e+000	0.000000e+000	0.000000e+000	0.000000e+000	0.000000e+000	0.000000e+000	0.000000e+000	0.000000e+000	0.000000e+000	0.000000e+000	0.000000e+000	0.000000e+000	0.000000e+000	0.000000e+000	-2.530171e-098	-2.656984e+303	0.000000e+000	1.575495e-173	1.105084e-305	0.000000e+000	2.121996e-314	-7.845908e+298	1.812943e-001	9.834289e-001	-2.530171e-098	-2.656984e+303	0.000000e+000	1.575509e-173	1.105249e-305	
2.761147e-001	0.000000e+000	0.000000e+000	0.000000e+000	0.000000e+000	0.000000e+000	0.000000e+000	0.000000e+000	0.000000e+000	0.000000e+000	0.000000e+000	0.000000e+000	0.000000e+000	0.000000e+000	0.000000e+000	-2.530171e-098	-2.656984e+303	0.000000e+000	1.575495e-173	1.105392e-305	0.000000e+000	2.121996e-314	-7.845908e+298	9.074087e-001	4.202492e-001	-2.530171e-098	-2.656984e+303	0.000000e+000	1.575509e-173	1.105557e-305	
9.161065e-001	0.000000e+000	0.000000e+000	0.000000e+000	0.000000e+000	0.000000e+000	0.000000e+000	0.000000e+000	0.000000e+000	0.000000e+000	0.000000e+000	0.000000e+000	0.000000e+000	0.000000e+000	0.000000e+000	-2.530171e-098	-2.656984e+303	0.000000e+000	1.575495e-173	1.105701e-305	0.000000e+000	2.121996e-314	-7.845908e+298	1.313985e-001	9.913296e-001	-2.530171e-098	-2.656984e+303	0.000000e+000	1.575509e-173	1.105866e-305	
6.629740e-002	0.000000e+000	0.000000e+000	0.000000e+000	0.000000e+000	0.000000e+000	0.000000e+000	0.000000e+000	0.000000e+000	0.000000e+000	0.000000e+000	0.000000e+000	0.000000e+000	0.000000e+000	0.000000e+000	-2.530171e-098	-2.656984e+303	0.000000e+000	1.575495e-173	1.106009e-305	0.000000e+000	2.121996e-314	-7.845908e+298	9.945824e-001	1.039516e-001	-2.530171e-098	-2.656984e+303	0.000000e+000	1.575509e-173	1.106175e-305	
5.257175e-001	0.000000e+000	0.000000e+000	0.000000e+000	0.000000e+000	0.000000e+000	0.000000e+000	0.000000e+000	0.000000e+000	0.000000e+000	0.000000e+000	0.000000e+000	0.000000e+000	0.000000e+000	0.000000e+000	-2.530171e-098	-2.656984e+303	0.000000e+000	1.575495e-173	1.106318e-305	0.000000e+000	2.121996e-314	-7.845908e+298	6.779726e-001	7.350871e-001	-2.530171e-098	-2.656984e+303	0.000000e+000	1.575509e-173	1.106483e-305	
8.658353e-001	0.000000e+000	0.000000e+000	0.000000e+000	0.000000e+000	0.000000e+000	0.000000e+000	0.000000e+000	0.000000e+000	0.000000e+000	0.000000e+000	0.000000e+000	0.000000e+000	0.000000e+000	0.000000e+000	-2.530171e-098	-2.656984e+303	0.000000e+000	1.575495e-173	1.106627e-305	0.000000e+000	2.121996e-314	-7.845908e+298	2.091889e-001	9.778753e-001	-2.530171e-098	-2.656984e+303	0.000000e+000	1.575509e-173	1.106792e-305	
8.267838e-001	0.000000e+000	0.000000e+000	0.000000e+000	0.000000e+000	0.000000e+000	0.000000e+000	0.000000e+000	0.000000e+000	0.000000e+000	0.000000e+000	0.000000e+000	0.000000e+000	0.000000e+000	0.000000e+000	-2.530171e-098	-2.656984e+303	0.000000e+000	1.575495e-173	1.106935e-305	0.000000e+000	2.121996e-314	-7.845908e+298	2.687427e-001	9.632120e-001	-2.530171e-098	-2.656984e+303	0.000000e+000	1.575509e-173	1.107100e-305	
2.213230e-001	0.000000e+000	0.000000e+000	0.000000e+000	0.000000e+000	0.000000e+000	0.000000e+000	0.000000e+000	0.000000e+000	0.000000e+000	0.000000e+000	0.000000e+000	0.000000e+000	0.000000e+000	0.000000e+000	-2.530171e-098	-2.656984e+303	0.000000e+000	1.575495e-173	1.107244e-305	0.000000e+000	2.121996e-314	-7.845908e+298	9.401748e-001	3.406926e-001	-2.530171e-098	-2.656984e+303	0.000000e+000	1.575509e-173	1.107409e-305	
4.121730e-001	0.000000e+000	0.000000e+000	0.000000e+000	0.000000e+000	0.000000e+000	0.000000e+000	0.000000e+000	0.000000e+000	0.000000e+000	0.000000e+000	0.000000e+000	0.000000e+000	0.000000e+000	0.000000e+000	-2.530171e-098	-2.656984e+303	0.000000e+000	1.575495e-173	1.107552e-305	0.000000e+000	2.121996e-314	-7.845908e+298	7.976305e-001	6.031464e-001	-2.530171e-098	-2.656984e+303	0.000000e+000	1.575509e-173	1.107717e-305	
7.602929e-001	0.000000e+000	0.000000e+000	0.000000e+000	0.000000e+000	0.000000e+000	0.000000e+000	0.000000e+000	0.000000e+000	0.000000e+000	0.000000e+000	0.000000e+000	0.000000e+000	0.000000e+000	0.000000e+000	-2.530171e-098	-2.656984e+303	0.000000e+000	1.575495e-173	1.107861e-305	0.000000e+000	2.121996e-314	-7.845908e+298	3.676967e-001	9.299458e-001	-2.530171e-098	-2.656984e+303	0.000000e+000	1.575509e-173	1.108026e-305	
5.812872e-001	0.000000e+000	0.000000e+000	0.000000e+000	0.000000e+000	0.000000e+000	0.000000e+000	0.000000e+000	0.000000e+000	0.000000e+000	0.000000e+000	0.000000e+000	0.000000e+000	0.000000e+000	0.000000e+000	-2.530171e-098	-2.656984e+303	0.000000e+000	1.575495e-173	1.108169e-305	0.000000e+000	2.121996e-314	-7.845908e+298	6.113081e-001	7.913927e-001	-2.530171e-098	-2.656984e+303	0.000000e+000	1.575509e-173	1.108334e-305	
7.343101e-001	0.000000e+000	0.000000e+000	0.000000e+000	0.000000e+000	0.000000e+000	0.000000e+000	0.000000e+000	0.000000e+000	0.000000e+000	0.000000e+000	0.000000e+000	0.000000e+000	0.000000e+000	0.000000e+000	-2.530171e-098	-2.656984e+303	0.000000e+000	1.575495e-173	1.108478e-305	0.000000e+000	2.121996e-314	-7.845908e+298	4.053345e-001	9.141685e-001	-2.530171e-098	-2.656984e+303	0.000000e+000	1.575509e-173	1.108643e-305	
7.052256e-001	0.000000e+000	0.000000e+000	0.000000e+000	0.000000e+000	0.000000e+000	0.000000e+000	0.000000e+000	0.000000e+000	0.000000e+000	0.000000e+000	0.000000e+000	0.000000e+000	0.000000e+000	0.000000e+000	-2.530171e-098	-2.656984e+303	0.000000e+000	1.575495e-173	1.108786e-305	0.000000e+000	2.121996e-314	-7.845908e+298	4.466615e-001	8.947030e-001	-2.530171e-098	-2.656984e+303	0.000000e+000	1.575509e-173	1.108952e-305	
6.593673e-001	0.000000e+000	0.000000e+000	0.000000e+000	0.000000e+000	0.000000e+000	0.000000e+000	0.000000e+000	0.000000e+000	0.000000e+000	0.000000e+000	0.000000e+000	0.000000e+000	0.000000e+000	0.000000e+000	-2.530171e-098	-2.656984e+303	0.000000e+000	1.575495e-173	1.109095e-305	0.000000e+000	2.121996e-314	-7.845908e+298	5.098966e-001	8.602357e-001	-2.530171e-098	-2.656984e+303	0.000000e+000	1.575509e-173	1.109260e-305	
1.852406e-001	0.000000e+000	0.000000e+000	0.000000e+000	0.000000e+000	0.000000e+000	0.000000e+000	0.000000e+000	0.000000e+000	0.000000e+000	0.000000e+000	0.000000e+000	0.000000e+000	0.000000e+000	0.000000e+000	-2.530171e-098	-2.656984e+303	0.000000e+000	1.575495e-173	1.109404e-305	0.000000e+000	2.121996e-314	-7.845908e+298	9.579645e-001	2.868867e-001	-2.530171e-098	-2.656984e+303	0.000000e+000	1.575509e-173	1.109569e-305	
3.422432e-001	0.000000e+000	0.000000e+000	0.000000e+000	0.000000e+000	0.000000e+000	0.000000e+000	0.000000e+000	0.000000e+000	0.000000e+000	0.000000e+000	0.000000e+000	0.000000e+000	0.000000e+000	0.000000e+000	-2.530171e-098	-2.656984e+303	0.000000e+000	1.575495e-173	1.109712e-305	0.000000e+000	2.121996e-314	-7.845908e+298	8.589430e-001	5.120712e-001	-2.530171e-098	-2.656984e+303	0.000000e+000	1.575509e-173	1.109877e-305	
3.634729e-001	0.000000e+000	0.000000e+000	0.000000e+000	0.000000e+000	0.000000e+000	0.000000e+000	0.000000e+000	0.000000e+000	0.000000e+000	0.000000e+000	0.000000e+000	0.000000e+000	0.000000e+000	0.000000e+000	-2.530171e-098	-2.656984e+303	0.000000e+000	1.575495e-173	1.110021e-305	0.000000e+000	2.121996e-314	-7.845908e+298	8.413923e-001	5.404248e-001	-2.530171e-098	-2.656984e+303	0.000000e+000	1.575509e-173	1.110186e-305	
3.202896e-001	0.000000e+000	0.000000e+000	0.000000e+000	0.000000e+000	0.000000e+000	0.000000e+000	0.000000e+000	0.000000e+000	0.000000e+000	0.000000e+000	0.000000e+000	0.000000e+000	0.000000e+000	0.000000e+000	-2.530171e-098	-2.656984e+303	0.000000e+000	1.575495e-173	1.110329e-305	0.000000e+000	2.121996e-314	-7.845908e+298	8.760875e-001	4.821522e-001	-2.530171e-098	-2.656984e+303	0.000000e+000	1.575509e-173	1.110494e-305	
3.161132e-002	0.000000e+000	0.000000e+000	0.000000e+000	0.000000e+000	0.000000e+000	0.000000e+000	0.000000e+000	0.000000e+000	0.000000e+000	0.000000e+000	0.000000e+000	0.000000e+000	0.000000e+000	0.000000e+000	-2.530171e-098	-2.656984e+303	0.000000e+000	1.575495e-173	1.110638e-305	0.000000e+000	2.121996e-314	-7.845908e+298	9.987674e-001	4.963455e-002	-2.530171e-098	-2.656984e+303	0.000000e+000	1.575509e-173	1.110803e-305	
4.335928e-001	0.000000e+000	0.000000e+000	0.000000e+000	0.000000e+000	0.000000e+000	0.000000e+000	0.000000e+000	0.000000e+000	0.000000e+000	0.000000e+000	0.000000e+000	0.000000e+000	0.000000e+000	0.000000e+000	-2.530171e-098	-2.656984e+303	0.000000e+000	1.575495e-173	1.110946e-305	0.000000e+000	2.121996e-314	-7.845908e+298	7.768894e-001	6.296371e-001	-2.530171e-098	-2.656984e+303	0.000000e+000	1.575509e-173	1.111111e-305	
1.336831e-001	0.000000e+000	0.000000e+000	0.000000e+000	0.000000e+000	0.000000e+000	0.000000e+000	0.000000e+000	0.000000e+000	0.000000e+000	0.000000e+000	0.000000e+000	0.000000e+000	0.000000e+000	0.000000e+000	-2.530171e-098	-2.656984e+303	0.000000e+000	1.575495e-173	1.111255e-305	0.000000e+000	2.121996e-314	-7.845908e+298	9.780332e-001	2.084491e-001	-2.530171e-098	-2.656984e+303	0.000000e+000	1.575509e-173	1.111420e-305	
6.776226e-001	0.000000e+000	0.000000e+000	0.000000e+000	0.000000e+000	0.000000e+000	0.000000e+000	0.000000e+000	0.000000e+000	0.000000e+000	0.000000e+000	0.000000e+000	0.000000e+000	0.000000e+000	0.000000e+000	-2.530171e-098	-2.656984e+303	0.000000e+000	1.575495e-173	1.111563e-305	0.000000e+000	2.121996e-314	-7.845908e+298	4.850229e-001	8.745015e-001	-2.530171e-098	-2.656984e+303	0.000000e+000	1.575509e-173	1.111729e-305	
1.605969e-001	0.000000e+000	0.000000e+000	0.000000e+000	0.000000e+000	0.000000e+000	0.000000e+000	0.000000e+000	0.000000e+000	0.000000e+000	0.000000e+000	0.000000e+000	0.000000e+000	0.000000e+000	0.000000e+000	-2.530171e-098	-2.656984e+303	0.000000e+000	1.575495e-173	1.111872e-305	0.000000e+000	2.121996e-314	-7.845908e+298	9.683495e-001	2.495980e-001	-2.530171e-098	-2.656984e+303	0.000000e+000	1.575509e-173	1.112037e-305	
9.655134e-001	0.000000e+000	0.000000e+000	0.000000e+000	0.000000e+000	0.000000e+000	0.000000e+000	0.000000e+000	0.000000e+000	0.000000e+000	0.000000e+000	0.000000e+000	0.000000e+000	0.000000e+000	0.000000e+000	-2.530171e-098	-2.656984e+303	0.000000e+000	1.575495e-173	1.112181e-305	0.000000e+000	2.121996e-314	-7.845908e+298	5.414497e-002	9.985331e-001	-2.530171e-098	-2.656984e+303	0.000000e+000	1.575509e-173	1.112346e-305	
5.584517e-001	0.000000e+000	0.000000e+000	0.000000e+000	0.000000e+000	0.000000e+000	0.000000e+000	0.000000e+000	0.000000e+000	0.000000e+000	0.000000e+000	0.000000e+000	0.000000e+000	0.000000e+000	0.000000e+000	-2.530171e-098	-2.656984e+303	0.000000e+000	1.575495e-173	1.112489e-305	0.000000e+000	2.121996e-314	-7.845908e+298	6.392960e-001	7.689607e-001	-2.530171e-098	-2.656984e+303	0.000000e+000	1.575509e-173	1.112654e-305	
4.480104e-001	0.000000e+000	0.000000e+000	0.000000e+000	0.000000e+000	0.000000e+000	0.000000e+000	0.000000e+000	0.000000e+000	0.000000e+000	0.000000e+000	0.000000e+000	0.000000e+000	0.000000e+000	0.000000e+000	-2.530171e-098	-2.656984e+303	0.000000e+000	1.575495e-173	1.112798e-305	0.000000e+000	2.121996e-314	-7.845908e+298	7.624319e-001	6.470684e-001	-2.530171e-098	-2.656984e+303	0.000000e+000	1.575509e-173	1.112963e-305	
2.545735e-001	0.000000e+000	0.000000e+000	0.000000e+000	0.000000e+000	0.000000e+000	0.000000e+000	0.000000e+000	0.000000e+000	0.000000e+000	0.000000e+000	0.000000e+000	0.000000e+000	0.000000e+000	0.000000e+000	-2.530171e-098	-2.656984e+303	0.000000e+000	1.575495e-173	1.113106e-305	0.000000e+000	2.121996e-314	-7.845908e+298	9.211065e-001	3.893107e-001	-2.530171e-098	-2.656984e+303	0.000000e+000	1.575509e-173	1.113271e-305	
1.008189e-001	0.000000e+000	0.000000e+000	0.000000e+000	0.000000e+000	0.000000e+000	0.000000e+000	0.000000e+000	0.000000e+000	0.000000e+000	0.000000e+000	0.000000e+000	0.000000e+000	0.000000e+000	0.000000e+000	-2.530171e-098	-2.656984e+303	0.000000e+000	1.575495e-173	1.113415e-305	0.000000e+000	2.121996e-314	-7.845908e+298	9.874863e-001	1.577048e-001	-2.530171e-098	-2.656984e+303	0.000000e+000	1.575509e-173	1.113580e-305	
1.000000e+000	0.000000e+000	0.000000e+000	0.000000e+000	0.000000e+000	0.000000e+000	0.000000e+000	0.000000e+000	0.000000e+000	0.000000e+000	0.000000e+000	0.000000e+000	0.000000e+000	0.000000e+000	0.000000e+000	-2.530171e-098	-2.656984e+303	0.000000e+000	1.575495e-173	1.113723e-305	0.000000e+000	2.121996e-314	-7.845908e+298	6.123234e-017	1.000000e+000	-2.530171e-098	-2.656984e+303	0.000000e+000	1.575509e-173	1.113888e-305	
7.846744e-001	0.000000e+000	0.000000e+000	0.000000e+000	0.000000e+000	0.000000e+000	0.000000e+000	0.000000e+000	0.000000e+000	0.000000e+000	0.000000e+000	0.000000e+000	0.000000e+000	0.000000e+000	0.000000e+000	-2.530171e-098	-2.656984e+303	0.000000e+000	1.575495e-173	1.114032e-305	0.000000e+000	2.121996e-314	-7.845908e+298	3.318204e-001	9.433426e-001	-2.530171e-098	-2.656984e+303	0.000000e+000	1.575509e-173	1.114197e-305	
8.042002e-001	0.000000e+000	0.000000e+000	0.000000e+000	0.000000e+000	0.000000e+000	0.000000e+000	0.000000e+000	0.000000e+000	0.000000e+000	0.000000e+000	0.000000e+000	0.000000e+000	0.000000e+000	0.000000e+000	-2.530171e-098	-2.656984e+303	0.000000e+000	1.575495e-173	1.114340e-305	0.000000e+000	2.121996e-314	-7.845908e+298	3.027356e-001	9.530746e-001	-2.530171e-098	-2.656984e+303	0.000000e+000	1.575509e-173	1.114506e-305	
4.665160e-001	0.000000e+000	0.000000e+000	0.000000e+000	0.000000e+000	0.000000e+000	0.000000e+000	0.000000e+000	0.000000e+000	0.000000e+000	0.000000e+000	0.000000e+000	0.000000e+000	0.000000e+000	0.000000e+000	-2.530171e-098	-2.656984e+303	0.000000e+000	1.575495e-173	1.114649e-305	0.000000e+000	2.121996e-314	-7.845908e+298	7.433032e-001	6.689547e-001	-2.530171e-098	-2.656984e+303	0.000000e+000	1.575509e-173	1.114814e-305	
6.201693e-001	0.000000e+000	0.000000e+000	0.000000e+000	0.000000e+000	0.000000e+000	0.000000e+000	0.000000e+000	0.000000e+000	0.000000e+000	0.000000e+000	0.000000e+000	0.000000e+000	0.000000e+000	0.000000e+000	-2.530171e-098	-2.656984e+303	0.000000e+000	1.575495e-173	1.114958e-305	0.000000e+000	2.121996e-314	-7.845908e+298	5.618633e-001	8.272301e-001	-2.530171e-098	-2.656984e+303	0.000000e+000	1.575509e-173	1.115123e-305	
3.876596e-001	0.000000e+000	0.000000e+000	0.000000e+000	0.000000e+000	0.000000e+000	0.000000e+000	0.000000e+000	0.000000e+000	0.000000e+000	0.000000e+000	0.000000e+000	0.000000e+000	0.000000e+000	0.000000e+000	-2.530171e-098	-2.656984e+303	0.000000e+000	1.575495e-173	1.115266e-305	0.000000e+000	2.121996e-314	-7.845908e+298	8.202581e-001	5.719936e-001	-2.530171e-098	-2.656984e+303	0.000000e+000	1.575509e-173	1.115431e-305	
4.939383e-001	0.000000e+000	0.000000e+000	0.000000e+000	0.000000e+000	0.000000e+000	0.000000e+000	0.000000e+000	0.000000e+000	0.000000e+000	0.000000e+000	0.000000e+000	0.000000e+000	0.000000e+000	0.000000e+000	-2.530171e-098	-2.656984e+303	0.000000e+000	1.575495e-173	1.115575e-305	0.000000e+000	2.121996e-314	-7.845908e+298	7.138075e-001	7.003420e-001	-2.530171e-098	-2.656984e+303	0.000000e+000	1.575509e-173	1.115740e-305	
2.991045e-001	0.000000e+000	0.000000e+000	0.000000e+000	0.000000e+000	0.000000e+000	0.000000e+000	0.000000e+000	0.000000e+000	0.000000e+000	0.000000e+000	0.000000e+000	0.000000e+000	0.000000e+000	0.000000e+000	-2.530171e-098	-2.656984e+303	0.000000e+000	1.575495e-173	1.115883e-305	0.000000e+000	2.121996e-314	-7.845908e+298	8.916442e-001	4.527368e-001	-2.530171e-098	-2.656984e+303	0.000000e+000	1.575509e-173	1.116048e-305	
6.419724e-001	0.000000e+000	0.000000e+000	0.000000e+000	0.000000e+000	0.000000e+000	0.000000e+000	0.000000e+000	0.000000e+000	0.000000e+000	0.000000e+000	0.000000e+000	0.000000e+000	0.000000e+000	0.000000e+000	-2.530171e-098	-2.656984e+303	0.000000e+000	1.575495e-173	1.116192e-305	0.000000e+000	2.121996e-314	-7.845908e+298	5.332082e-001	8.459840e-001	-2.530171e-098	-2.656984e+303	0.000000e+000	1.575509e-173	1.116357e-305	
0.000000e+000	0.000000e+000	0.000000e+000	0.000000e+000	0.000000e+000	0.000000e+000	0.000000e+000	0.000000e+000	0.000000e+000	0.000000e+000	0.000000e+000	0.000000e+000	0.000000e+000	0.000000e+000	0.000000e+000	-2.530171e-098	-2.656984e+303	0.000000e+000	1.575495e-173	1.116500e-305	0.000000e+000	2.121996e-314	-7.845908e+298	1.313985e-001	9.913296e-001	-2.530171e-098	-2.656984e+303	0.000000e+000	1.575509e-173	1.116665e-305	
0.000000e+000	0.000000e+000	0.000000e+000	0.000000e+000	0.000000e+000	0.000000e+000	0.000000e+000	0.000000e+000	0.000000e+000	0.000000e+000	0.000000e+000	0.000000e+000	0.000000e+000	0.000000e+000	0.000000e+000	-2.530171e-098	-2.656984e+303	0.000000e+000	1.575495e-173	1.116809e-305	0.000000e+000	2.121996e-314	-7.845908e+298	9.683495e-001	2.495980e-001	-2.530171e-098	-2.656984e+303	0.000000e+000	1.575509e-173	1.116974e-305	
0.000000e+000	0.000000e+000	0.000000e+000	0.000000e+000	0.000000e+000	0.000000e+000	0.000000e+000	0.000000e+000	0.000000e+000	0.000000e+000	0.000000e+000	0.000000e+000	0.000000e+000	0.000000e+000	0.000000e+000	-2.530171e-098	-2.656984e+303	0.000000e+000	1.575495e-173	1.117117e-305	0.000000e+000	2.121996e-314	-7.845908e+298	9.987674e-001	4.963455e-002	-2.530171e-098	-2.656984e+303	0.000000e+000	1.575509e-173	1.117283e-305	
0.000000e+000	0.000000e+000	0.000000e+000	0.000000e+000	0.000000e+000	0.000000e+000	0.000000e+000	0.000000e+000	0.000000e+000	0.000000e+000	0.000000e+000	0.000000e+000	0.000000e+000	0.000000e+000	0.000000e+000	-2.530171e-098	-2.656984e+303	0.000000e+000	1.575495e-173	1.117426e-305	0.000000e+000	2.121996e-314	-7.845908e+298	2.422692e-001	9.702091e-001	-2.530171e-098	-2.656984e+303	0.000000e+000	1.575509e-173	1.117591e-305	
0.000000e+000	0.000000e+000	0.000000e+000	0.000000e+000	0.000000e+000	0.000000e+000	0.000000e+000	0.000000e+000	0.000000e+000	0.000000e+000	0.000000e+000	0.000000e+000	0.000000e+000	0.000000e+000	0.000000e+000	-2.530171e-098	-2.656984e+303	0.000000e+000	1.575495e-173	1.117735e-305	0.000000e+000	2.121996e-314	-7.845908e+298	7.708375e-001	6.370319e-001	-2.530171e-098	-2.656984e+303	0.000000e+000	1.575509e-173	1.117900e-305	
0.000000e+000	0.000000e+000	0.000000e+000	0.000000e+000	0.000000e+000	0.000000e+000	0.000000e+000	0.000000e+000	0.000000e+000	0.000000e+000	0.000000e+000	0.000000e+000	0.000000e+000	0.000000e+000	0.000000e+000	-2.530171e-098	-2.656984e+303	0.000000e+000	1.575495e-173	1.118043e-305	0.000000e+000	2.121996e-314	-7.845908e+298	9.074087e-001	4.202492e-001	-2.530171e-098	-2.656984e+303	0.000000e+000	1.575509e-173	1.118208e-305	
0.000000e+000	0.000000e+000	0.000000e+000	0.000000e+000	0.000000e+000	0.000000e+000	0.000000e+000	0.000000e+000	0.000000e+000	0.000000e+000	0.000000e+000	0.000000e+000	0.000000e+000	0.000000e+000	0.000000e+000	-2.530171e-098	-2.656984e+303	0.000000e+000	1.575495e-173	1.118352e-305	0.000000e+000	2.121996e-314	-7.845908e+298	8.413923e-001	5.404248e-001	-2.530171e-098	-2.656984e+303	0.000000e+000	1.575509e-173	1.118517e-305	
0.000000e+000	0.000000e+000	0.000000e+000	0.000000e+000	0.000000e+000	0.000000e+000	0.000000e+000	0.000000e+000	0.000000e+000	0.000000e+000	0.000000e+000	0.000000e+000	0.000000e+000	0.000000e+000	0.000000e+000	-2.530171e-098	-2.656984e+303	0.000000e+000	1.575495e-173	1.118660e-305	0.000000e+000	2.121996e-314	-7.845908e+298	5.098966e-001	8.602357e-001	-2.530171e-098	-2.656984e+303	0.000000e+000	1.575509e-173	1.118825e-305	
0.000000e+000	0.000000e+000	0.000000e+000	0.000000e+000	0.000000e+000	0.000000e+000	0.000000e+000	0.000000e+000	0.000000e+000	0.000000e+000	0.000000e+000	0.000000e+000	0.000000e+000	0.000000e+000	0.000000e+000	-2.530171e-098	-2.656984e+303	0.000000e+000	1.575495e-173	1.118969e-305	0.000000e+000	2.121996e-314	-7.845908e+298	8.752819e-001	4.836130e-001	-2.530171e-098	-2.656984e+303	0.000000e+000	1.575509e-173	1.119134e-305	
0.000000e+000	0.000000e+000	0.000000e+000	0.000000e+000	0.000000e+000	0.000000e+000	0.000000e+000	0.000000e+000	0.000000e+000	0.000000e+000	0.000000e+000	0.000000e+000	0.000000e+000	0.000000e+000	0.000000e+000	-2.530171e-098	-2.656984e+303	0.000000e+000	1.575495e-173	1.119277e-305	0.000000e+000	2.121996e-314	-7.845908e+298	2.687427e-001	9.632120e-001	-2.530171e-098	-2.656984e+303	0.000000e+000	1.575509e-173	1.119442e-305	
0.000000e+000	0.000000e+000	0.000000e+000	0.000000e+000	0.000000e+000	0.000000e+000	0.000000e+000	0.000000e+000	0.000000e+000	0.000000e+000	0.000000e+000	0.000000e+000	0.000000e+000	0.000000e+000	0.000000e+000	-2.530171e-098	-2.656984e+303	0.000000e+000	1.575495e-173	1.119586e-305	0.000000e+000	2.121996e-314	-7.845908e+298	6.123234e-017	1.000000e+000	-2.530171e-098	-2.656984e+303	0.000000e+000	1.575509e-173	1.119751e-305	
0.000000e+000	0.000000e+000	0.000000e+000	0.000000e+000	0.000000e+000	0.000000e+000	0.000000e+000	0.000000e+000	0.000000e+000	0.000000e+000	0.000000e+000	0.000000e+000	0.000000e+000	0.000000e+000	0.000000e+000	-2.530171e-098	-2.656984e+303	0.000000e+000	1.575495e-173	1.119894e-305	0.000000e+000	2.121996e-314	-7.845908e+298	5.618633e-001	8.272301e-001	-2.530171e-098	-2.656984e+303	0.000000e+000	1.575509e-173	1.120060e-305	
0.000000e+000	0.000000e+000	0.000000e+000	0.000000e+000	0.000000e+000	0.000000e+000	0.000000e+000	0.000000e+000	0.000000e+000	0.000000e+000	0.000000e+000	0.000000e+000	0.000000e+000	0.000000e+000	0.000000e+000	-2.530171e-098	-2.656984e+303	0.000000e+000	1.575495e-173	1.120203e-305	0.000000e+000	2.121996e-314	-7.845908e+298	6.853702e-001	7.281949e-001	-2.530171e-098	-2.656984e+303	0.000000e+000	1.575509e-173	1.120368e-305	
0.000000e+000	0.000000e+000	0.000000e+000	0.000000e+000	0.000000e+000	0.000000e+000	0.000000e+000	0.000000e+000	0.000000e+000	0.000000e+000	0.000000e+000	0.000000e+000	0.000000e+000	0.000000e+000	0.000000e+000	-2.530171e-098	-2.656984e+303	0.000000e+000	1.575495e-173	1.120512e-305	0.000000e+000	2.121996e-314	-7.845908e+298	1.812943e-001	9.834289e-001	-2.530171e-098	-2.656984e+303	0.000000e+000	1.575509e-173	1.120677e-305	
0.000000e+000	0.000000e+000	0.000000e+000	0.000000e+000	0.000000e+000	0.000000e+000	0.000000e+000	0.000000e+000	0.000000e+000	0.000000e+000	0.000000e+000	0.000000e+000	0.000000e+000	0.000000e+000	0.000000e+000	-2.530171e-098	-2.656984e+303	0.000000e+000	1.575495e-173	1.120820e-305	0.000000e+000	2.121996e-314	-7.845908e+298	9.945824e-001	1.039516e-001	-2.530171e-098	-2.656984e+303	0.000000e+000	1.575509e-173	1.120985e-305	
0.000000e+000	0.000000e+000	0.000000e+000	0.000000e+000	0.000000e+000	0.000000e+000	0.000000e+000	0.000000e+000	0.000000e+000	0.000000e+000	0.000000e+000	0.000000e+000	0.000000e+000	0.000000e+000	0.000000e+000	-2.530171e-098	-2.656984e+303	0.000000e+000	1.575495e-173	1.121129e-305	0.000000e+000	2.121996e-314	-7.845908e+298	5.414497e-002	9.985331e-001	-2.530171e-098	-2.656984e+303	0.000000e+000	1.575509e-173	1.121294e-305	
0.000000e+000	0.000000e+000	0.000000e+000	0.000000e+000	0.000000e+000	0.000000e+000	0.000000e+000	0.000000e+000	0.000000e+000	0.000000e+000	0.000000e+000	0.000000e+000	0.000000e+000	0.000000e+000	0.000000e+000	-2.530171e-098	-2.656984e+303	0.000000e+000	1.575495e-173	1.121437e-305	0.000000e+000	2.121996e-314	-7.845908e+298	5.909039e-001	8.067419e-001	-2.530171e-098	-2.656984e+303	0.000000e+000	1.575509e-173	1.121602e-305	
0.000000e+000	0.000000e+000	0.000000e+000	0.000000e+000	0.000000e+000	0.000000e+000	0.000000e+000	0.000000e+000	0.000000e+000	0.000000e+000	0.000000e+000	0.000000e+000	0.000000e+000	0.000000e+000	0.000000e+000	-2.530171e-098	-2.656984e+303	0.000000e+000	1.575495e-173	1.121746e-305	0.000000e+000	2.121996e-314	-7.845908e+298	9.579645e-001	2.868867e-001	-2.530171e-098	-2.656984e+303	0.000000e+000	1.575509e-173	1.121911e-305	
0.000000e+000	0.000000e+000	0.000000e+000	0.000000e+000	0.000000e+000	0.000000e+000	0.000000e+000	0.000000e+000	0.000000e+000	0.000000e+000	0.000000e+000	0.000000e+000	0.000000e+000	0.000000e+000	0.000000e+000	-2.530171e-098	-2.656984e+303	0.000000e+000	1.575495e-173	1.122054e-305	0.000000e+000	2.121996e-314	-7.845908e+298	9.678670e-002	9.953051e-001	-2.530171e-098	-2.656984e+303	0.000000e+000	1.575509e-173	1.122219e-305	
0.000000e+000	0.000000e+000	0.000000e+000	0.000000e+000	0.000000e+000	0.000000e+000	0.000000e+000	0.000000e+000	0.000000e+000	0.000000e+000	0.000000e+000	0.000000e+000	0.000000e+000	0.000000e+000	0.000000e+000	-2.530171e-098	-2.656984e+303	0.000000e+000	1.575495e-173	1.122363e-305	0.000000e+000	2.121996e-314	-7.845908e+298	7.949435e-001	6.066835e-001	-2.530171e-098	-2.656984e+303	0.000000e+000	1.575509e-173	1.122528e-305	
0.000000e+000	0.000000e+000	0.000000e+000	0.000000e+000	0.000000e+000	0.000000e+000	0.000000e+000	0.000000e+000	0.000000e+000	0.000000e+000	0.000000e+000	0.000000e+000	0.000000e+000	0.000000e+000	0.000000e+000	-2.530171e-098	-2.656984e+303	0.000000e+000	1.575495e-173	1.122671e-305	0.000000e+000	2.121996e-314	-7.845908e+298	6.113081e-001	7.913927e-001	-2.530171e-098	-2.656984e+303	0.000000e+000	1.575509e-173	1.122837e-305	
0.000000e+000	0.000000e+000	0.000000e+000	0.000000e+000	0.000000e+000	0.000000e+000	0.000000e+000	0.000000e+000	0.000000e+000	0.000000e+000	0.000000e+000	0.000000e+000	0.000000e+000	0.000000e+000	0.000000e+000	-2.530171e-098	-2.656984e+303	0.000000e+000	1.575495e-173	1.122980e-305	0.000000e+000	2.121996e-314	-7.845908e+298	7.433032e-001	6.689547e-001	-2.530171e-098	-2.656984e+303	0.000000e+000	1.575509e-173	1.123145e-305	
0.000000e+000	0.000000e+000	0.000000e+000	0.000000e+000	0.000000e+000	0.000000e+000	0.000000e+000	0.000000e+000	0.000000e+000	0.000000e+000	0.000000e+000	0.000000e+000	0.000000e+000	0.000000e+000	0.000000e+000	-2.530171e-098	-2.656984e+303	0.000000e+000	1.575495e-173	1.123289e-305	0.000000e+000	2.121996e-314	-7.845908e+298	3.027356e-001	9.530746e-001	-2.530171e-098	-2.656984e+303	0.000000e+000	1.575509e-173	1.123454e-305	
0.000000e+000	0.000000e+000	0.000000e+000	0.000000e+000	0.000000e+000	0.000000e+000	0.000000e+000	0.000000e+000	0.000000e+000	0.000000e+000	0.000000e+000	0.000000e+000	0.000000e+000	0.000000e+000	0.000000e+000	-2.530171e-098	-2.656984e+303	0.000000e+000	1.575495e-173	1.123597e-305	0.000000e+000	2.121996e-314	-7.845908e+298	8.589430e-001	5.120712e-001	-2.530171e-098	-2.656984e+303	0.000000e+000	1.575509e-173	1.123762e-305	
0.000000e+000	0.000000e+000	0.000000e+000	0.000000e+000	0.000000e+000	0.000000e+000	0.000000e+000	0.000000e+000	0.000000e+000	0.000000e+000	0.000000e+000	0.000000e+000	0.000000e+000	0.000000e+000	0.000000e+000	-2.530171e-098	-2.656984e+303	0.000000e+000	1.575495e-173	1.123906e-305	0.000000e+000	2.121996e-314	-7.845908e+298	6.621821e-001	7.493430e-001	-2.530171e-098	-2.656984e+303	0.000000e+000	1.575509e-173	1.124071e-305	
0.000000e+000	0.000000e+000	0.000000e+000	0.000000e+000	0.000000e+000	0.000000e+000	0.000000e+000	0.000000e+000	0.000000e+000	0.000000e+000	0.000000e+000	0.000000e+000	0.000000e+000	0.000000e+000	0.000000e+000	-2.530171e-098	-2.656984e+303	0.000000e+000	1.575495e-173	1.124214e-305	0.000000e+000	2.121996e-314	-7.845908e+298	9.211065e-001	3.893107e-001	-2.530171e-098	-2.656984e+303	0.000000e+000	1.575509e-173	1.124379e-305	
0.000000e+000	0.000000e+000	0.000000e+000	0.000000e+000	0.000000e+000	0.000000e+000	0.000000e+000	0.000000e+000	0.000000e+000	0.000000e+000	0.000000e+000	0.000000e+000	0.000000e+000	0.000000e+000	0.000000e+000	-2.530171e-098	-2.656984e+303	0.000000e+000	1.575495e-173	1.124523e-305	0.000000e+000	2.121996e-314	-7.845908e+298	8.916442e-001	4.527368e-001	-2.530171e-098	-2.656984e+303	0.000000e+000	1.575509e-173	1.124688e-305	
0.000000e+000	0.000000e+000	0.000000e+000	0.000000e+000	0.000000e+000	0.000000e+000	0.000000e+000	0.000000e+000	0.000000e+000	0.000000e+000	0.000000e+000	0.000000e+000	0.000000e+000	0.000000e+000	0.000000e+000	-2.530171e-098	-2.656984e+303	0.000000e+000	1.575495e-173	1.124831e-305	0.000000e+000	2.121996e-314	-7.845908e+298	7.138075e-001	7.003420e-001	-2.530171e-098	-2.656984e+303	0.000000e+000	1.575509e-173	1.124996e-305	
0.000000e+000	0.000000e+000	0.000000e+000	0.000000e+000	0.000000e+000	0.000000e+000	0.000000e+000	0.000000e+000	0.000000e+000	0.000000e+000	0.000000e+000	0.000000e+000	0.000000e+000	0.000000e+000	0.000000e+000	-2.530171e-098	-2.656984e+303	0.000000e+000	1.575495e-173	1.125140e-305	0.000000e+000	2.121996e-314	-7.845908e+298	4.466615e-001	8.947030e-001	-2.530171e-098	-2.656984e+303	0.000000e+000	1.575509e-173	1.125305e-305	
0.000000e+000	0.000000e+000	0.000000e+000	0.000000e+000	0.000000e+000	0.000000e+000	0.000000e+000	0.000000e+000	0.000000e+000	0.000000e+000	0.000000e+000	0.000000e+000	0.000000e+000	0.000000e+000	0.000000e+000	-2.530171e-098	-2.656984e+303	0.000000e+000	1.575495e-173	1.125448e-305	0.000000e+000	2.121996e-314	-7.845908e+298	9.850192e-001	1.724450e-001	-2.530171e-098	-2.656984e+303	0.000000e+000	1.575509e-173	1.125614e-305	
0.000000e+000	0.000000e+000	0.000000e+000	0.000000e+000	0.000000e+000	0.000000e+000	0.000000e+000	0.000000e+000	0.000000e+000	0.000000e+000	0.000000e+000	0.000000e+000	0.000000e+000	0.000000e+000	0.000000e+000	-2.530171e-098	-2.656984e+303	0.000000e+000	1.575495e-173	1.125757e-305	0.000000e+000	2.121996e-314	-7.845908e+298	4.762840e-001	8.792915e-001	-2.530171e-098	-2.656984e+303	0.000000e+000	1.575509e-173	1.125922e-305	
0.000000e+000	0.000000e+000	0.000000e+000	0.000000e+000	0.000000e+000	0.000000e+000	0.000000e+000	0.000000e+000	0.000000e+000	0.000000e+000	0.000000e+000	0.000000e+000	0.000000e+000	0.000000e+000	0.000000e+000	-2.530171e-098	-2.656984e+303	0.000000e+000	1.575495e-173	1.126066e-305	0.000000e+000	2.121996e-314	-7.845908e+298	8.202581e-001	5.719936e-001	-2.530171e-098	-2.656984e+303	0.000000e+000	1.575509e-173	1.126231e-305	
0.000000e+000	0.000000e+000	0.000000e+000	0.000000e+000	0.000000e+000	0.000000e+000	0.000000e+000	0.000000e+000	0.000000e+000	0.000000e+000	0.000000e+000	0.000000e+000	0.000000e+000	0.000000e+000	0.000000e+000	-2.530171e-098	-2.656984e+303	0.000000e+000	1.575495e-173	1.126374e-305	0.000000e+000	2.121996e-314	-7.845908e+298	5.342672e-001	8.453157e-001	-2.530171e-098	-2.656984e+303	0.000000e+000	1.575509e-173	1.126539e-305	
0.000000e+000	0.000000e+000	0.000000e+000	0.000000e+000	0.000000e+000	0.000000e+000	0.000000e+000	0.000000e+000	0.000000e+000	0.000000e+000	0.000000e+000	0.000000e+000	0.000000e+000	0.000000e+000	0.000000e+000	-2.530171e-098	-2.656984e+303	0.000000e+000	1.575495e-173	1.126683e-305	0.000000e+000	2.121996e-314	-7.845908e+298	9.770933e-001	2.128112e-001	-2.530171e-098	-2.656984e+303	0.000000e+000	1.575509e-173	1.126848e-305	
0.000000e+000	0.000000e+000	0.000000e+000	0.000000e+000	0.000000e+000	0.000000e+000	0.000000e+000	0.000000e+000	0.000000e+000	0.000000e+000	0.000000e+000	0.000000e+000	0.000000e+000	0.000000e+000	0.000000e+000	-2.530171e-098	-2.656984e+303	0.000000e+000	1.575495e-173	1.126991e-305	0.000000e+000	2.121996e-314	-7.845908e+298	4.053345e-001	9.141685e-001	-2.530171e-098	-2.656984e+303	0.000000e+000	1.575509e-173	1.127156e-305	
0.000000e+000	0.000000e+000	0.000000e+000	0.000000e+000	0.000000e+000	0.000000e+000	0.000000e+000	0.000000e+000	0.000000e+000	0.000000e+000	0.000000e+000	0.000000e+000	0.000000e+000	0.000000e+000	0.000000e+000	-2.530171e-098	-2.656984e+303	0.000000e+000	1.575495e-173	1.127300e-305	0.000000e+000	2.121996e-314	-7.845908e+298	9.918287e-001	1.275769e-001	-2.530171e-098	-2.656984e+303	0.000000e+000	1.575509e-173	1.127465e-305	
0.000000e+000	0.000000e+000	0.000000e+000	0.000000e+000	0.000000e+000	0.000000e+000	0.000000e+000	0.000000e+000	0.000000e+000	0.000000e+000	0.000000e+000	0.000000e+000	0.000000e+000	0.000000e+000	0.000000e+000	-2.530171e-098	-2.656984e+303	0.000000e+000	1.575495e-173	1.127608e-305	0.000000e+000	2.121996e-314	-7.845908e+298	6.392960e-001	7.689607e-001	-2.530171e-098	-2.656984e+303	0.000000e+000	1.575509e-173	1.127773e-305	
0.000000e+000	0.000000e+000	0.000000e+000	0.000000e+000	0.000000e+000	0.000000e+000	0.000000e+000	0.000000e+000	0.000000e+000	0.000000e+000	0.000000e+000	0.000000e+000	0.000000e+000	0.000000e+000	0.000000e+000	-2.530171e-098	-2.656984e+303	0.000000e+000	1.575495e-173	1.127917e-305	0.000000e+000	2.121996e-314	-7.845908e+298	3.318204e-001	9.433426e-001	-2.530171e-098	-2.656984e+303	0.000000e+000	1.575509e-173	1.128082e-305	
0.000000e+000	0.000000e+000	0.000000e+000	0.000000e+000	0.000000e+000	0.000000e+000	0.000000e+000	0.000000e+000	0.000000e+000	0.000000e+000	0.000000e+000	0.000000e+000	0.000000e+000	0.000000e+000	0.000000e+000	-2.530171e-098	-2.656984e+303	0.000000e+000	1.575495e-173	1.128225e-305	0.000000e+000	2.121996e-314	-7.845908e+298	9.401748e-001	3.406926e-001	-2.530171e-098	-2.656984e+303	0.000000e+000	1.575509e-173	1.128391e-305	
0.000000e+000	0.000000e+000	0.000000e+000	0.000000e+000	0.000000e+000	0.000000e+000	0.000000e+000	0.000000e+000	0.000000e+000	0.000000e+000	0.000000e+000	0.000000e+000	0.000000e+000	0.000000e+000	0.000000e+000	-2.530171e-098	-2.656984e+303	0.000000e+000	1.575495e-173	1.128534e-305	0.000000e+000	2.121996e-314	-7.845908e+298	3.676967e-001	9.299458e-001	-2.530171e-098	-2.656984e+303	0.000000e+000	1.575509e-173	1.128699e-305	
