0.000000e+000	0.000000e+000	0.000000e+000	0.000000e+000	0.000000e+000	0.000000e+000	0.000000e+000	0.000000e+000	0.000000e+000	0.000000e+000	0.000000e+000	0.000000e+000	0.000000e+000	0.000000e+000	0.000000e+000	-2.530171e-098	-2.656984e+303	0.000000e+000	9.690186e-174	6.605183e-290	0.000000e+000	2.121996e-314	-7.845908e+298	1.417723e-001	9.898993e-001	-2.530171e-098	-2.656984e+303	0.000000e+000	9.690331e-174	6.606671e-290	
0.000000e+000	0.000000e+000	0.000000e+000	0.000000e+000	0.000000e+000	0.000000e+000	0.000000e+000	0.000000e+000	0.000000e+000	0.000000e+000	0.000000e+000	0.000000e+000	0.000000e+000	0.000000e+000	0.000000e+000	-2.530171e-098	-2.656984e+303	0.000000e+000	9.690186e-174	6.607962e-290	0.000000e+000	2.121996e-314	-7.845908e+298	3.033066e-001	9.528930e-001	-2.530171e-098	-2.656984e+303	0.000000e+000	9.690331e-174	6.609450e-290	
0.000000e+000	0.000000e+000	0.000000e+000	0.000000e+000	0.000000e+000	0.000000e+000	0.000000e+000	0.000000e+000	0.000000e+000	0.000000e+000	0.000000e+000	0.000000e+000	0.000000e+000	0.000000e+000	0.000000e+000	-2.530171e-098	-2.656984e+303	0.000000e+000	9.690186e-174	6.610742e-290	0.000000e+000	2.121996e-314	-7.845908e+298	9.855424e-001	1.694290e-001	-2.530171e-098	-2.656984e+303	0.000000e+000	9.690331e-174	6.612229e-290	
0.000000e+000	0.000000e+000	0.000000e+000	0.000000e+000	0.000000e+000	0.000000e+000	0.000000e+000	0.000000e+000	0.000000e+000	0.000000e+000	0.000000e+000	0.000000e+000	0.000000e+000	0.000000e+000	0.000000e+000	-2.530171e-098	-2.656984e+303	0.000000e+000	9.690186e-174	6.613521e-290	0.000000e+000	2.121996e-314	-7.845908e+298	7.850131e-001	6.194792e-001	-2.530171e-098	-2.656984e+303	0.000000e+000	9.690331e-174	6.615008e-290	
0.000000e+000	0.000000e+000	0.000000e+000	0.000000e+000	0.000000e+000	0.000000e+000	0.000000e+000	0.000000e+000	0.000000e+000	0.000000e+000	0.000000e+000	0.000000e+000	0.000000e+000	0.000000e+000	0.000000e+000	-2.530171e-098	-2.656984e+303	0.000000e+000	9.690186e-174	6.616300e-290	0.000000e+000	2.121996e-314	-7.845908e+298	8.450355e-001	5.347102e-001	-2.530171e-098	-2.656984e+303	0.000000e+000	9.690331e-174	6.617787e-290	
0.000000e+000	0.000000e+000	0.000000e+000	0.000000e+000	0.000000e+000	0.000000e+000	0.000000e+000	0.000000e+000	0.000000e+000	0.000000e+000	0.000000e+000	0.000000e+000	0.000000e+000	0.000000e+000	0.000000e+000	-2.530171e-098	-2.656984e+303	0.000000e+000	9.690186e-174	6.619079e-290	0.000000e+000	2.121996e-314	-7.845908e+298	9.165666e-001	3.998820e-001	-2.530171e-098	-2.656984e+303	0.000000e+000	9.690331e-174	6.620567e-290	
0.000000e+000	0.000000e+000	0.000000e+000	0.000000e+000	0.000000e+000	0.000000e+000	0.000000e+000	0.000000e+000	0.000000e+000	0.000000e+000	0.000000e+000	0.000000e+000	0.000000e+000	0.000000e+000	0.000000e+000	-2.530171e-098	-2.656984e+303	0.000000e+000	9.690186e-174	6.621858e-290	0.000000e+000	2.121996e-314	-7.845908e+298	7.673169e-001	6.412681e-001	-2.530171e-098	-2.656984e+303	0.000000e+000	9.690331e-174	6.623346e-290	
0.000000e+000	0.000000e+000	0.000000e+000	0.000000e+000	0.000000e+000	0.000000e+000	0.000000e+000	0.000000e+000	0.000000e+000	0.000000e+000	0.000000e+000	0.000000e+000	0.000000e+000	0.000000e+000	0.000000e+000	-2.530171e-098	-2.656984e+303	0.000000e+000	9.690186e-174	6.624638e-290	0.000000e+000	2.121996e-314	-7.845908e+298	5.255123e-001	8.507860e-001	-2.530171e-098	-2.656984e+303	0.000000e+000	9.690331e-174	6.626125e-290	
0.000000e+000	0.000000e+000	0.000000e+000	0.000000e+000	0.000000e+000	0.000000e+000	0.000000e+000	0.000000e+000	0.000000e+000	0.000000e+000	0.000000e+000	0.000000e+000	0.000000e+000	0.000000e+000	0.000000e+000	-2.530171e-098	-2.656984e+303	0.000000e+000	9.690186e-174	6.627417e-290	0.000000e+000	2.121996e-314	-7.845908e+298	3.408602e-001	9.401140e-001	-2.530171e-098	-2.656984e+303	0.000000e+000	9.690331e-174	6.628904e-290	
0.000000e+000	0.000000e+000	0.000000e+000	0.000000e+000	0.000000e+000	0.000000e+000	0.000000e+000	0.000000e+000	0.000000e+000	0.000000e+000	0.000000e+000	0.000000e+000	0.000000e+000	0.000000e+000	0.000000e+000	-2.530171e-098	-2.656984e+303	0.000000e+000	9.690186e-174	6.630196e-290	0.000000e+000	2.121996e-314	-7.845908e+298	8.580076e-001	5.136369e-001	-2.530171e-098	-2.656984e+303	0.000000e+000	9.690331e-174	6.631684e-290	
0.000000e+000	0.000000e+000	0.000000e+000	0.000000e+000	0.000000e+000	0.000000e+000	0.000000e+000	0.000000e+000	0.000000e+000	0.000000e+000	0.000000e+000	0.000000e+000	0.000000e+000	0.000000e+000	0.000000e+000	-2.530171e-098	-2.656984e+303	0.000000e+000	9.690186e-174	6.632975e-290	0.000000e+000	2.121996e-314	-7.845908e+298	1.000000e+000	0.000000e+000	-2.530171e-098	-2.656984e+303	0.000000e+000	9.690331e-174	6.634463e-290	
0.000000e+000	0.000000e+000	0.000000e+000	0.000000e+000	0.000000e+000	0.000000e+000	0.000000e+000	0.000000e+000	0.000000e+000	0.000000e+000	0.000000e+000	0.000000e+000	0.000000e+000	0.000000e+000	0.000000e+000	-2.530171e-098	-2.656984e+303	0.000000e+000	9.690186e-174	6.635755e-290	0.000000e+000	2.121996e-314	-7.845908e+298	9.961810e-001	8.731247e-002	-2.530171e-098	-2.656984e+303	0.000000e+000	9.690331e-174	6.637242e-290	
0.000000e+000	0.000000e+000	0.000000e+000	0.000000e+000	0.000000e+000	0.000000e+000	0.000000e+000	0.000000e+000	0.000000e+000	0.000000e+000	0.000000e+000	0.000000e+000	0.000000e+000	0.000000e+000	0.000000e+000	-2.530171e-098	-2.656984e+303	0.000000e+000	9.690186e-174	6.638534e-290	0.000000e+000	2.121996e-314	-7.845908e+298	9.505419e-001	3.105963e-001	-2.530171e-098	-2.656984e+303	0.000000e+000	9.690331e-174	6.640021e-290	
0.000000e+000	0.000000e+000	0.000000e+000	0.000000e+000	0.000000e+000	0.000000e+000	0.000000e+000	0.000000e+000	0.000000e+000	0.000000e+000	0.000000e+000	0.000000e+000	0.000000e+000	0.000000e+000	0.000000e+000	-2.530171e-098	-2.656984e+303	0.000000e+000	9.690186e-174	6.641313e-290	0.000000e+000	2.121996e-314	-7.845908e+298	6.060095e-001	7.954574e-001	-2.530171e-098	-2.656984e+303	0.000000e+000	9.690331e-174	6.642800e-290	
0.000000e+000	0.000000e+000	0.000000e+000	0.000000e+000	0.000000e+000	0.000000e+000	0.000000e+000	0.000000e+000	0.000000e+000	0.000000e+000	0.000000e+000	0.000000e+000	0.000000e+000	0.000000e+000	0.000000e+000	-2.530171e-098	-2.656984e+303	0.000000e+000	9.690186e-174	6.644092e-290	0.000000e+000	2.121996e-314	-7.845908e+298	8.045568e-001	5.938757e-001	-2.530171e-098	-2.656984e+303	0.000000e+000	9.690331e-174	6.645580e-290	
0.000000e+000	0.000000e+000	0.000000e+000	0.000000e+000	0.000000e+000	0.000000e+000	0.000000e+000	0.000000e+000	0.000000e+000	0.000000e+000	0.000000e+000	0.000000e+000	0.000000e+000	0.000000e+000	0.000000e+000	-2.530171e-098	-2.656984e+303	0.000000e+000	9.690186e-174	6.646871e-290	0.000000e+000	2.121996e-314	-7.845908e+298	6.929122e-001	7.210220e-001	-2.530171e-098	-2.656984e+303	0.000000e+000	9.690331e-174	6.648359e-290	
0.000000e+000	0.000000e+000	0.000000e+000	0.000000e+000	0.000000e+000	0.000000e+000	0.000000e+000	0.000000e+000	0.000000e+000	0.000000e+000	0.000000e+000	0.000000e+000	0.000000e+000	0.000000e+000	0.000000e+000	-2.530171e-098	-2.656984e+303	0.000000e+000	9.690186e-174	6.649651e-290	0.000000e+000	2.121996e-314	-7.845908e+298	6.611835e-001	7.502242e-001	-2.530171e-098	-2.656984e+303	0.000000e+000	9.690331e-174	6.651138e-290	
0.000000e+000	0.000000e+000	0.000000e+000	0.000000e+000	0.000000e+000	0.000000e+000	0.000000e+000	0.000000e+000	0.000000e+000	0.000000e+000	0.000000e+000	0.000000e+000	0.000000e+000	0.000000e+000	0.000000e+000	-2.530171e-098	-2.656984e+303	0.000000e+000	9.690186e-174	6.652430e-290	0.000000e+000	2.121996e-314	-7.845908e+298	7.205438e-001	6.934094e-001	-2.530171e-098	-2.656984e+303	0.000000e+000	9.690331e-174	6.653917e-290	
0.000000e+000	0.000000e+000	0.000000e+000	0.000000e+000	0.000000e+000	0.000000e+000	0.000000e+000	0.000000e+000	0.000000e+000	0.000000e+000	0.000000e+000	0.000000e+000	0.000000e+000	0.000000e+000	0.000000e+000	-2.530171e-098	-2.656984e+303	0.000000e+000	9.690186e-174	6.655209e-290	0.000000e+000	2.121996e-314	-7.845908e+298	8.739914e-001	4.859415e-001	-2.530171e-098	-2.656984e+303	0.000000e+000	9.690331e-174	6.656697e-290	
0.000000e+000	0.000000e+000	0.000000e+000	0.000000e+000	0.000000e+000	0.000000e+000	0.000000e+000	0.000000e+000	0.000000e+000	0.000000e+000	0.000000e+000	0.000000e+000	0.000000e+000	0.000000e+000	0.000000e+000	-2.530171e-098	-2.656984e+303	0.000000e+000	9.690186e-174	6.657988e-290	0.000000e+000	2.121996e-314	-7.845908e+298	9.992436e-001	3.888701e-002	-2.530171e-098	-2.656984e+303	0.000000e+000	9.690331e-174	6.659476e-290	
0.000000e+000	0.000000e+000	0.000000e+000	0.000000e+000	0.000000e+000	0.000000e+000	0.000000e+000	0.000000e+000	0.000000e+000	0.000000e+000	0.000000e+000	0.000000e+000	0.000000e+000	0.000000e+000	0.000000e+000	-2.530171e-098	-2.656984e+303	0.000000e+000	9.690186e-174	6.660768e-290	0.000000e+000	2.121996e-314	-7.845908e+298	9.337736e-001	3.578644e-001	-2.530171e-098	-2.656984e+303	0.000000e+000	9.690331e-174	6.662255e-290	
0.000000e+000	0.000000e+000	0.000000e+000	0.000000e+000	0.000000e+000	0.000000e+000	0.000000e+000	0.000000e+000	0.000000e+000	0.000000e+000	0.000000e+000	0.000000e+000	0.000000e+000	0.000000e+000	0.000000e+000	-2.530171e-098	-2.656984e+303	0.000000e+000	9.690186e-174	6.663547e-290	0.000000e+000	2.121996e-314	-7.845908e+298	8.948579e-001	4.463512e-001	-2.530171e-098	-2.656984e+303	0.000000e+000	9.690331e-174	6.665034e-290	
0.000000e+000	0.000000e+000	0.000000e+000	0.000000e+000	0.000000e+000	0.000000e+000	0.000000e+000	0.000000e+000	0.000000e+000	0.000000e+000	0.000000e+000	0.000000e+000	0.000000e+000	0.000000e+000	0.000000e+000	-2.530171e-098	-2.656984e+303	0.000000e+000	9.690186e-174	6.666326e-290	0.000000e+000	2.121996e-314	-7.845908e+298	8.252966e-001	5.646994e-001	-2.530171e-098	-2.656984e+303	0.000000e+000	9.690331e-174	6.667813e-290	
0.000000e+000	0.000000e+000	0.000000e+000	0.000000e+000	0.000000e+000	0.000000e+000	0.000000e+000	0.000000e+000	0.000000e+000	0.000000e+000	0.000000e+000	0.000000e+000	0.000000e+000	0.000000e+000	0.000000e+000	-2.530171e-098	-2.656984e+303	0.000000e+000	9.690186e-174	6.669105e-290	0.000000e+000	2.121996e-314	-7.845908e+298	4.040541e-001	9.147351e-001	-2.530171e-098	-2.656984e+303	0.000000e+000	9.690331e-174	6.670593e-290	
0.000000e+000	0.000000e+000	0.000000e+000	0.000000e+000	0.000000e+000	0.000000e+000	0.000000e+000	0.000000e+000	0.000000e+000	0.000000e+000	0.000000e+000	0.000000e+000	0.000000e+000	0.000000e+000	0.000000e+000	-2.530171e-098	-2.656984e+303	0.000000e+000	9.690186e-174	6.671884e-290	0.000000e+000	2.121996e-314	-7.845908e+298	4.345915e-001	9.006277e-001	-2.530171e-098	-2.656984e+303	0.000000e+000	9.690331e-174	6.673372e-290	
0.000000e+000	0.000000e+000	0.000000e+000	0.000000e+000	0.000000e+000	0.000000e+000	0.000000e+000	0.000000e+000	0.000000e+000	0.000000e+000	0.000000e+000	0.000000e+000	0.000000e+000	0.000000e+000	0.000000e+000	-2.530171e-098	-2.656984e+303	0.000000e+000	9.690186e-174	6.674664e-290	0.000000e+000	2.121996e-314	-7.845908e+298	3.694913e-001	9.292342e-001	-2.530171e-098	-2.656984e+303	0.000000e+000	9.690331e-174	6.676151e-290	
0.000000e+000	0.000000e+000	0.000000e+000	0.000000e+000	0.000000e+000	0.000000e+000	0.000000e+000	0.000000e+000	0.000000e+000	0.000000e+000	0.000000e+000	0.000000e+000	0.000000e+000	0.000000e+000	0.000000e+000	-2.530171e-098	-2.656984e+303	0.000000e+000	9.690186e-174	6.677443e-290	0.000000e+000	2.121996e-314	-7.845908e+298	5.777688e-001	8.162005e-001	-2.530171e-098	-2.656984e+303	0.000000e+000	9.690331e-174	6.678930e-290	
0.000000e+000	0.000000e+000	0.000000e+000	0.000000e+000	0.000000e+000	0.000000e+000	0.000000e+000	0.000000e+000	0.000000e+000	0.000000e+000	0.000000e+000	0.000000e+000	0.000000e+000	0.000000e+000	0.000000e+000	-2.530171e-098	-2.656984e+303	0.000000e+000	9.690186e-174	6.680222e-290	0.000000e+000	2.121996e-314	-7.845908e+298	1.860933e-001	9.825321e-001	-2.530171e-098	-2.656984e+303	0.000000e+000	9.690331e-174	6.681709e-290	
0.000000e+000	0.000000e+000	0.000000e+000	0.000000e+000	0.000000e+000	0.000000e+000	0.000000e+000	0.000000e+000	0.000000e+000	0.000000e+000	0.000000e+000	0.000000e+000	0.000000e+000	0.000000e+000	0.000000e+000	-2.530171e-098	-2.656984e+303	0.000000e+000	9.690186e-174	6.683001e-290	0.000000e+000	2.121996e-314	-7.845908e+298	7.483079e-001	6.633516e-001	-2.530171e-098	-2.656984e+303	0.000000e+000	9.690331e-174	6.684489e-290	
0.000000e+000	0.000000e+000	0.000000e+000	0.000000e+000	0.000000e+000	0.000000e+000	0.000000e+000	0.000000e+000	0.000000e+000	0.000000e+000	0.000000e+000	0.000000e+000	0.000000e+000	0.000000e+000	0.000000e+000	-2.530171e-098	-2.656984e+303	0.000000e+000	9.690186e-174	6.685780e-290	0.000000e+000	2.121996e-314	-7.845908e+298	2.335976e-001	9.723334e-001	-2.530171e-098	-2.656984e+303	0.000000e+000	9.690331e-174	6.687268e-290	
0.000000e+000	0.000000e+000	0.000000e+000	0.000000e+000	0.000000e+000	0.000000e+000	0.000000e+000	0.000000e+000	0.000000e+000	0.000000e+000	0.000000e+000	0.000000e+000	0.000000e+000	0.000000e+000	0.000000e+000	-2.530171e-098	-2.656984e+303	0.000000e+000	9.690186e-174	6.688560e-290	0.000000e+000	2.121996e-314	-7.845908e+298	6.123234e-017	1.000000e+000	-2.530171e-098	-2.656984e+303	0.000000e+000	9.690331e-174	6.690047e-290	
0.000000e+000	0.000000e+000	0.000000e+000	0.000000e+000	0.000000e+000	0.000000e+000	0.000000e+000	0.000000e+000	0.000000e+000	0.000000e+000	0.000000e+000	0.000000e+000	0.000000e+000	0.000000e+000	0.000000e+000	-2.530171e-098	-2.656984e+303	0.000000e+000	9.690186e-174	6.691339e-290	0.000000e+000	2.121996e-314	-7.845908e+298	1.126310e-001	9.936369e-001	-2.530171e-098	-2.656984e+303	0.000000e+000	9.690331e-174	6.692826e-290	
0.000000e+000	0.000000e+000	0.000000e+000	0.000000e+000	0.000000e+000	0.000000e+000	0.000000e+000	0.000000e+000	0.000000e+000	0.000000e+000	0.000000e+000	0.000000e+000	0.000000e+000	0.000000e+000	0.000000e+000	-2.530171e-098	-2.656984e+303	0.000000e+000	9.690186e-174	6.694118e-290	0.000000e+000	2.121996e-314	-7.845908e+298	9.910992e-001	1.331257e-001	-2.530171e-098	-2.656984e+303	0.000000e+000	9.690331e-174	6.695606e-290	
0.000000e+000	0.000000e+000	0.000000e+000	0.000000e+000	0.000000e+000	0.000000e+000	0.000000e+000	0.000000e+000	0.000000e+000	0.000000e+000	0.000000e+000	0.000000e+000	0.000000e+000	0.000000e+000	0.000000e+000	-2.530171e-098	-2.656984e+303	0.000000e+000	9.690186e-174	6.696897e-290	0.000000e+000	2.121996e-314	-7.845908e+298	2.197872e-002	9.997584e-001	-2.530171e-098	-2.656984e+303	0.000000e+000	9.690331e-174	6.698385e-290	
0.000000e+000	0.000000e+000	0.000000e+000	0.000000e+000	0.000000e+000	0.000000e+000	0.000000e+000	0.000000e+000	0.000000e+000	0.000000e+000	0.000000e+000	0.000000e+000	0.000000e+000	0.000000e+000	0.000000e+000	-2.530171e-098	-2.656984e+303	0.000000e+000	9.690186e-174	6.699677e-290	0.000000e+000	2.121996e-314	-7.845908e+298	9.650861e-001	2.619327e-001	-2.530171e-098	-2.656984e+303	0.000000e+000	9.690331e-174	6.701164e-290	
0.000000e+000	0.000000e+000	0.000000e+000	0.000000e+000	0.000000e+000	0.000000e+000	0.000000e+000	0.000000e+000	0.000000e+000	0.000000e+000	0.000000e+000	0.000000e+000	0.000000e+000	0.000000e+000	0.000000e+000	-2.530171e-098	-2.656984e+303	0.000000e+000	9.690186e-174	6.702456e-290	0.000000e+000	2.121996e-314	-7.845908e+298	6.285209e-001	7.777927e-001	-2.530171e-098	-2.656984e+303	0.000000e+000	9.690331e-174	6.703943e-290	
0.000000e+000	0.000000e+000	0.000000e+000	0.000000e+000	0.000000e+000	0.000000e+000	0.000000e+000	0.000000e+000	0.000000e+000	0.000000e+000	0.000000e+000	0.000000e+000	0.000000e+000	0.000000e+000	0.000000e+000	-2.530171e-098	-2.656984e+303	0.000000e+000	9.690186e-174	6.705235e-290	0.000000e+000	2.121996e-314	-7.845908e+298	4.996685e-001	8.662167e-001	-2.530171e-098	-2.656984e+303	0.000000e+000	9.690331e-174	6.706722e-290	
0.000000e+000	0.000000e+000	0.000000e+000	0.000000e+000	0.000000e+000	0.000000e+000	0.000000e+000	0.000000e+000	0.000000e+000	0.000000e+000	0.000000e+000	0.000000e+000	0.000000e+000	0.000000e+000	0.000000e+000	-2.530171e-098	-2.656984e+303	0.000000e+000	9.690186e-174	6.708014e-290	0.000000e+000	2.121996e-314	-7.845908e+298	4.650057e-001	8.853077e-001	-2.530171e-098	-2.656984e+303	0.000000e+000	9.690331e-174	6.709502e-290	
0.000000e+000	0.000000e+000	0.000000e+000	0.000000e+000	0.000000e+000	0.000000e+000	0.000000e+000	0.000000e+000	0.000000e+000	0.000000e+000	0.000000e+000	0.000000e+000	0.000000e+000	0.000000e+000	0.000000e+000	-2.530171e-098	-2.656984e+303	0.000000e+000	9.690186e-174	6.710793e-290	0.000000e+000	2.121996e-314	-7.845908e+298	9.778504e-001	2.093052e-001	-2.530171e-098	-2.656984e+303	0.000000e+000	9.690331e-174	6.712281e-290	
0.000000e+000	0.000000e+000	0.000000e+000	0.000000e+000	0.000000e+000	0.000000e+000	0.000000e+000	0.000000e+000	0.000000e+000	0.000000e+000	0.000000e+000	0.000000e+000	0.000000e+000	0.000000e+000	0.000000e+000	-2.530171e-098	-2.656984e+303	0.000000e+000	9.690186e-174	6.713573e-290	0.000000e+000	2.121996e-314	-7.845908e+298	7.406120e-002	9.972537e-001	-2.530171e-098	-2.656984e+303	0.000000e+000	9.690331e-174	6.715060e-290	
0.000000e+000	0.000000e+000	0.000000e+000	0.000000e+000	0.000000e+000	0.000000e+000	0.000000e+000	0.000000e+000	0.000000e+000	0.000000e+000	0.000000e+000	0.000000e+000	0.000000e+000	2.273693e-001	0.000000e+000	-2.530171e-098	-2.656984e+303	0.000000e+000	9.690186e-174	6.716352e-290	0.000000e+000	2.121996e-314	-7.845908e+298	9.368967e-001	3.496063e-001	-2.530171e-098	-2.656984e+303	0.000000e+000	9.690331e-174	6.717839e-290	
0.000000e+000	0.000000e+000	0.000000e+000	0.000000e+000	0.000000e+000	0.000000e+000	0.000000e+000	0.000000e+000	0.000000e+000	0.000000e+000	0.000000e+000	0.000000e+000	0.000000e+000	4.431827e-001	0.000000e+000	-2.530171e-098	-2.656984e+303	0.000000e+000	9.690186e-174	6.719131e-290	0.000000e+000	2.121996e-314	-7.845908e+298	7.673169e-001	6.412681e-001	-2.530171e-098	-2.656984e+303	0.000000e+000	9.690331e-174	6.720619e-290	
0.000000e+000	0.000000e+000	0.000000e+000	0.000000e+000	0.000000e+000	0.000000e+000	0.000000e+000	0.000000e+000	0.000000e+000	0.000000e+000	0.000000e+000	0.000000e+000	0.000000e+000	3.185551e-001	0.000000e+000	-2.530171e-098	-2.656984e+303	0.000000e+000	9.690186e-174	6.721910e-290	0.000000e+000	2.121996e-314	-7.845908e+298	8.773978e-001	4.797635e-001	-2.530171e-098	-2.656984e+303	0.000000e+000	9.690331e-174	6.723398e-290	
0.000000e+000	0.000000e+000	0.000000e+000	0.000000e+000	0.000000e+000	0.000000e+000	0.000000e+000	0.000000e+000	0.000000e+000	0.000000e+000	0.000000e+000	0.000000e+000	0.000000e+000	0.000000e+000	0.000000e+000	-2.530171e-098	-2.656984e+303	0.000000e+000	9.690186e-174	6.724690e-290	0.000000e+000	2.121996e-314	-7.845908e+298	1.000000e+000	0.000000e+000	-2.530171e-098	-2.656984e+303	0.000000e+000	9.690331e-174	6.726177e-290	
0.000000e+000	0.000000e+000	0.000000e+000	0.000000e+000	0.000000e+000	0.000000e+000	0.000000e+000	0.000000e+000	0.000000e+000	0.000000e+000	0.000000e+000	0.000000e+000	0.000000e+000	2.470672e-001	0.000000e+000	-2.530171e-098	-2.656984e+303	0.000000e+000	9.690186e-174	6.727469e-290	0.000000e+000	2.121996e-314	-7.845908e+298	9.256327e-001	3.784232e-001	-2.530171e-098	-2.656984e+303	0.000000e+000	9.690331e-174	6.728956e-290	
0.000000e+000	0.000000e+000	0.000000e+000	0.000000e+000	0.000000e+000	0.000000e+000	0.000000e+000	0.000000e+000	0.000000e+000	0.000000e+000	0.000000e+000	0.000000e+000	0.000000e+000	9.705153e-001	0.000000e+000	-2.530171e-098	-2.656984e+303	0.000000e+000	9.690186e-174	6.730248e-290	0.000000e+000	2.121996e-314	-7.845908e+298	4.629793e-002	9.989277e-001	-2.530171e-098	-2.656984e+303	0.000000e+000	9.690331e-174	6.731735e-290	
0.000000e+000	0.000000e+000	0.000000e+000	0.000000e+000	0.000000e+000	0.000000e+000	0.000000e+000	0.000000e+000	0.000000e+000	0.000000e+000	0.000000e+000	0.000000e+000	0.000000e+000	4.617332e-001	0.000000e+000	-2.530171e-098	-2.656984e+303	0.000000e+000	9.690186e-174	6.733027e-290	0.000000e+000	2.121996e-314	-7.845908e+298	7.483079e-001	6.633516e-001	-2.530171e-098	-2.656984e+303	0.000000e+000	9.690331e-174	6.734515e-290	
0.000000e+000	0.000000e+000	0.000000e+000	0.000000e+000	0.000000e+000	0.000000e+000	0.000000e+000	0.000000e+000	0.000000e+000	0.000000e+000	0.000000e+000	0.000000e+000	0.000000e+000	5.432821e-001	0.000000e+000	-2.530171e-098	-2.656984e+303	0.000000e+000	1.019558e-173	6.735806e-290	0.000000e+000	2.121996e-314	-7.845908e+298	6.574359e-001	7.535105e-001	-2.530171e-098	-2.656984e+303	0.000000e+000	1.019573e-173	6.737294e-290	
0.000000e+000	0.000000e+000	0.000000e+000	0.000000e+000	0.000000e+000	0.000000e+000	0.000000e+000	0.000000e+000	0.000000e+000	0.000000e+000	0.000000e+000	0.000000e+000	0.000000e+000	8.634062e-001	0.000000e+000	-2.530171e-098	-2.656984e+303	0.000000e+000	1.019558e-173	6.738586e-290	0.000000e+000	2.121996e-314	-7.845908e+298	2.129186e-001	9.770699e-001	-2.530171e-098	-2.656984e+303	0.000000e+000	1.019573e-173	6.740073e-290	
0.000000e+000	0.000000e+000	0.000000e+000	0.000000e+000	0.000000e+000	0.000000e+000	0.000000e+000	0.000000e+000	0.000000e+000	0.000000e+000	0.000000e+000	0.000000e+000	0.000000e+000	6.511245e-001	0.000000e+000	-2.530171e-098	-2.656984e+303	0.000000e+000	1.019558e-173	6.741365e-290	0.000000e+000	2.121996e-314	-7.845908e+298	5.209916e-001	8.535618e-001	-2.530171e-098	-2.656984e+303	0.000000e+000	1.019573e-173	6.742852e-290	
0.000000e+000	0.000000e+000	0.000000e+000	0.000000e+000	0.000000e+000	0.000000e+000	0.000000e+000	0.000000e+000	0.000000e+000	0.000000e+000	0.000000e+000	0.000000e+000	0.000000e+000	1.242386e-001	0.000000e+000	-2.530171e-098	-2.656984e+303	0.000000e+000	1.019558e-173	6.744144e-290	0.000000e+000	2.121996e-314	-7.845908e+298	9.810179e-001	1.939172e-001	-2.530171e-098	-2.656984e+303	0.000000e+000	1.019573e-173	6.745632e-290	
0.000000e+000	0.000000e+000	0.000000e+000	0.000000e+000	0.000000e+000	0.000000e+000	0.000000e+000	0.000000e+000	0.000000e+000	0.000000e+000	0.000000e+000	0.000000e+000	0.000000e+000	6.151598e-001	0.000000e+000	-2.530171e-098	-2.656984e+303	0.000000e+000	1.019558e-173	6.746923e-290	0.000000e+000	2.121996e-314	-7.845908e+298	5.683553e-001	8.227832e-001	-2.530171e-098	-2.656984e+303	0.000000e+000	1.019573e-173	6.748411e-290	
0.000000e+000	0.000000e+000	0.000000e+000	0.000000e+000	0.000000e+000	0.000000e+000	0.000000e+000	0.000000e+000	0.000000e+000	0.000000e+000	0.000000e+000	0.000000e+000	0.000000e+000	9.279418e-001	0.000000e+000	-2.530171e-098	-2.656984e+303	0.000000e+000	1.019558e-173	6.749702e-290	0.000000e+000	2.121996e-314	-7.845908e+298	1.129472e-001	9.936010e-001	-2.530171e-098	-2.656984e+303	0.000000e+000	1.019573e-173	6.751190e-290	
0.000000e+000	0.000000e+000	0.000000e+000	0.000000e+000	0.000000e+000	0.000000e+000	0.000000e+000	0.000000e+000	0.000000e+000	0.000000e+000	0.000000e+000	0.000000e+000	0.000000e+000	5.565572e-002	0.000000e+000	-2.530171e-098	-2.656984e+303	0.000000e+000	1.019558e-173	6.752482e-290	0.000000e+000	2.121996e-314	-7.845908e+298	9.961810e-001	8.731247e-002	-2.530171e-098	-2.656984e+303	0.000000e+000	1.019573e-173	6.753969e-290	
0.000000e+000	0.000000e+000	0.000000e+000	0.000000e+000	0.000000e+000	0.000000e+000	0.000000e+000	0.000000e+000	0.000000e+000	0.000000e+000	0.000000e+000	0.000000e+000	0.000000e+000	7.590639e-001	0.000000e+000	-2.530171e-098	-2.656984e+303	0.000000e+000	1.019558e-173	6.755261e-290	0.000000e+000	2.121996e-314	-7.845908e+298	3.694913e-001	9.292342e-001	-2.530171e-098	-2.656984e+303	0.000000e+000	1.019573e-173	6.756748e-290	
0.000000e+000	0.000000e+000	0.000000e+000	0.000000e+000	0.000000e+000	0.000000e+000	0.000000e+000	0.000000e+000	0.000000e+000	0.000000e+000	0.000000e+000	0.000000e+000	0.000000e+000	2.010575e-001	0.000000e+000	-2.530171e-098	-2.656984e+303	0.000000e+000	1.019558e-173	6.758040e-290	0.000000e+000	2.121996e-314	-7.845908e+298	9.505419e-001	3.105963e-001	-2.530171e-098	-2.656984e+303	0.000000e+000	1.019573e-173	6.759528e-290	
0.000000e+000	0.000000e+000	0.000000e+000	0.000000e+000	0.000000e+000	0.000000e+000	0.000000e+000	0.000000e+000	0.000000e+000	0.000000e+000	0.000000e+000	0.000000e+000	0.000000e+000	7.785635e-001	0.000000e+000	-2.530171e-098	-2.656984e+303	0.000000e+000	1.019558e-173	6.760819e-290	0.000000e+000	2.121996e-314	-7.845908e+298	3.408602e-001	9.401140e-001	-2.530171e-098	-2.656984e+303	0.000000e+000	1.019573e-173	6.762307e-290	
0.000000e+000	0.000000e+000	0.000000e+000	0.000000e+000	0.000000e+000	0.000000e+000	0.000000e+000	0.000000e+000	0.000000e+000	0.000000e+000	0.000000e+000	0.000000e+000	0.000000e+000	2.476248e-002	0.000000e+000	-2.530171e-098	-2.656984e+303	0.000000e+000	1.019558e-173	6.763599e-290	0.000000e+000	2.121996e-314	-7.845908e+298	9.992436e-001	3.888701e-002	-2.530171e-098	-2.656984e+303	0.000000e+000	1.019573e-173	6.765086e-290	
0.000000e+000	0.000000e+000	0.000000e+000	0.000000e+000	0.000000e+000	0.000000e+000	0.000000e+000	0.000000e+000	0.000000e+000	0.000000e+000	0.000000e+000	0.000000e+000	0.000000e+000	7.083301e-001	0.000000e+000	-2.530171e-098	-2.656984e+303	0.000000e+000	1.019558e-173	6.766378e-290	0.000000e+000	2.121996e-314	-7.845908e+298	4.422933e-001	8.968705e-001	-2.530171e-098	-2.656984e+303	0.000000e+000	1.019573e-173	6.767865e-290	
0.000000e+000	0.000000e+000	0.000000e+000	0.000000e+000	0.000000e+000	0.000000e+000	0.000000e+000	0.000000e+000	0.000000e+000	0.000000e+000	0.000000e+000	0.000000e+000	0.000000e+000	3.350660e-001	0.000000e+000	-2.530171e-098	-2.656984e+303	0.000000e+000	1.019558e-173	6.769157e-290	0.000000e+000	2.121996e-314	-7.845908e+298	8.646614e-001	5.023551e-001	-2.530171e-098	-2.656984e+303	0.000000e+000	1.019573e-173	6.770644e-290	
0.000000e+000	0.000000e+000	0.000000e+000	0.000000e+000	0.000000e+000	0.000000e+000	0.000000e+000	0.000000e+000	0.000000e+000	0.000000e+000	0.000000e+000	0.000000e+000	0.000000e+000	3.820158e-001	0.000000e+000	-2.530171e-098	-2.656984e+303	0.000000e+000	1.019558e-173	6.771936e-290	0.000000e+000	2.121996e-314	-7.845908e+298	8.252966e-001	5.646994e-001	-2.530171e-098	-2.656984e+303	0.000000e+000	1.019573e-173	6.773424e-290	
0.000000e+000	0.000000e+000	0.000000e+000	0.000000e+000	0.000000e+000	0.000000e+000	0.000000e+000	0.000000e+000	0.000000e+000	0.000000e+000	0.000000e+000	0.000000e+000	0.000000e+000	9.528080e-001	0.000000e+000	-2.530171e-098	-2.656984e+303	0.000000e+000	1.019558e-173	6.774715e-290	0.000000e+000	2.121996e-314	-7.845908e+298	7.406120e-002	9.972537e-001	-2.530171e-098	-2.656984e+303	0.000000e+000	1.019573e-173	6.776203e-290	
0.000000e+000	0.000000e+000	0.000000e+000	0.000000e+000	0.000000e+000	0.000000e+000	0.000000e+000	0.000000e+000	0.000000e+000	0.000000e+000	0.000000e+000	0.000000e+000	0.000000e+000	1.777932e-001	0.000000e+000	-2.530171e-098	-2.656984e+303	0.000000e+000	1.019558e-173	6.777495e-290	0.000000e+000	2.121996e-314	-7.845908e+298	9.612550e-001	2.756606e-001	-2.530171e-098	-2.656984e+303	0.000000e+000	1.019573e-173	6.778982e-290	
0.000000e+000	0.000000e+000	0.000000e+000	0.000000e+000	0.000000e+000	0.000000e+000	0.000000e+000	0.000000e+000	0.000000e+000	0.000000e+000	0.000000e+000	0.000000e+000	0.000000e+000	1.000000e+000	0.000000e+000	-2.530171e-098	-2.656984e+303	0.000000e+000	1.019558e-173	6.780274e-290	0.000000e+000	2.121996e-314	-7.845908e+298	6.123234e-017	1.000000e+000	-2.530171e-098	-2.656984e+303	0.000000e+000	1.019573e-173	6.781761e-290	
0.000000e+000	0.000000e+000	0.000000e+000	0.000000e+000	0.000000e+000	0.000000e+000	0.000000e+000	0.000000e+000	0.000000e+000	0.000000e+000	0.000000e+000	0.000000e+000	0.000000e+000	8.335111e-001	0.000000e+000	-2.530171e-098	-2.656984e+303	0.000000e+000	1.019558e-173	6.783053e-290	0.000000e+000	2.121996e-314	-7.845908e+298	2.585493e-001	9.659981e-001	-2.530171e-098	-2.656984e+303	0.000000e+000	1.019573e-173	6.784541e-290	
0.000000e+000	0.000000e+000	0.000000e+000	0.000000e+000	0.000000e+000	0.000000e+000	0.000000e+000	0.000000e+000	0.000000e+000	0.000000e+000	0.000000e+000	0.000000e+000	0.000000e+000	3.023469e-001	0.000000e+000	-2.530171e-098	-2.656984e+303	0.000000e+000	1.019558e-173	6.785832e-290	0.000000e+000	2.121996e-314	-7.845908e+298	8.893268e-001	4.572721e-001	-2.530171e-098	-2.656984e+303	0.000000e+000	1.019573e-173	6.787320e-290	
0.000000e+000	0.000000e+000	0.000000e+000	0.000000e+000	0.000000e+000	0.000000e+000	0.000000e+000	0.000000e+000	0.000000e+000	0.000000e+000	0.000000e+000	0.000000e+000	0.000000e+000	2.786964e-001	0.000000e+000	-2.530171e-098	-2.656984e+303	0.000000e+000	1.019558e-173	6.788612e-290	0.000000e+000	2.121996e-314	-7.845908e+298	9.056970e-001	4.239256e-001	-2.530171e-098	-2.656984e+303	0.000000e+000	1.019573e-173	6.790099e-290	
0.000000e+000	0.000000e+000	0.000000e+000	0.000000e+000	0.000000e+000	0.000000e+000	0.000000e+000	0.000000e+000	0.000000e+000	0.000000e+000	0.000000e+000	0.000000e+000	0.000000e+000	8.038187e-001	0.000000e+000	-2.530171e-098	-2.656984e+303	0.000000e+000	1.019558e-173	6.791391e-290	0.000000e+000	2.121996e-314	-7.845908e+298	3.033066e-001	9.528930e-001	-2.530171e-098	-2.656984e+303	0.000000e+000	1.019573e-173	6.792878e-290	
0.000000e+000	0.000000e+000	0.000000e+000	0.000000e+000	0.000000e+000	0.000000e+000	0.000000e+000	0.000000e+000	0.000000e+000	0.000000e+000	0.000000e+000	0.000000e+000	0.000000e+000	9.094398e-001	0.000000e+000	-2.530171e-098	-2.656984e+303	0.000000e+000	1.019558e-173	6.794170e-290	0.000000e+000	2.121996e-314	-7.845908e+298	1.417723e-001	9.898993e-001	-2.530171e-098	-2.656984e+303	0.000000e+000	1.019573e-173	6.795657e-290	
0.000000e+000	0.000000e+000	0.000000e+000	0.000000e+000	0.000000e+000	0.000000e+000	0.000000e+000	0.000000e+000	0.000000e+000	0.000000e+000	0.000000e+000	0.000000e+000	0.000000e+000	1.533131e-001	0.000000e+000	-2.530171e-098	-2.656984e+303	0.000000e+000	1.019558e-173	6.796949e-290	0.000000e+000	2.121996e-314	-7.845908e+298	9.711418e-001	2.385027e-001	-2.530171e-098	-2.656984e+303	0.000000e+000	1.019573e-173	6.798437e-290	
0.000000e+000	0.000000e+000	0.000000e+000	0.000000e+000	0.000000e+000	0.000000e+000	0.000000e+000	0.000000e+000	0.000000e+000	0.000000e+000	0.000000e+000	0.000000e+000	0.000000e+000	5.673213e-001	0.000000e+000	-2.530171e-098	-2.656984e+303	0.000000e+000	1.019558e-173	6.799728e-290	0.000000e+000	2.121996e-314	-7.845908e+298	6.285209e-001	7.777927e-001	-2.530171e-098	-2.656984e+303	0.000000e+000	1.019573e-173	6.801216e-290	
0.000000e+000	0.000000e+000	0.000000e+000	0.000000e+000	0.000000e+000	0.000000e+000	0.000000e+000	0.000000e+000	0.000000e+000	0.000000e+000	0.000000e+000	0.000000e+000	0.000000e+000	7.390929e-001	0.000000e+000	-2.530171e-098	-2.656984e+303	0.000000e+000	1.019558e-173	6.802508e-290	0.000000e+000	2.121996e-314	-7.845908e+298	3.984552e-001	9.171878e-001	-2.530171e-098	-2.656984e+303	0.000000e+000	1.019573e-173	6.803995e-290	
0.000000e+000	0.000000e+000	0.000000e+000	0.000000e+000	0.000000e+000	0.000000e+000	0.000000e+000	0.000000e+000	0.000000e+000	0.000000e+000	0.000000e+000	0.000000e+000	0.000000e+000	8.808346e-001	0.000000e+000	-2.530171e-098	-2.656984e+303	0.000000e+000	1.019558e-173	6.805287e-290	0.000000e+000	2.121996e-314	-7.845908e+298	1.860933e-001	9.825321e-001	-2.530171e-098	-2.656984e+303	0.000000e+000	1.019573e-173	6.806774e-290	
0.000000e+000	0.000000e+000	0.000000e+000	0.000000e+000	0.000000e+000	0.000000e+000	0.000000e+000	0.000000e+000	0.000000e+000	0.000000e+000	0.000000e+000	0.000000e+000	0.000000e+000	5.938654e-001	0.000000e+000	-2.530171e-098	-2.656984e+303	0.000000e+000	1.019558e-173	6.808066e-290	0.000000e+000	2.121996e-314	-7.845908e+298	5.955537e-001	8.033155e-001	-2.530171e-098	-2.656984e+303	0.000000e+000	1.019573e-173	6.809554e-290	
0.000000e+000	0.000000e+000	0.000000e+000	0.000000e+000	0.000000e+000	0.000000e+000	0.000000e+000	0.000000e+000	0.000000e+000	0.000000e+000	0.000000e+000	0.000000e+000	0.000000e+000	9.020066e-002	0.000000e+000	-2.530171e-098	-2.656984e+303	0.000000e+000	1.019558e-173	6.810845e-290	0.000000e+000	2.121996e-314	-7.845908e+298	9.899792e-001	1.412133e-001	-2.530171e-098	-2.656984e+303	0.000000e+000	1.019573e-173	6.812333e-290	
0.000000e+000	0.000000e+000	0.000000e+000	0.000000e+000	0.000000e+000	0.000000e+000	0.000000e+000	0.000000e+000	0.000000e+000	0.000000e+000	0.000000e+000	0.000000e+000	0.000000e+000	4.877845e-001	0.000000e+000	-2.530171e-098	-2.656984e+303	0.000000e+000	1.019558e-173	6.813624e-290	0.000000e+000	2.121996e-314	-7.845908e+298	7.205438e-001	6.934094e-001	-2.530171e-098	-2.656984e+303	0.000000e+000	1.019573e-173	6.815112e-290	
0.000000e+000	0.000000e+000	0.000000e+000	0.000000e+000	0.000000e+000	0.000000e+000	0.000000e+000	0.000000e+000	0.000000e+000	0.000000e+000	0.000000e+000	0.000000e+000	0.000000e+000	4.147807e-001	0.000000e+000	-2.530171e-098	-2.656984e+303	0.000000e+000	1.019558e-173	6.816404e-290	0.000000e+000	2.121996e-314	-7.845908e+298	7.951533e-001	6.064085e-001	-2.530171e-098	-2.656984e+303	0.000000e+000	1.019573e-173	6.817891e-290	
0.000000e+000	0.000000e+000	0.000000e+000	0.000000e+000	0.000000e+000	0.000000e+000	0.000000e+000	0.000000e+000	0.000000e+000	0.000000e+000	0.000000e+000	0.000000e+000	0.000000e+000	5.179731e-001	0.000000e+000	-2.530171e-098	-2.656984e+303	0.000000e+000	1.019558e-173	6.819183e-290	0.000000e+000	2.121996e-314	-7.845908e+298	6.868645e-001	7.267855e-001	-2.530171e-098	-2.656984e+303	0.000000e+000	1.019573e-173	6.820670e-290	
0.000000e+000	0.000000e+000	0.000000e+000	0.000000e+000	0.000000e+000	0.000000e+000	0.000000e+000	0.000000e+000	0.000000e+000	0.000000e+000	0.000000e+000	0.000000e+000	0.000000e+000	3.591584e-001	0.000000e+000	-2.530171e-098	-2.656984e+303	0.000000e+000	1.019558e-173	6.821962e-290	0.000000e+000	2.121996e-314	-7.845908e+298	8.450355e-001	5.347102e-001	-2.530171e-098	-2.656984e+303	0.000000e+000	1.019573e-173	6.823450e-290	
0.000000e+000	0.000000e+000	0.000000e+000	0.000000e+000	0.000000e+000	0.000000e+000	0.000000e+000	0.000000e+000	0.000000e+000	0.000000e+000	0.000000e+000	0.000000e+000	0.000000e+000	6.845088e-001	0.000000e+000	-2.530171e-098	-2.656984e+303	0.000000e+000	1.019558e-173	6.824741e-290	0.000000e+000	2.121996e-314	-7.845908e+298	4.755352e-001	8.796967e-001	-2.530171e-098	-2.656984e+303	0.000000e+000	1.019573e-173	6.826229e-290	
