0.000000e+000	9.207056e-001	0.000000e+000	0.000000e+000	0.000000e+000	0.000000e+000	0.000000e+000	0.000000e+000	0.000000e+000	0.000000e+000	0.000000e+000	0.000000e+000	0.000000e+000	0.000000e+000	0.000000e+000	-2.530171e-098	-2.656984e+303	0.000000e+000	1.634799e-173	1.177838e-305	0.000000e+000	2.121996e-314	-7.845908e+298	1.242335e-001	9.922530e-001	-2.530171e-098	-2.656984e+303	0.000000e+000	1.634828e-173	1.178168e-305	
0.000000e+000	5.228089e-001	0.000000e+000	0.000000e+000	0.000000e+000	0.000000e+000	0.000000e+000	0.000000e+000	0.000000e+000	0.000000e+000	0.000000e+000	0.000000e+000	0.000000e+000	0.000000e+000	0.000000e+000	-2.530171e-098	-2.656984e+303	0.000000e+000	1.634799e-173	1.178455e-305	0.000000e+000	2.121996e-314	-7.845908e+298	6.813240e-001	7.319819e-001	-2.530171e-098	-2.656984e+303	0.000000e+000	1.634828e-173	1.178785e-305	
0.000000e+000	2.497917e-001	0.000000e+000	0.000000e+000	0.000000e+000	0.000000e+000	0.000000e+000	0.000000e+000	0.000000e+000	0.000000e+000	0.000000e+000	0.000000e+000	0.000000e+000	0.000000e+000	0.000000e+000	-2.530171e-098	-2.656984e+303	0.000000e+000	1.634799e-173	1.179072e-305	0.000000e+000	2.121996e-314	-7.845908e+298	9.240047e-001	3.823811e-001	-2.530171e-098	-2.656984e+303	0.000000e+000	1.634828e-173	1.179402e-305	
0.000000e+000	6.008096e-001	0.000000e+000	0.000000e+000	0.000000e+000	0.000000e+000	0.000000e+000	0.000000e+000	0.000000e+000	0.000000e+000	0.000000e+000	0.000000e+000	0.000000e+000	0.000000e+000	0.000000e+000	-2.530171e-098	-2.656984e+303	0.000000e+000	1.634799e-173	1.179689e-305	0.000000e+000	2.121996e-314	-7.845908e+298	5.867560e-001	8.097638e-001	-2.530171e-098	-2.656984e+303	0.000000e+000	1.634828e-173	1.180019e-305	
0.000000e+000	4.060890e-001	0.000000e+000	0.000000e+000	0.000000e+000	0.000000e+000	0.000000e+000	0.000000e+000	0.000000e+000	0.000000e+000	0.000000e+000	0.000000e+000	0.000000e+000	0.000000e+000	0.000000e+000	-2.530171e-098	-2.656984e+303	0.000000e+000	1.634799e-173	1.180306e-305	0.000000e+000	2.121996e-314	-7.845908e+298	8.033582e-001	5.954962e-001	-2.530171e-098	-2.656984e+303	0.000000e+000	1.634828e-173	1.180636e-305	
0.000000e+000	2.210395e-001	0.000000e+000	0.000000e+000	0.000000e+000	0.000000e+000	0.000000e+000	0.000000e+000	0.000000e+000	0.000000e+000	0.000000e+000	0.000000e+000	0.000000e+000	0.000000e+000	0.000000e+000	-2.530171e-098	-2.656984e+303	0.000000e+000	1.634799e-173	1.180923e-305	0.000000e+000	2.121996e-314	-7.845908e+298	9.403264e-001	3.402738e-001	-2.530171e-098	-2.656984e+303	0.000000e+000	1.634828e-173	1.181253e-305	
0.000000e+000	2.712513e-001	0.000000e+000	0.000000e+000	0.000000e+000	0.000000e+000	0.000000e+000	0.000000e+000	0.000000e+000	0.000000e+000	0.000000e+000	0.000000e+000	0.000000e+000	0.000000e+000	0.000000e+000	-2.530171e-098	-2.656984e+303	0.000000e+000	1.634799e-173	1.181540e-305	0.000000e+000	2.121996e-314	-7.845908e+298	9.105927e-001	4.133049e-001	-2.530171e-098	-2.656984e+303	0.000000e+000	1.634828e-173	1.181871e-305	
0.000000e+000	6.421741e-001	0.000000e+000	0.000000e+000	0.000000e+000	0.000000e+000	0.000000e+000	0.000000e+000	0.000000e+000	0.000000e+000	0.000000e+000	0.000000e+000	0.000000e+000	0.000000e+000	0.000000e+000	-2.530171e-098	-2.656984e+303	0.000000e+000	1.634799e-173	1.182157e-305	0.000000e+000	2.121996e-314	-7.845908e+298	5.329402e-001	8.461529e-001	-2.530171e-098	-2.656984e+303	0.000000e+000	1.634828e-173	1.182488e-305	
0.000000e+000	7.334973e-001	0.000000e+000	0.000000e+000	0.000000e+000	0.000000e+000	0.000000e+000	0.000000e+000	0.000000e+000	0.000000e+000	0.000000e+000	0.000000e+000	0.000000e+000	0.000000e+000	0.000000e+000	-2.530171e-098	-2.656984e+303	0.000000e+000	1.634799e-173	1.182775e-305	0.000000e+000	2.121996e-314	-7.845908e+298	4.065013e-001	9.136502e-001	-2.530171e-098	-2.656984e+303	0.000000e+000	1.634828e-173	1.183105e-305	
0.000000e+000	1.000000e+000	0.000000e+000	0.000000e+000	0.000000e+000	0.000000e+000	0.000000e+000	0.000000e+000	0.000000e+000	0.000000e+000	0.000000e+000	0.000000e+000	0.000000e+000	0.000000e+000	0.000000e+000	-2.530171e-098	-2.656984e+303	0.000000e+000	1.634799e-173	1.183392e-305	0.000000e+000	2.121996e-314	-7.845908e+298	6.123234e-017	1.000000e+000	-2.530171e-098	-2.656984e+303	0.000000e+000	1.634828e-173	1.183722e-305	
0.000000e+000	4.737297e-001	0.000000e+000	0.000000e+000	0.000000e+000	0.000000e+000	0.000000e+000	0.000000e+000	0.000000e+000	0.000000e+000	0.000000e+000	0.000000e+000	0.000000e+000	0.000000e+000	0.000000e+000	-2.530171e-098	-2.656984e+303	0.000000e+000	1.634799e-173	1.184009e-305	0.000000e+000	2.121996e-314	-7.845908e+298	7.356755e-001	6.773342e-001	-2.530171e-098	-2.656984e+303	0.000000e+000	1.634828e-173	1.184339e-305	
0.000000e+000	7.067357e-001	0.000000e+000	0.000000e+000	0.000000e+000	0.000000e+000	0.000000e+000	0.000000e+000	0.000000e+000	0.000000e+000	0.000000e+000	0.000000e+000	0.000000e+000	0.000000e+000	0.000000e+000	-2.530171e-098	-2.656984e+303	0.000000e+000	1.634799e-173	1.184626e-305	0.000000e+000	2.121996e-314	-7.845908e+298	4.445380e-001	8.957600e-001	-2.530171e-098	-2.656984e+303	0.000000e+000	1.634828e-173	1.184956e-305	
0.000000e+000	9.730639e-001	0.000000e+000	0.000000e+000	0.000000e+000	0.000000e+000	0.000000e+000	0.000000e+000	0.000000e+000	0.000000e+000	0.000000e+000	0.000000e+000	0.000000e+000	0.000000e+000	0.000000e+000	-2.530171e-098	-2.656984e+303	0.000000e+000	1.634799e-173	1.185243e-305	0.000000e+000	2.121996e-314	-7.845908e+298	4.229855e-002	9.991050e-001	-2.530171e-098	-2.656984e+303	0.000000e+000	1.634828e-173	1.185573e-305	
0.000000e+000	4.269141e-001	0.000000e+000	0.000000e+000	0.000000e+000	0.000000e+000	0.000000e+000	0.000000e+000	0.000000e+000	0.000000e+000	0.000000e+000	0.000000e+000	0.000000e+000	0.000000e+000	0.000000e+000	-2.530171e-098	-2.656984e+303	0.000000e+000	1.634799e-173	1.185860e-305	0.000000e+000	2.121996e-314	-7.845908e+298	7.834520e-001	6.214524e-001	-2.530171e-098	-2.656984e+303	0.000000e+000	1.634828e-173	1.186190e-305	
0.000000e+000	3.561339e-001	0.000000e+000	0.000000e+000	0.000000e+000	0.000000e+000	0.000000e+000	0.000000e+000	0.000000e+000	0.000000e+000	0.000000e+000	0.000000e+000	0.000000e+000	0.000000e+000	0.000000e+000	-2.530171e-098	-2.656984e+303	0.000000e+000	1.634799e-173	1.186477e-305	0.000000e+000	2.121996e-314	-7.845908e+298	8.475663e-001	5.306895e-001	-2.530171e-098	-2.656984e+303	0.000000e+000	1.634828e-173	1.186807e-305	
0.000000e+000	3.030424e-001	0.000000e+000	0.000000e+000	0.000000e+000	0.000000e+000	0.000000e+000	0.000000e+000	0.000000e+000	0.000000e+000	0.000000e+000	0.000000e+000	0.000000e+000	0.000000e+000	0.000000e+000	-2.530171e-098	-2.656984e+303	0.000000e+000	1.634799e-173	1.187094e-305	0.000000e+000	2.121996e-314	-7.845908e+298	8.888267e-001	4.582434e-001	-2.530171e-098	-2.656984e+303	0.000000e+000	1.634828e-173	1.187425e-305	
0.000000e+000	5.834560e-001	0.000000e+000	0.000000e+000	0.000000e+000	0.000000e+000	0.000000e+000	0.000000e+000	0.000000e+000	0.000000e+000	0.000000e+000	0.000000e+000	0.000000e+000	0.000000e+000	0.000000e+000	-2.530171e-098	-2.656984e+303	0.000000e+000	1.634799e-173	1.187711e-305	0.000000e+000	2.121996e-314	-7.845908e+298	6.086086e-001	7.934706e-001	-2.530171e-098	-2.656984e+303	0.000000e+000	1.634828e-173	1.188042e-305	
0.000000e+000	1.971079e-001	0.000000e+000	0.000000e+000	0.000000e+000	0.000000e+000	0.000000e+000	0.000000e+000	0.000000e+000	0.000000e+000	0.000000e+000	0.000000e+000	0.000000e+000	0.000000e+000	0.000000e+000	-2.530171e-098	-2.656984e+303	0.000000e+000	1.634799e-173	1.188329e-305	0.000000e+000	2.121996e-314	-7.845908e+298	9.524505e-001	3.046933e-001	-2.530171e-098	-2.656984e+303	0.000000e+000	1.634828e-173	1.188659e-305	
0.000000e+000	3.224481e-001	0.000000e+000	0.000000e+000	0.000000e+000	0.000000e+000	0.000000e+000	0.000000e+000	0.000000e+000	0.000000e+000	0.000000e+000	0.000000e+000	0.000000e+000	0.000000e+000	0.000000e+000	-2.530171e-098	-2.656984e+303	0.000000e+000	1.634799e-173	1.188946e-305	0.000000e+000	2.121996e-314	-7.845908e+298	8.744476e-001	4.851199e-001	-2.530171e-098	-2.656984e+303	0.000000e+000	1.634828e-173	1.189276e-305	
0.000000e+000	8.939518e-001	0.000000e+000	0.000000e+000	0.000000e+000	0.000000e+000	0.000000e+000	0.000000e+000	0.000000e+000	0.000000e+000	0.000000e+000	0.000000e+000	0.000000e+000	0.000000e+000	0.000000e+000	-2.530171e-098	-2.656984e+303	0.000000e+000	1.634799e-173	1.189563e-305	0.000000e+000	2.121996e-314	-7.845908e+298	1.658108e-001	9.861576e-001	-2.530171e-098	-2.656984e+303	0.000000e+000	1.634828e-173	1.189893e-305	
0.000000e+000	7.736704e-001	0.000000e+000	0.000000e+000	0.000000e+000	0.000000e+000	0.000000e+000	0.000000e+000	0.000000e+000	0.000000e+000	0.000000e+000	0.000000e+000	0.000000e+000	0.000000e+000	0.000000e+000	-2.530171e-098	-2.656984e+303	0.000000e+000	1.634799e-173	1.190180e-305	0.000000e+000	2.121996e-314	-7.845908e+298	3.480757e-001	9.374664e-001	-2.530171e-098	-2.656984e+303	0.000000e+000	1.634828e-173	1.190510e-305	
0.000000e+000	5.795528e-002	0.000000e+000	0.000000e+000	0.000000e+000	0.000000e+000	0.000000e+000	0.000000e+000	0.000000e+000	0.000000e+000	0.000000e+000	0.000000e+000	0.000000e+000	0.000000e+000	0.000000e+000	-2.530171e-098	-2.656984e+303	0.000000e+000	1.634799e-173	1.190797e-305	0.000000e+000	2.121996e-314	-7.845908e+298	9.958591e-001	9.091025e-002	-2.530171e-098	-2.656984e+303	0.000000e+000	1.634828e-173	1.191127e-305	
0.000000e+000	3.816752e-001	0.000000e+000	0.000000e+000	0.000000e+000	0.000000e+000	0.000000e+000	0.000000e+000	0.000000e+000	0.000000e+000	0.000000e+000	0.000000e+000	0.000000e+000	0.000000e+000	0.000000e+000	-2.530171e-098	-2.656984e+303	0.000000e+000	1.634799e-173	1.191414e-305	0.000000e+000	2.121996e-314	-7.845908e+298	8.255987e-001	5.642578e-001	-2.530171e-098	-2.656984e+303	0.000000e+000	1.634828e-173	1.191744e-305	
0.000000e+000	8.024095e-001	0.000000e+000	0.000000e+000	0.000000e+000	0.000000e+000	0.000000e+000	0.000000e+000	0.000000e+000	0.000000e+000	0.000000e+000	0.000000e+000	0.000000e+000	0.000000e+000	0.000000e+000	-2.530171e-098	-2.656984e+303	0.000000e+000	1.634799e-173	1.192031e-305	0.000000e+000	2.121996e-314	-7.845908e+298	3.054152e-001	9.522193e-001	-2.530171e-098	-2.656984e+303	0.000000e+000	1.634828e-173	1.192361e-305	
0.000000e+000	9.523254e-001	0.000000e+000	0.000000e+000	0.000000e+000	0.000000e+000	0.000000e+000	0.000000e+000	0.000000e+000	0.000000e+000	0.000000e+000	0.000000e+000	0.000000e+000	0.000000e+000	0.000000e+000	-2.530171e-098	-2.656984e+303	0.000000e+000	1.634799e-173	1.192648e-305	0.000000e+000	2.121996e-314	-7.845908e+298	7.481715e-002	9.971973e-001	-2.530171e-098	-2.656984e+303	0.000000e+000	1.634828e-173	1.192979e-305	
0.000000e+000	6.225850e-001	0.000000e+000	0.000000e+000	0.000000e+000	0.000000e+000	0.000000e+000	0.000000e+000	0.000000e+000	0.000000e+000	0.000000e+000	0.000000e+000	0.000000e+000	0.000000e+000	0.000000e+000	-2.530171e-098	-2.656984e+303	0.000000e+000	1.634799e-173	1.193265e-305	0.000000e+000	2.121996e-314	-7.845908e+298	5.587204e-001	8.293561e-001	-2.530171e-098	-2.656984e+303	0.000000e+000	1.634828e-173	1.193596e-305	
0.000000e+000	5.417838e-001	0.000000e+000	0.000000e+000	0.000000e+000	0.000000e+000	0.000000e+000	0.000000e+000	0.000000e+000	0.000000e+000	0.000000e+000	0.000000e+000	0.000000e+000	0.000000e+000	0.000000e+000	-2.530171e-098	-2.656984e+303	0.000000e+000	1.634799e-173	1.193883e-305	0.000000e+000	2.121996e-314	-7.845908e+298	6.592075e-001	7.519611e-001	-2.530171e-098	-2.656984e+303	0.000000e+000	1.634828e-173	1.194213e-305	
0.000000e+000	1.402296e-001	0.000000e+000	0.000000e+000	0.000000e+000	0.000000e+000	0.000000e+000	0.000000e+000	0.000000e+000	0.000000e+000	0.000000e+000	0.000000e+000	0.000000e+000	0.000000e+000	0.000000e+000	-2.530171e-098	-2.656984e+303	0.000000e+000	1.634799e-173	1.194500e-305	0.000000e+000	2.121996e-314	-7.845908e+298	9.758380e-001	2.184952e-001	-2.530171e-098	-2.656984e+303	0.000000e+000	1.634828e-173	1.194830e-305	
0.000000e+000	8.632817e-001	0.000000e+000	0.000000e+000	0.000000e+000	0.000000e+000	0.000000e+000	0.000000e+000	0.000000e+000	0.000000e+000	0.000000e+000	0.000000e+000	0.000000e+000	0.000000e+000	0.000000e+000	-2.530171e-098	-2.656984e+303	0.000000e+000	1.634799e-173	1.195117e-305	0.000000e+000	2.121996e-314	-7.845908e+298	2.131097e-001	9.770283e-001	-2.530171e-098	-2.656984e+303	0.000000e+000	1.634828e-173	1.195447e-305	
0.000000e+000	6.640209e-001	0.000000e+000	0.000000e+000	0.000000e+000	0.000000e+000	0.000000e+000	0.000000e+000	0.000000e+000	0.000000e+000	0.000000e+000	0.000000e+000	0.000000e+000	0.000000e+000	0.000000e+000	-2.530171e-098	-2.656984e+303	0.000000e+000	1.634799e-173	1.195734e-305	0.000000e+000	2.121996e-314	-7.845908e+298	5.035948e-001	8.639400e-001	-2.530171e-098	-2.656984e+303	0.000000e+000	1.634828e-173	1.196064e-305	
0.000000e+000	5.010012e-001	0.000000e+000	0.000000e+000	0.000000e+000	0.000000e+000	0.000000e+000	0.000000e+000	0.000000e+000	0.000000e+000	0.000000e+000	0.000000e+000	0.000000e+000	0.000000e+000	0.000000e+000	-2.530171e-098	-2.656984e+303	0.000000e+000	1.634799e-173	1.196351e-305	0.000000e+000	2.121996e-314	-7.845908e+298	7.059938e-001	7.082180e-001	-2.530171e-098	-2.656984e+303	0.000000e+000	1.634828e-173	1.196681e-305	
0.000000e+000	6.905781e-001	0.000000e+000	0.000000e+000	0.000000e+000	0.000000e+000	0.000000e+000	0.000000e+000	0.000000e+000	0.000000e+000	0.000000e+000	0.000000e+000	0.000000e+000	0.000000e+000	0.000000e+000	-2.530171e-098	-2.656984e+303	0.000000e+000	1.634799e-173	1.196968e-305	0.000000e+000	2.121996e-314	-7.845908e+298	4.671271e-001	8.841902e-001	-2.530171e-098	-2.656984e+303	0.000000e+000	1.634828e-173	1.197298e-305	
0.000000e+000	2.623437e-002	0.000000e+000	0.000000e+000	0.000000e+000	0.000000e+000	0.000000e+000	0.000000e+000	0.000000e+000	0.000000e+000	0.000000e+000	0.000000e+000	0.000000e+000	0.000000e+000	0.000000e+000	-2.530171e-098	-2.656984e+303	0.000000e+000	1.634799e-173	1.197585e-305	0.000000e+000	2.121996e-314	-7.845908e+298	9.991510e-001	4.119719e-002	-2.530171e-098	-2.656984e+303	0.000000e+000	1.634828e-173	1.197915e-305	
0.000000e+000	8.307123e-001	0.000000e+000	0.000000e+000	0.000000e+000	0.000000e+000	0.000000e+000	0.000000e+000	0.000000e+000	0.000000e+000	0.000000e+000	0.000000e+000	0.000000e+000	0.000000e+000	0.000000e+000	-2.530171e-098	-2.656984e+303	0.000000e+000	1.634799e-173	1.198202e-305	0.000000e+000	2.121996e-314	-7.845908e+298	2.627937e-001	9.648521e-001	-2.530171e-098	-2.656984e+303	0.000000e+000	1.634828e-173	1.198533e-305	
0.000000e+000	7.928916e-001	0.000000e+000	0.000000e+000	0.000000e+000	0.000000e+000	0.000000e+000	0.000000e+000	0.000000e+000	0.000000e+000	0.000000e+000	0.000000e+000	0.000000e+000	0.000000e+000	0.000000e+000	-2.530171e-098	-2.656984e+303	0.000000e+000	1.634799e-173	1.198819e-305	0.000000e+000	2.121996e-314	-7.845908e+298	3.196168e-001	9.475469e-001	-2.530171e-098	-2.656984e+303	0.000000e+000	1.634828e-173	1.199150e-305	
0.000000e+000	1.754370e-001	0.000000e+000	0.000000e+000	0.000000e+000	0.000000e+000	0.000000e+000	0.000000e+000	0.000000e+000	0.000000e+000	0.000000e+000	0.000000e+000	0.000000e+000	0.000000e+000	0.000000e+000	-2.530171e-098	-2.656984e+303	0.000000e+000	1.634799e-173	1.199436e-305	0.000000e+000	2.121996e-314	-7.845908e+298	9.622687e-001	2.721011e-001	-2.530171e-098	-2.656984e+303	0.000000e+000	1.634828e-173	1.199767e-305	
0.000000e+000	5.653368e-001	0.000000e+000	0.000000e+000	0.000000e+000	0.000000e+000	0.000000e+000	0.000000e+000	0.000000e+000	0.000000e+000	0.000000e+000	0.000000e+000	0.000000e+000	0.000000e+000	0.000000e+000	-2.530171e-098	-2.656984e+303	0.000000e+000	1.634799e-173	1.200054e-305	0.000000e+000	2.121996e-314	-7.845908e+298	6.309424e-001	7.758297e-001	-2.530171e-098	-2.656984e+303	0.000000e+000	1.634828e-173	1.200384e-305	
0.000000e+000	4.516908e-001	0.000000e+000	0.000000e+000	0.000000e+000	0.000000e+000	0.000000e+000	0.000000e+000	0.000000e+000	0.000000e+000	0.000000e+000	0.000000e+000	0.000000e+000	0.000000e+000	0.000000e+000	-2.530171e-098	-2.656984e+303	0.000000e+000	1.634799e-173	1.200671e-305	0.000000e+000	2.121996e-314	-7.845908e+298	7.586785e-001	6.514653e-001	-2.530171e-098	-2.656984e+303	0.000000e+000	1.634828e-173	1.201001e-305	
0.000000e+000	1.160994e-001	0.000000e+000	0.000000e+000	0.000000e+000	0.000000e+000	0.000000e+000	0.000000e+000	0.000000e+000	0.000000e+000	0.000000e+000	0.000000e+000	0.000000e+000	0.000000e+000	0.000000e+000	-2.530171e-098	-2.656984e+303	0.000000e+000	1.634799e-173	1.201288e-305	0.000000e+000	2.121996e-314	-7.845908e+298	9.834169e-001	1.813593e-001	-2.530171e-098	-2.656984e+303	0.000000e+000	1.634828e-173	1.201618e-305	
0.000000e+000	3.406785e-001	0.000000e+000	0.000000e+000	0.000000e+000	0.000000e+000	0.000000e+000	0.000000e+000	0.000000e+000	0.000000e+000	0.000000e+000	0.000000e+000	0.000000e+000	0.000000e+000	0.000000e+000	-2.530171e-098	-2.656984e+303	0.000000e+000	1.634799e-173	1.201905e-305	0.000000e+000	2.121996e-314	-7.845908e+298	8.601990e-001	5.099585e-001	-2.530171e-098	-2.656984e+303	0.000000e+000	1.634828e-173	1.202235e-305	
0.000000e+000	0.000000e+000	0.000000e+000	0.000000e+000	0.000000e+000	0.000000e+000	0.000000e+000	0.000000e+000	0.000000e+000	0.000000e+000	0.000000e+000	0.000000e+000	0.000000e+000	0.000000e+000	0.000000e+000	-2.530171e-098	-2.656984e+303	0.000000e+000	1.634799e-173	1.202522e-305	0.000000e+000	2.121996e-314	-7.845908e+298	6.782249e-001	7.348544e-001	-2.530171e-098	-2.656984e+303	0.000000e+000	1.634828e-173	1.202852e-305	
0.000000e+000	0.000000e+000	0.000000e+000	0.000000e+000	0.000000e+000	0.000000e+000	0.000000e+000	0.000000e+000	0.000000e+000	0.000000e+000	0.000000e+000	0.000000e+000	0.000000e+000	0.000000e+000	0.000000e+000	-2.530171e-098	-2.656984e+303	0.000000e+000	1.634799e-173	1.203139e-305	0.000000e+000	2.121996e-314	-7.845908e+298	9.622687e-001	2.721011e-001	-2.530171e-098	-2.656984e+303	0.000000e+000	1.634828e-173	1.203469e-305	
0.000000e+000	0.000000e+000	0.000000e+000	0.000000e+000	0.000000e+000	0.000000e+000	0.000000e+000	0.000000e+000	0.000000e+000	0.000000e+000	0.000000e+000	0.000000e+000	0.000000e+000	0.000000e+000	0.000000e+000	-2.530171e-098	-2.656984e+303	0.000000e+000	1.634799e-173	1.203756e-305	0.000000e+000	2.121996e-314	-7.845908e+298	3.054152e-001	9.522193e-001	-2.530171e-098	-2.656984e+303	0.000000e+000	1.634828e-173	1.204087e-305	
0.000000e+000	0.000000e+000	0.000000e+000	0.000000e+000	0.000000e+000	0.000000e+000	0.000000e+000	0.000000e+000	0.000000e+000	0.000000e+000	0.000000e+000	0.000000e+000	0.000000e+000	0.000000e+000	0.000000e+000	-2.530171e-098	-2.656984e+303	0.000000e+000	1.634799e-173	1.204373e-305	0.000000e+000	2.121996e-314	-7.845908e+298	7.059938e-001	7.082180e-001	-2.530171e-098	-2.656984e+303	0.000000e+000	1.634828e-173	1.204704e-305	
0.000000e+000	0.000000e+000	0.000000e+000	0.000000e+000	0.000000e+000	0.000000e+000	0.000000e+000	0.000000e+000	0.000000e+000	0.000000e+000	0.000000e+000	0.000000e+000	0.000000e+000	0.000000e+000	0.000000e+000	-2.530171e-098	-2.656984e+303	0.000000e+000	1.634799e-173	1.204990e-305	0.000000e+000	2.121996e-314	-7.845908e+298	7.834520e-001	6.214524e-001	-2.530171e-098	-2.656984e+303	0.000000e+000	1.634828e-173	1.205321e-305	
0.000000e+000	0.000000e+000	0.000000e+000	0.000000e+000	0.000000e+000	0.000000e+000	0.000000e+000	0.000000e+000	0.000000e+000	0.000000e+000	0.000000e+000	0.000000e+000	0.000000e+000	0.000000e+000	0.000000e+000	-2.530171e-098	-2.656984e+303	0.000000e+000	1.634799e-173	1.205608e-305	0.000000e+000	2.121996e-314	-7.845908e+298	8.033582e-001	5.954962e-001	-2.530171e-098	-2.656984e+303	0.000000e+000	1.634828e-173	1.205938e-305	
0.000000e+000	0.000000e+000	0.000000e+000	0.000000e+000	0.000000e+000	0.000000e+000	0.000000e+000	0.000000e+000	0.000000e+000	0.000000e+000	0.000000e+000	0.000000e+000	0.000000e+000	0.000000e+000	0.000000e+000	-2.530171e-098	-2.656984e+303	0.000000e+000	1.634799e-173	1.206225e-305	0.000000e+000	2.121996e-314	-7.845908e+298	6.086086e-001	7.934706e-001	-2.530171e-098	-2.656984e+303	0.000000e+000	1.634828e-173	1.206555e-305	
0.000000e+000	0.000000e+000	0.000000e+000	0.000000e+000	0.000000e+000	0.000000e+000	0.000000e+000	0.000000e+000	0.000000e+000	0.000000e+000	0.000000e+000	0.000000e+000	0.000000e+000	0.000000e+000	0.000000e+000	-2.530171e-098	-2.656984e+303	0.000000e+000	1.634799e-173	1.206842e-305	0.000000e+000	2.121996e-314	-7.845908e+298	6.544651e-001	7.560922e-001	-2.530171e-098	-2.656984e+303	0.000000e+000	1.634828e-173	1.207172e-305	
0.000000e+000	0.000000e+000	0.000000e+000	0.000000e+000	0.000000e+000	0.000000e+000	0.000000e+000	0.000000e+000	0.000000e+000	0.000000e+000	0.000000e+000	0.000000e+000	0.000000e+000	0.000000e+000	0.000000e+000	-2.530171e-098	-2.656984e+303	0.000000e+000	1.634799e-173	1.207459e-305	0.000000e+000	2.121996e-314	-7.845908e+298	9.336114e-001	3.582873e-001	-2.530171e-098	-2.656984e+303	0.000000e+000	1.634828e-173	1.207789e-305	
0.000000e+000	0.000000e+000	0.000000e+000	0.000000e+000	0.000000e+000	0.000000e+000	0.000000e+000	0.000000e+000	0.000000e+000	0.000000e+000	0.000000e+000	0.000000e+000	0.000000e+000	0.000000e+000	0.000000e+000	-2.530171e-098	-2.656984e+303	0.000000e+000	1.634799e-173	1.208076e-305	0.000000e+000	2.121996e-314	-7.845908e+298	8.744476e-001	4.851199e-001	-2.530171e-098	-2.656984e+303	0.000000e+000	1.634828e-173	1.208406e-305	
0.000000e+000	0.000000e+000	0.000000e+000	0.000000e+000	0.000000e+000	0.000000e+000	0.000000e+000	0.000000e+000	0.000000e+000	0.000000e+000	0.000000e+000	0.000000e+000	0.000000e+000	0.000000e+000	0.000000e+000	-2.530171e-098	-2.656984e+303	0.000000e+000	1.634799e-173	1.208693e-305	0.000000e+000	2.121996e-314	-7.845908e+298	2.006521e-001	9.796626e-001	-2.530171e-098	-2.656984e+303	0.000000e+000	1.634828e-173	1.209023e-305	
0.000000e+000	0.000000e+000	0.000000e+000	0.000000e+000	0.000000e+000	0.000000e+000	0.000000e+000	0.000000e+000	0.000000e+000	0.000000e+000	0.000000e+000	0.000000e+000	0.000000e+000	0.000000e+000	0.000000e+000	-2.530171e-098	-2.656984e+303	0.000000e+000	1.634799e-173	1.209310e-305	0.000000e+000	2.121996e-314	-7.845908e+298	7.586785e-001	6.514653e-001	-2.530171e-098	-2.656984e+303	0.000000e+000	1.634828e-173	1.209641e-305	
0.000000e+000	0.000000e+000	0.000000e+000	0.000000e+000	0.000000e+000	0.000000e+000	0.000000e+000	0.000000e+000	0.000000e+000	0.000000e+000	0.000000e+000	0.000000e+000	0.000000e+000	0.000000e+000	0.000000e+000	-2.530171e-098	-2.656984e+303	0.000000e+000	1.634799e-173	1.209927e-305	0.000000e+000	2.121996e-314	-7.845908e+298	4.229855e-002	9.991050e-001	-2.530171e-098	-2.656984e+303	0.000000e+000	1.634828e-173	5.772357e-290	
0.000000e+000	0.000000e+000	0.000000e+000	0.000000e+000	0.000000e+000	0.000000e+000	0.000000e+000	0.000000e+000	0.000000e+000	0.000000e+000	0.000000e+000	0.000000e+000	0.000000e+000	0.000000e+000	0.000000e+000	-2.530171e-098	-2.656984e+303	0.000000e+000	8.679391e-174	5.774745e-290	0.000000e+000	2.121996e-314	-7.845908e+298	5.653368e-001	0.000000e+000	0.000000e+000	0.000000e+000	0.000000e+000	0.000000e+000	0.000000e+000	
0.000000e+000	0.000000e+000	0.000000e+000	0.000000e+000	0.000000e+000	0.000000e+000	0.000000e+000	0.000000e+000	0.000000e+000	0.000000e+000	0.000000e+000	0.000000e+000	0.000000e+000	0.000000e+000	0.000000e+000	-2.530171e-098	-2.656984e+303	0.000000e+000	8.679392e-174	5.776037e-290	0.000000e+000	2.121996e-314	-7.845908e+298	6.123234e-017	1.000000e+000	-2.530171e-098	-2.656984e+303	0.000000e+000	8.679537e-174	5.777524e-290	
0.000000e+000	0.000000e+000	0.000000e+000	0.000000e+000	0.000000e+000	0.000000e+000	0.000000e+000	0.000000e+000	0.000000e+000	0.000000e+000	0.000000e+000	0.000000e+000	0.000000e+000	0.000000e+000	0.000000e+000	-2.530171e-098	-2.656984e+303	0.000000e+000	8.679392e-174	5.778816e-290	0.000000e+000	2.121996e-314	-7.845908e+298	8.888267e-001	4.582434e-001	-2.530171e-098	-2.656984e+303	0.000000e+000	8.679537e-174	5.780303e-290	
0.000000e+000	0.000000e+000	0.000000e+000	0.000000e+000	0.000000e+000	0.000000e+000	0.000000e+000	0.000000e+000	0.000000e+000	0.000000e+000	0.000000e+000	0.000000e+000	0.000000e+000	0.000000e+000	0.000000e+000	-2.530171e-098	-2.656984e+303	0.000000e+000	8.679392e-174	5.781595e-290	0.000000e+000	2.121996e-314	-7.845908e+298	9.834169e-001	1.813593e-001	-2.530171e-098	-2.656984e+303	0.000000e+000	8.679537e-174	5.783083e-290	
0.000000e+000	0.000000e+000	0.000000e+000	0.000000e+000	0.000000e+000	0.000000e+000	0.000000e+000	0.000000e+000	0.000000e+000	0.000000e+000	0.000000e+000	0.000000e+000	0.000000e+000	0.000000e+000	0.000000e+000	-2.530171e-098	-2.656984e+303	0.000000e+000	8.679392e-174	5.784374e-290	0.000000e+000	2.121996e-314	-7.845908e+298	9.151952e-001	4.030109e-001	-2.530171e-098	-2.656984e+303	0.000000e+000	8.679537e-174	5.785862e-290	
0.000000e+000	0.000000e+000	0.000000e+000	0.000000e+000	0.000000e+000	0.000000e+000	0.000000e+000	0.000000e+000	0.000000e+000	0.000000e+000	0.000000e+000	0.000000e+000	0.000000e+000	0.000000e+000	0.000000e+000	-2.530171e-098	-2.656984e+303	0.000000e+000	8.679392e-174	5.787154e-290	0.000000e+000	2.121996e-314	-7.845908e+298	7.356755e-001	6.773342e-001	-2.530171e-098	-2.656984e+303	0.000000e+000	8.679537e-174	5.788641e-290	
0.000000e+000	0.000000e+000	0.000000e+000	0.000000e+000	0.000000e+000	0.000000e+000	0.000000e+000	0.000000e+000	0.000000e+000	0.000000e+000	0.000000e+000	0.000000e+000	0.000000e+000	0.000000e+000	0.000000e+000	-2.530171e-098	-2.656984e+303	0.000000e+000	8.679392e-174	5.789933e-290	0.000000e+000	2.121996e-314	-7.845908e+298	7.481715e-002	9.971973e-001	-2.530171e-098	-2.656984e+303	0.000000e+000	8.679537e-174	5.791420e-290	
0.000000e+000	0.000000e+000	0.000000e+000	0.000000e+000	0.000000e+000	0.000000e+000	0.000000e+000	0.000000e+000	0.000000e+000	0.000000e+000	0.000000e+000	0.000000e+000	0.000000e+000	0.000000e+000	0.000000e+000	-2.530171e-098	-2.656984e+303	0.000000e+000	8.679392e-174	5.792712e-290	0.000000e+000	2.121996e-314	-7.845908e+298	5.188006e-001	8.548953e-001	-2.530171e-098	-2.656984e+303	0.000000e+000	8.679537e-174	5.794200e-290	
0.000000e+000	0.000000e+000	0.000000e+000	0.000000e+000	0.000000e+000	0.000000e+000	0.000000e+000	0.000000e+000	0.000000e+000	0.000000e+000	0.000000e+000	0.000000e+000	0.000000e+000	0.000000e+000	0.000000e+000	-2.530171e-098	-2.656984e+303	0.000000e+000	8.679392e-174	5.795491e-290	0.000000e+000	2.121996e-314	-7.845908e+298	9.045019e-001	4.264695e-001	-2.530171e-098	-2.656984e+303	0.000000e+000	8.679537e-174	5.796979e-290	
0.000000e+000	0.000000e+000	0.000000e+000	0.000000e+000	0.000000e+000	0.000000e+000	0.000000e+000	0.000000e+000	0.000000e+000	0.000000e+000	0.000000e+000	0.000000e+000	0.000000e+000	0.000000e+000	0.000000e+000	-2.530171e-098	-2.656984e+303	0.000000e+000	8.679392e-174	5.798271e-290	0.000000e+000	2.121996e-314	-7.845908e+298	8.255987e-001	5.642578e-001	-2.530171e-098	-2.656984e+303	0.000000e+000	8.679537e-174	5.799758e-290	
0.000000e+000	0.000000e+000	0.000000e+000	0.000000e+000	0.000000e+000	0.000000e+000	0.000000e+000	0.000000e+000	0.000000e+000	0.000000e+000	0.000000e+000	0.000000e+000	0.000000e+000	0.000000e+000	0.000000e+000	-2.530171e-098	-2.656984e+303	0.000000e+000	8.679392e-174	5.801050e-290	0.000000e+000	2.121996e-314	-7.845908e+298	9.958591e-001	9.091025e-002	-2.530171e-098	-2.656984e+303	0.000000e+000	8.679537e-174	5.802537e-290	
0.000000e+000	0.000000e+000	0.000000e+000	0.000000e+000	0.000000e+000	0.000000e+000	0.000000e+000	0.000000e+000	0.000000e+000	0.000000e+000	0.000000e+000	0.000000e+000	0.000000e+000	0.000000e+000	0.000000e+000	-2.530171e-098	-2.656984e+303	0.000000e+000	8.679392e-174	5.803829e-290	0.000000e+000	2.121996e-314	-7.845908e+298	2.435027e-001	9.699002e-001	-2.530171e-098	-2.656984e+303	0.000000e+000	8.679537e-174	5.805316e-290	
0.000000e+000	0.000000e+000	0.000000e+000	0.000000e+000	0.000000e+000	0.000000e+000	0.000000e+000	0.000000e+000	0.000000e+000	0.000000e+000	0.000000e+000	0.000000e+000	0.000000e+000	0.000000e+000	0.000000e+000	-2.530171e-098	-2.656984e+303	0.000000e+000	8.679392e-174	5.806608e-290	0.000000e+000	2.121996e-314	-7.845908e+298	5.803323e-001	8.143798e-001	-2.530171e-098	-2.656984e+303	0.000000e+000	8.679537e-174	5.808096e-290	
0.000000e+000	0.000000e+000	0.000000e+000	0.000000e+000	0.000000e+000	0.000000e+000	0.000000e+000	0.000000e+000	0.000000e+000	0.000000e+000	0.000000e+000	0.000000e+000	0.000000e+000	0.000000e+000	0.000000e+000	-2.530171e-098	-2.656984e+303	0.000000e+000	8.679392e-174	5.809387e-290	0.000000e+000	2.121996e-314	-7.845908e+298	8.475663e-001	5.306895e-001	-2.530171e-098	-2.656984e+303	0.000000e+000	8.679537e-174	5.810875e-290	
0.000000e+000	0.000000e+000	0.000000e+000	0.000000e+000	0.000000e+000	0.000000e+000	0.000000e+000	0.000000e+000	0.000000e+000	0.000000e+000	0.000000e+000	0.000000e+000	0.000000e+000	0.000000e+000	0.000000e+000	-2.530171e-098	-2.656984e+303	0.000000e+000	8.679392e-174	5.812167e-290	0.000000e+000	2.121996e-314	-7.845908e+298	4.451499e-001	8.954560e-001	-2.530171e-098	-2.656984e+303	0.000000e+000	8.679537e-174	5.813654e-290	
0.000000e+000	0.000000e+000	0.000000e+000	0.000000e+000	0.000000e+000	0.000000e+000	0.000000e+000	0.000000e+000	0.000000e+000	0.000000e+000	0.000000e+000	0.000000e+000	0.000000e+000	0.000000e+000	0.000000e+000	-2.530171e-098	-2.656984e+303	0.000000e+000	8.679392e-174	5.814946e-290	0.000000e+000	2.121996e-314	-7.845908e+298	1.658108e-001	9.861576e-001	-2.530171e-098	-2.656984e+303	0.000000e+000	8.679537e-174	5.816433e-290	
0.000000e+000	0.000000e+000	0.000000e+000	0.000000e+000	0.000000e+000	0.000000e+000	0.000000e+000	0.000000e+000	0.000000e+000	0.000000e+000	0.000000e+000	0.000000e+000	0.000000e+000	0.000000e+000	0.000000e+000	-2.530171e-098	-2.656984e+303	0.000000e+000	8.679392e-174	5.817725e-290	0.000000e+000	2.121996e-314	-7.845908e+298	3.480757e-001	9.374664e-001	-2.530171e-098	-2.656984e+303	0.000000e+000	8.679537e-174	5.819213e-290	
0.000000e+000	0.000000e+000	0.000000e+000	0.000000e+000	0.000000e+000	0.000000e+000	0.000000e+000	0.000000e+000	0.000000e+000	0.000000e+000	0.000000e+000	0.000000e+000	0.000000e+000	0.000000e+000	0.000000e+000	-2.530171e-098	-2.656984e+303	0.000000e+000	8.679392e-174	5.820504e-290	0.000000e+000	2.121996e-314	-7.845908e+298	9.989282e-001	4.628658e-002	-2.530171e-098	-2.656984e+303	0.000000e+000	8.679537e-174	5.821992e-290	
0.000000e+000	0.000000e+000	0.000000e+000	0.000000e+000	0.000000e+000	0.000000e+000	0.000000e+000	0.000000e+000	0.000000e+000	0.000000e+000	0.000000e+000	0.000000e+000	0.000000e+000	0.000000e+000	0.000000e+000	-2.530171e-098	-2.656984e+303	0.000000e+000	8.679392e-174	5.823283e-290	0.000000e+000	2.121996e-314	-7.845908e+298	1.000000e+000	0.000000e+000	-2.530171e-098	-2.656984e+303	0.000000e+000	8.679537e-174	5.824771e-290	
0.000000e+000	0.000000e+000	0.000000e+000	0.000000e+000	0.000000e+000	0.000000e+000	0.000000e+000	0.000000e+000	0.000000e+000	0.000000e+000	0.000000e+000	0.000000e+000	0.000000e+000	0.000000e+000	0.000000e+000	-2.530171e-098	-2.656984e+303	0.000000e+000	8.679392e-174	5.826063e-290	0.000000e+000	2.121996e-314	-7.845908e+298	4.850036e-001	8.745122e-001	-2.530171e-098	-2.656984e+303	0.000000e+000	8.679537e-174	5.827550e-290	
0.000000e+000	0.000000e+000	0.000000e+000	0.000000e+000	0.000000e+000	0.000000e+000	0.000000e+000	0.000000e+000	0.000000e+000	0.000000e+000	0.000000e+000	0.000000e+000	0.000000e+000	0.000000e+000	0.000000e+000	-2.530171e-098	-2.656984e+303	0.000000e+000	8.679392e-174	5.828842e-290	0.000000e+000	2.121996e-314	-7.845908e+298	9.758380e-001	2.184952e-001	-2.530171e-098	-2.656984e+303	0.000000e+000	8.679537e-174	5.830329e-290	
0.000000e+000	0.000000e+000	0.000000e+000	0.000000e+000	0.000000e+000	0.000000e+000	0.000000e+000	0.000000e+000	0.000000e+000	0.000000e+000	0.000000e+000	0.000000e+000	0.000000e+000	0.000000e+000	0.000000e+000	-2.530171e-098	-2.656984e+303	0.000000e+000	8.679392e-174	5.831621e-290	0.000000e+000	2.121996e-314	-7.845908e+298	8.601990e-001	5.099585e-001	-2.530171e-098	-2.656984e+303	0.000000e+000	8.679537e-174	5.833109e-290	
0.000000e+000	0.000000e+000	0.000000e+000	0.000000e+000	0.000000e+000	0.000000e+000	0.000000e+000	0.000000e+000	0.000000e+000	0.000000e+000	0.000000e+000	0.000000e+000	0.000000e+000	0.000000e+000	0.000000e+000	-2.530171e-098	-2.656984e+303	0.000000e+000	8.679392e-174	5.834400e-290	0.000000e+000	2.121996e-314	-7.845908e+298	9.450033e-001	3.270607e-001	-2.530171e-098	-2.656984e+303	0.000000e+000	8.679537e-174	5.835888e-290	
0.000000e+000	0.000000e+000	0.000000e+000	0.000000e+000	0.000000e+000	0.000000e+000	0.000000e+000	0.000000e+000	0.000000e+000	0.000000e+000	0.000000e+000	0.000000e+000	0.000000e+000	0.000000e+000	0.000000e+000	-2.530171e-098	-2.656984e+303	0.000000e+000	8.679392e-174	5.837180e-290	0.000000e+000	2.121996e-314	-7.845908e+298	2.754325e-001	9.613204e-001	-2.530171e-098	-2.656984e+303	0.000000e+000	8.679537e-174	5.838667e-290	
0.000000e+000	0.000000e+000	0.000000e+000	0.000000e+000	0.000000e+000	0.000000e+000	0.000000e+000	0.000000e+000	0.000000e+000	0.000000e+000	0.000000e+000	0.000000e+000	0.000000e+000	0.000000e+000	0.000000e+000	-2.530171e-098	-2.656984e+303	0.000000e+000	8.679392e-174	5.839959e-290	0.000000e+000	2.121996e-314	-7.845908e+298	5.498855e-001	8.352400e-001	-2.530171e-098	-2.656984e+303	0.000000e+000	8.679537e-174	5.841446e-290	
0.000000e+000	0.000000e+000	0.000000e+000	0.000000e+000	0.000000e+000	0.000000e+000	0.000000e+000	0.000000e+000	0.000000e+000	0.000000e+000	0.000000e+000	0.000000e+000	0.000000e+000	0.000000e+000	0.000000e+000	-2.530171e-098	-2.656984e+303	0.000000e+000	8.679392e-174	5.842738e-290	0.000000e+000	2.121996e-314	-7.845908e+298	1.242335e-001	9.922530e-001	-2.530171e-098	-2.656984e+303	0.000000e+000	8.679537e-174	5.844225e-290	
0.000000e+000	0.000000e+000	0.000000e+000	0.000000e+000	0.000000e+000	0.000000e+000	0.000000e+000	0.000000e+000	0.000000e+000	0.000000e+000	0.000000e+000	0.000000e+000	0.000000e+000	0.000000e+000	0.000000e+000	-2.530171e-098	-2.656984e+303	0.000000e+000	8.679392e-174	5.845517e-290	0.000000e+000	2.121996e-314	-7.845908e+298	9.909464e-001	1.342579e-001	-2.530171e-098	-2.656984e+303	0.000000e+000	8.679537e-174	5.847005e-290	
