0.000000e+000	0.000000e+000	0.000000e+000	0.000000e+000	0.000000e+000	0.000000e+000	0.000000e+000	0.000000e+000	0.000000e+000	0.000000e+000	5.330951e-001	0.000000e+000	0.000000e+000	0.000000e+000	0.000000e+000	-2.530171e-098	-2.656984e+303	0.000000e+000	8.679392e-174	5.870530e-290	0.000000e+000	2.121996e-314	-7.845908e+298	6.694086e-001	7.428944e-001	-2.530171e-098	-2.656984e+303	0.000000e+000	8.679537e-174	5.872018e-290	
0.000000e+000	0.000000e+000	0.000000e+000	0.000000e+000	0.000000e+000	0.000000e+000	0.000000e+000	0.000000e+000	0.000000e+000	0.000000e+000	4.773596e-001	0.000000e+000	0.000000e+000	0.000000e+000	0.000000e+000	-2.530171e-098	-2.656984e+303	0.000000e+000	8.679392e-174	5.873309e-290	0.000000e+000	2.121996e-314	-7.845908e+298	7.318015e-001	6.815178e-001	-2.530171e-098	-2.656984e+303	0.000000e+000	8.679537e-174	5.874797e-290	
0.000000e+000	0.000000e+000	0.000000e+000	0.000000e+000	0.000000e+000	0.000000e+000	0.000000e+000	0.000000e+000	0.000000e+000	0.000000e+000	3.956307e-001	0.000000e+000	0.000000e+000	0.000000e+000	0.000000e+000	-2.530171e-098	-2.656984e+303	0.000000e+000	8.679392e-174	5.876089e-290	0.000000e+000	2.121996e-314	-7.845908e+298	8.130320e-001	5.822190e-001	-2.530171e-098	-2.656984e+303	0.000000e+000	8.679537e-174	5.877576e-290	
0.000000e+000	0.000000e+000	0.000000e+000	0.000000e+000	0.000000e+000	0.000000e+000	0.000000e+000	0.000000e+000	0.000000e+000	0.000000e+000	6.614058e-001	0.000000e+000	0.000000e+000	0.000000e+000	0.000000e+000	-2.530171e-098	-2.656984e+303	0.000000e+000	8.679392e-174	5.878868e-290	0.000000e+000	2.121996e-314	-7.845908e+298	5.071394e-001	8.618640e-001	-2.530171e-098	-2.656984e+303	0.000000e+000	8.679537e-174	5.880355e-290	
0.000000e+000	0.000000e+000	0.000000e+000	0.000000e+000	0.000000e+000	0.000000e+000	0.000000e+000	0.000000e+000	0.000000e+000	0.000000e+000	4.526900e-001	0.000000e+000	0.000000e+000	0.000000e+000	0.000000e+000	-2.530171e-098	-2.656984e+303	0.000000e+000	8.679392e-174	5.881647e-290	0.000000e+000	2.121996e-314	-7.845908e+298	7.576550e-001	6.526553e-001	-2.530171e-098	-2.656984e+303	0.000000e+000	8.679537e-174	5.883135e-290	
0.000000e+000	0.000000e+000	0.000000e+000	0.000000e+000	0.000000e+000	0.000000e+000	0.000000e+000	0.000000e+000	0.000000e+000	0.000000e+000	5.527319e-001	0.000000e+000	0.000000e+000	0.000000e+000	0.000000e+000	-2.530171e-098	-2.656984e+303	0.000000e+000	8.679392e-174	5.884426e-290	0.000000e+000	2.121996e-314	-7.845908e+298	6.461790e-001	7.631859e-001	-2.530171e-098	-2.656984e+303	0.000000e+000	8.679537e-174	5.885914e-290	
0.000000e+000	0.000000e+000	0.000000e+000	0.000000e+000	0.000000e+000	0.000000e+000	0.000000e+000	0.000000e+000	0.000000e+000	0.000000e+000	7.245995e-002	0.000000e+000	0.000000e+000	0.000000e+000	0.000000e+000	-2.530171e-098	-2.656984e+303	0.000000e+000	8.679392e-174	5.887205e-290	0.000000e+000	2.121996e-314	-7.845908e+298	9.935295e-001	1.135742e-001	-2.530171e-098	-2.656984e+303	0.000000e+000	8.679537e-174	5.888693e-290	
0.000000e+000	0.000000e+000	0.000000e+000	0.000000e+000	0.000000e+000	0.000000e+000	0.000000e+000	0.000000e+000	0.000000e+000	0.000000e+000	2.159693e-001	0.000000e+000	0.000000e+000	0.000000e+000	0.000000e+000	-2.530171e-098	-2.656984e+303	0.000000e+000	8.679392e-174	5.889985e-290	0.000000e+000	2.121996e-314	-7.845908e+298	9.430066e-001	3.327741e-001	-2.530171e-098	-2.656984e+303	0.000000e+000	8.679537e-174	5.891472e-290	
0.000000e+000	0.000000e+000	0.000000e+000	0.000000e+000	0.000000e+000	0.000000e+000	0.000000e+000	0.000000e+000	0.000000e+000	0.000000e+000	3.756327e-001	0.000000e+000	0.000000e+000	0.000000e+000	0.000000e+000	-2.530171e-098	-2.656984e+303	0.000000e+000	8.679392e-174	5.892764e-290	0.000000e+000	2.121996e-314	-7.845908e+298	8.309171e-001	5.563962e-001	-2.530171e-098	-2.656984e+303	0.000000e+000	8.679537e-174	5.894251e-290	
0.000000e+000	0.000000e+000	0.000000e+000	0.000000e+000	0.000000e+000	0.000000e+000	0.000000e+000	0.000000e+000	0.000000e+000	0.000000e+000	9.135008e-001	0.000000e+000	0.000000e+000	0.000000e+000	0.000000e+000	-2.530171e-098	-2.656984e+303	0.000000e+000	8.679392e-174	5.895543e-290	0.000000e+000	2.121996e-314	-7.845908e+298	1.354549e-001	9.907835e-001	-2.530171e-098	-2.656984e+303	0.000000e+000	8.679537e-174	5.897031e-290	
0.000000e+000	0.000000e+000	0.000000e+000	0.000000e+000	0.000000e+000	0.000000e+000	0.000000e+000	0.000000e+000	0.000000e+000	0.000000e+000	3.477741e-001	0.000000e+000	0.000000e+000	0.000000e+000	0.000000e+000	-2.530171e-098	-2.656984e+303	0.000000e+000	8.679392e-174	5.898322e-290	0.000000e+000	2.121996e-314	-7.845908e+298	8.544618e-001	5.195141e-001	-2.530171e-098	-2.656984e+303	0.000000e+000	8.679537e-174	5.899810e-290	
0.000000e+000	0.000000e+000	0.000000e+000	0.000000e+000	0.000000e+000	0.000000e+000	0.000000e+000	0.000000e+000	0.000000e+000	0.000000e+000	6.421687e-001	0.000000e+000	0.000000e+000	0.000000e+000	0.000000e+000	-2.530171e-098	-2.656984e+303	0.000000e+000	8.679392e-174	5.901102e-290	0.000000e+000	2.121996e-314	-7.845908e+298	5.329475e-001	8.461483e-001	-2.530171e-098	-2.656984e+303	0.000000e+000	8.679537e-174	5.902589e-290	
0.000000e+000	0.000000e+000	0.000000e+000	0.000000e+000	0.000000e+000	0.000000e+000	0.000000e+000	0.000000e+000	0.000000e+000	0.000000e+000	9.687397e-002	0.000000e+000	0.000000e+000	0.000000e+000	0.000000e+000	-2.530171e-098	-2.656984e+303	0.000000e+000	8.679392e-174	5.903881e-290	0.000000e+000	2.121996e-314	-7.845908e+298	9.884446e-001	1.515827e-001	-2.530171e-098	-2.656984e+303	0.000000e+000	8.679537e-174	5.905368e-290	
0.000000e+000	0.000000e+000	0.000000e+000	0.000000e+000	0.000000e+000	0.000000e+000	0.000000e+000	0.000000e+000	0.000000e+000	0.000000e+000	5.176556e-002	0.000000e+000	0.000000e+000	0.000000e+000	0.000000e+000	-2.530171e-098	-2.656984e+303	0.000000e+000	8.679392e-174	5.906660e-290	0.000000e+000	2.121996e-314	-7.845908e+298	9.966959e-001	8.122357e-002	-2.530171e-098	-2.656984e+303	0.000000e+000	8.679537e-174	5.908147e-290	
0.000000e+000	0.000000e+000	0.000000e+000	0.000000e+000	0.000000e+000	0.000000e+000	0.000000e+000	0.000000e+000	0.000000e+000	0.000000e+000	5.014049e-001	0.000000e+000	0.000000e+000	0.000000e+000	0.000000e+000	-2.530171e-098	-2.656984e+303	0.000000e+000	8.679392e-174	5.909439e-290	0.000000e+000	2.121996e-314	-7.845908e+298	7.055446e-001	7.086655e-001	-2.530171e-098	-2.656984e+303	0.000000e+000	8.679537e-174	5.910927e-290	
0.000000e+000	0.000000e+000	0.000000e+000	0.000000e+000	0.000000e+000	0.000000e+000	0.000000e+000	0.000000e+000	0.000000e+000	0.000000e+000	8.697479e-001	0.000000e+000	0.000000e+000	0.000000e+000	0.000000e+000	-2.530171e-098	-2.656984e+303	0.000000e+000	8.679392e-174	5.912218e-290	0.000000e+000	2.121996e-314	-7.845908e+298	2.031750e-001	9.791424e-001	-2.530171e-098	-2.656984e+303	0.000000e+000	8.679537e-174	5.913706e-290	
0.000000e+000	0.000000e+000	0.000000e+000	0.000000e+000	0.000000e+000	0.000000e+000	0.000000e+000	0.000000e+000	0.000000e+000	0.000000e+000	4.404254e-001	0.000000e+000	0.000000e+000	0.000000e+000	0.000000e+000	-2.530171e-098	-2.656984e+303	0.000000e+000	8.679392e-174	5.914998e-290	0.000000e+000	2.121996e-314	-7.845908e+298	7.700871e-001	6.379387e-001	-2.530171e-098	-2.656984e+303	0.000000e+000	8.679537e-174	5.916485e-290	
0.000000e+000	0.000000e+000	0.000000e+000	0.000000e+000	0.000000e+000	0.000000e+000	0.000000e+000	0.000000e+000	0.000000e+000	0.000000e+000	8.417192e-001	0.000000e+000	0.000000e+000	0.000000e+000	0.000000e+000	-2.530171e-098	-2.656984e+303	0.000000e+000	8.679392e-174	5.917777e-290	0.000000e+000	2.121996e-314	-7.845908e+298	2.460732e-001	9.692512e-001	-2.530171e-098	-2.656984e+303	0.000000e+000	8.679537e-174	5.919264e-290	
0.000000e+000	0.000000e+000	0.000000e+000	0.000000e+000	0.000000e+000	0.000000e+000	0.000000e+000	0.000000e+000	0.000000e+000	0.000000e+000	2.553223e-001	0.000000e+000	0.000000e+000	0.000000e+000	0.000000e+000	-2.530171e-098	-2.656984e+303	0.000000e+000	8.679392e-174	5.920556e-290	0.000000e+000	2.121996e-314	-7.845908e+298	9.206480e-001	3.903938e-001	-2.530171e-098	-2.656984e+303	0.000000e+000	8.679537e-174	5.922044e-290	
0.000000e+000	0.000000e+000	0.000000e+000	0.000000e+000	0.000000e+000	0.000000e+000	0.000000e+000	0.000000e+000	0.000000e+000	0.000000e+000	2.366548e-001	0.000000e+000	0.000000e+000	0.000000e+000	0.000000e+000	-2.530171e-098	-2.656984e+303	0.000000e+000	8.679392e-174	5.923335e-290	0.000000e+000	2.121996e-314	-7.845908e+298	9.316980e-001	3.632338e-001	-2.530171e-098	-2.656984e+303	0.000000e+000	8.679537e-174	5.924823e-290	
0.000000e+000	0.000000e+000	0.000000e+000	0.000000e+000	0.000000e+000	0.000000e+000	0.000000e+000	0.000000e+000	0.000000e+000	0.000000e+000	8.160711e-001	0.000000e+000	0.000000e+000	0.000000e+000	0.000000e+000	-2.530171e-098	-2.656984e+303	0.000000e+000	8.679392e-174	5.926115e-290	0.000000e+000	2.121996e-314	-7.845908e+298	2.849122e-001	9.585536e-001	-2.530171e-098	-2.656984e+303	0.000000e+000	8.679537e-174	5.927602e-290	
0.000000e+000	0.000000e+000	0.000000e+000	0.000000e+000	0.000000e+000	0.000000e+000	0.000000e+000	0.000000e+000	0.000000e+000	0.000000e+000	1.279595e-001	0.000000e+000	0.000000e+000	0.000000e+000	0.000000e+000	-2.530171e-098	-2.656984e+303	0.000000e+000	8.679392e-174	5.928894e-290	0.000000e+000	2.121996e-314	-7.845908e+298	9.798678e-001	1.996476e-001	-2.530171e-098	-2.656984e+303	0.000000e+000	8.679537e-174	5.930381e-290	
0.000000e+000	0.000000e+000	0.000000e+000	0.000000e+000	0.000000e+000	0.000000e+000	0.000000e+000	0.000000e+000	0.000000e+000	0.000000e+000	0.000000e+000	0.000000e+000	0.000000e+000	0.000000e+000	0.000000e+000	-2.530171e-098	-2.656984e+303	0.000000e+000	8.679392e-174	5.931673e-290	0.000000e+000	2.121996e-314	-7.845908e+298	1.000000e+000	0.000000e+000	-2.530171e-098	-2.656984e+303	0.000000e+000	8.679537e-174	5.933160e-290	
0.000000e+000	0.000000e+000	0.000000e+000	0.000000e+000	0.000000e+000	0.000000e+000	0.000000e+000	0.000000e+000	0.000000e+000	0.000000e+000	4.098059e-001	0.000000e+000	0.000000e+000	0.000000e+000	0.000000e+000	-2.530171e-098	-2.656984e+303	0.000000e+000	8.679392e-174	5.934452e-290	0.000000e+000	2.121996e-314	-7.845908e+298	7.998677e-001	6.001764e-001	-2.530171e-098	-2.656984e+303	0.000000e+000	8.679537e-174	5.935940e-290	
0.000000e+000	0.000000e+000	0.000000e+000	0.000000e+000	0.000000e+000	0.000000e+000	0.000000e+000	0.000000e+000	0.000000e+000	0.000000e+000	7.088108e-001	0.000000e+000	0.000000e+000	0.000000e+000	0.000000e+000	-2.530171e-098	-2.656984e+303	0.000000e+000	8.679392e-174	5.937231e-290	0.000000e+000	2.121996e-314	-7.845908e+298	4.416159e-001	8.972042e-001	-2.530171e-098	-2.656984e+303	0.000000e+000	8.679537e-174	5.938719e-290	
0.000000e+000	0.000000e+000	0.000000e+000	0.000000e+000	0.000000e+000	0.000000e+000	0.000000e+000	0.000000e+000	0.000000e+000	0.000000e+000	8.885223e-001	0.000000e+000	0.000000e+000	0.000000e+000	0.000000e+000	-2.530171e-098	-2.656984e+303	0.000000e+000	8.679392e-174	5.940011e-290	0.000000e+000	2.121996e-314	-7.845908e+298	1.742153e-001	9.847076e-001	-2.530171e-098	-2.656984e+303	0.000000e+000	8.679537e-174	5.941498e-290	
0.000000e+000	0.000000e+000	0.000000e+000	0.000000e+000	0.000000e+000	0.000000e+000	0.000000e+000	0.000000e+000	0.000000e+000	0.000000e+000	3.035378e-001	0.000000e+000	0.000000e+000	0.000000e+000	0.000000e+000	-2.530171e-098	-2.656984e+303	0.000000e+000	8.679392e-174	5.942790e-290	0.000000e+000	2.121996e-314	-7.845908e+298	8.884699e-001	4.589349e-001	-2.530171e-098	-2.656984e+303	0.000000e+000	8.679537e-174	5.944277e-290	
0.000000e+000	0.000000e+000	0.000000e+000	0.000000e+000	0.000000e+000	0.000000e+000	0.000000e+000	0.000000e+000	0.000000e+000	0.000000e+000	1.884343e-001	0.000000e+000	0.000000e+000	0.000000e+000	0.000000e+000	-2.530171e-098	-2.656984e+303	0.000000e+000	8.679392e-174	5.945569e-290	0.000000e+000	2.121996e-314	-7.845908e+298	9.565133e-001	2.916888e-001	-2.530171e-098	-2.656984e+303	0.000000e+000	8.679537e-174	5.947057e-290	
0.000000e+000	0.000000e+000	0.000000e+000	0.000000e+000	0.000000e+000	0.000000e+000	0.000000e+000	0.000000e+000	0.000000e+000	0.000000e+000	3.291924e-001	0.000000e+000	0.000000e+000	0.000000e+000	0.000000e+000	-2.530171e-098	-2.656984e+303	0.000000e+000	8.679392e-174	5.948348e-290	0.000000e+000	2.121996e-314	-7.845908e+298	8.692593e-001	4.943564e-001	-2.530171e-098	-2.656984e+303	0.000000e+000	8.679537e-174	5.949836e-290	
0.000000e+000	0.000000e+000	0.000000e+000	0.000000e+000	0.000000e+000	0.000000e+000	0.000000e+000	0.000000e+000	0.000000e+000	0.000000e+000	7.869800e-001	0.000000e+000	0.000000e+000	0.000000e+000	0.000000e+000	-2.530171e-098	-2.656984e+303	0.000000e+000	8.679392e-174	5.951127e-290	0.000000e+000	2.121996e-314	-7.845908e+298	3.284018e-001	9.445381e-001	-2.530171e-098	-2.656984e+303	0.000000e+000	8.679537e-174	5.952615e-290	
0.000000e+000	0.000000e+000	0.000000e+000	0.000000e+000	0.000000e+000	0.000000e+000	0.000000e+000	0.000000e+000	0.000000e+000	0.000000e+000	6.265476e-001	0.000000e+000	0.000000e+000	0.000000e+000	0.000000e+000	-2.530171e-098	-2.656984e+303	0.000000e+000	8.679392e-174	5.953907e-290	0.000000e+000	2.121996e-314	-7.845908e+298	5.535473e-001	8.328178e-001	-2.530171e-098	-2.656984e+303	0.000000e+000	8.679537e-174	5.955394e-290	
0.000000e+000	0.000000e+000	0.000000e+000	0.000000e+000	0.000000e+000	0.000000e+000	0.000000e+000	0.000000e+000	0.000000e+000	0.000000e+000	2.807662e-002	0.000000e+000	0.000000e+000	0.000000e+000	0.000000e+000	-2.530171e-098	-2.656984e+303	0.000000e+000	8.679392e-174	5.956686e-290	0.000000e+000	2.121996e-314	-7.845908e+298	9.990276e-001	4.408836e-002	-2.530171e-098	-2.656984e+303	0.000000e+000	8.679537e-174	5.958173e-290	
0.000000e+000	0.000000e+000	0.000000e+000	0.000000e+000	0.000000e+000	0.000000e+000	0.000000e+000	0.000000e+000	0.000000e+000	0.000000e+000	7.612629e-001	0.000000e+000	0.000000e+000	0.000000e+000	0.000000e+000	-2.530171e-098	-2.656984e+303	0.000000e+000	8.679392e-174	5.959465e-290	0.000000e+000	2.121996e-314	-7.845908e+298	3.662794e-001	9.305049e-001	-2.530171e-098	-2.656984e+303	0.000000e+000	8.679537e-174	5.960953e-290	
0.000000e+000	0.000000e+000	0.000000e+000	0.000000e+000	0.000000e+000	0.000000e+000	0.000000e+000	0.000000e+000	0.000000e+000	0.000000e+000	6.877604e-001	0.000000e+000	0.000000e+000	0.000000e+000	0.000000e+000	-2.530171e-098	-2.656984e+303	0.000000e+000	8.679392e-174	5.962244e-290	0.000000e+000	2.121996e-314	-7.845908e+298	4.710360e-001	8.821140e-001	-2.530171e-098	-2.656984e+303	0.000000e+000	8.679537e-174	5.963732e-290	
0.000000e+000	0.000000e+000	0.000000e+000	0.000000e+000	0.000000e+000	0.000000e+000	0.000000e+000	0.000000e+000	0.000000e+000	0.000000e+000	5.980617e-001	0.000000e+000	0.000000e+000	0.000000e+000	0.000000e+000	-2.530171e-098	-2.656984e+303	0.000000e+000	8.679392e-174	5.965024e-290	0.000000e+000	2.121996e-314	-7.845908e+298	5.902457e-001	8.072237e-001	-2.530171e-098	-2.656984e+303	0.000000e+000	8.679537e-174	5.966511e-290	
0.000000e+000	0.000000e+000	0.000000e+000	0.000000e+000	0.000000e+000	0.000000e+000	0.000000e+000	0.000000e+000	0.000000e+000	0.000000e+000	5.713926e-001	0.000000e+000	0.000000e+000	0.000000e+000	0.000000e+000	-2.530171e-098	-2.656984e+303	0.000000e+000	8.679392e-174	5.967803e-290	0.000000e+000	2.121996e-314	-7.845908e+298	6.235340e-001	7.817963e-001	-2.530171e-098	-2.656984e+303	0.000000e+000	8.679537e-174	5.969290e-290	
0.000000e+000	0.000000e+000	0.000000e+000	0.000000e+000	0.000000e+000	0.000000e+000	0.000000e+000	0.000000e+000	0.000000e+000	0.000000e+000	1.000000e+000	0.000000e+000	0.000000e+000	0.000000e+000	0.000000e+000	-2.530171e-098	-2.656984e+303	0.000000e+000	8.679392e-174	5.970582e-290	0.000000e+000	2.121996e-314	-7.845908e+298	6.123234e-017	1.000000e+000	-2.530171e-098	-2.656984e+303	0.000000e+000	8.679537e-174	5.972069e-290	
0.000000e+000	0.000000e+000	0.000000e+000	0.000000e+000	0.000000e+000	0.000000e+000	0.000000e+000	0.000000e+000	0.000000e+000	0.000000e+000	9.654322e-001	0.000000e+000	0.000000e+000	0.000000e+000	0.000000e+000	-2.530171e-098	-2.656984e+303	0.000000e+000	8.679392e-174	5.973361e-290	0.000000e+000	2.121996e-314	-7.845908e+298	5.427236e-002	9.985262e-001	-2.530171e-098	-2.656984e+303	0.000000e+000	8.679537e-174	5.974849e-290	
0.000000e+000	0.000000e+000	0.000000e+000	0.000000e+000	0.000000e+000	0.000000e+000	0.000000e+000	0.000000e+000	0.000000e+000	0.000000e+000	1.631372e-001	0.000000e+000	0.000000e+000	0.000000e+000	0.000000e+000	-2.530171e-098	-2.656984e+303	0.000000e+000	8.679392e-174	5.976140e-290	0.000000e+000	2.121996e-314	-7.845908e+298	9.673459e-001	2.534599e-001	-2.530171e-098	-2.656984e+303	0.000000e+000	8.679537e-174	5.977628e-290	
0.000000e+000	0.000000e+000	0.000000e+000	0.000000e+000	0.000000e+000	0.000000e+000	0.000000e+000	0.000000e+000	0.000000e+000	0.000000e+000	7.359819e-001	0.000000e+000	0.000000e+000	0.000000e+000	0.000000e+000	-2.530171e-098	-2.656984e+303	0.000000e+000	8.679392e-174	5.978920e-290	0.000000e+000	2.121996e-314	-7.845908e+298	4.029324e-001	9.152297e-001	-2.530171e-098	-2.656984e+303	0.000000e+000	8.679537e-174	5.980407e-290	
0.000000e+000	0.000000e+000	0.000000e+000	0.000000e+000	0.000000e+000	0.000000e+000	0.000000e+000	0.000000e+000	0.000000e+000	0.000000e+000	0.000000e+000	0.000000e+000	0.000000e+000	0.000000e+000	0.000000e+000	-2.530171e-098	-2.656984e+303	0.000000e+000	8.679392e-174	5.981699e-290	0.000000e+000	2.121996e-314	-7.845908e+298	5.651971e-001	8.249559e-001	-2.530171e-098	-2.656984e+303	0.000000e+000	8.679537e-174	5.983186e-290	
0.000000e+000	0.000000e+000	0.000000e+000	0.000000e+000	0.000000e+000	0.000000e+000	0.000000e+000	0.000000e+000	0.000000e+000	0.000000e+000	0.000000e+000	0.000000e+000	0.000000e+000	0.000000e+000	0.000000e+000	-2.530171e-098	-2.656984e+303	0.000000e+000	8.679392e-174	5.984478e-290	0.000000e+000	2.121996e-314	-7.845908e+298	5.329475e-001	8.461483e-001	-2.530171e-098	-2.656984e+303	0.000000e+000	8.679537e-174	5.985966e-290	
0.000000e+000	0.000000e+000	0.000000e+000	0.000000e+000	0.000000e+000	0.000000e+000	0.000000e+000	0.000000e+000	0.000000e+000	0.000000e+000	0.000000e+000	0.000000e+000	0.000000e+000	0.000000e+000	0.000000e+000	-2.530171e-098	-2.656984e+303	0.000000e+000	8.679392e-174	5.987257e-290	0.000000e+000	2.121996e-314	-7.845908e+298	2.849122e-001	9.585536e-001	-2.530171e-098	-2.656984e+303	0.000000e+000	8.679537e-174	5.988745e-290	
0.000000e+000	0.000000e+000	0.000000e+000	0.000000e+000	0.000000e+000	0.000000e+000	0.000000e+000	0.000000e+000	0.000000e+000	0.000000e+000	0.000000e+000	0.000000e+000	0.000000e+000	0.000000e+000	0.000000e+000	-2.530171e-098	-2.656984e+303	0.000000e+000	8.679392e-174	5.990037e-290	0.000000e+000	2.121996e-314	-7.845908e+298	8.544618e-001	5.195141e-001	-2.530171e-098	-2.656984e+303	0.000000e+000	8.679537e-174	5.991524e-290	
0.000000e+000	0.000000e+000	0.000000e+000	0.000000e+000	0.000000e+000	0.000000e+000	0.000000e+000	0.000000e+000	0.000000e+000	0.000000e+000	0.000000e+000	0.000000e+000	0.000000e+000	0.000000e+000	0.000000e+000	-2.530171e-098	-2.656984e+303	0.000000e+000	8.679392e-174	5.992816e-290	0.000000e+000	2.121996e-314	-7.845908e+298	6.123234e-017	1.000000e+000	-2.530171e-098	-2.656984e+303	0.000000e+000	8.679537e-174	5.994303e-290	
0.000000e+000	0.000000e+000	0.000000e+000	0.000000e+000	0.000000e+000	0.000000e+000	0.000000e+000	0.000000e+000	0.000000e+000	0.000000e+000	0.000000e+000	0.000000e+000	0.000000e+000	0.000000e+000	0.000000e+000	-2.530171e-098	-2.656984e+303	0.000000e+000	8.679392e-174	5.995595e-290	0.000000e+000	2.121996e-314	-7.845908e+298	5.945324e-001	8.040717e-001	-2.530171e-098	-2.656984e+303	0.000000e+000	8.679537e-174	5.997082e-290	
0.000000e+000	0.000000e+000	0.000000e+000	0.000000e+000	0.000000e+000	0.000000e+000	0.000000e+000	0.000000e+000	0.000000e+000	0.000000e+000	0.000000e+000	0.000000e+000	0.000000e+000	0.000000e+000	0.000000e+000	-2.530171e-098	-2.656984e+303	0.000000e+000	8.679392e-174	5.998374e-290	0.000000e+000	2.121996e-314	-7.845908e+298	6.950315e-001	7.189793e-001	-2.530171e-098	-2.656984e+303	0.000000e+000	8.679537e-174	5.999862e-290	
0.000000e+000	0.000000e+000	0.000000e+000	0.000000e+000	0.000000e+000	0.000000e+000	0.000000e+000	0.000000e+000	0.000000e+000	0.000000e+000	0.000000e+000	0.000000e+000	0.000000e+000	0.000000e+000	0.000000e+000	-2.530171e-098	-2.656984e+303	0.000000e+000	8.679392e-174	6.001153e-290	0.000000e+000	2.121996e-314	-7.845908e+298	8.309171e-001	5.563962e-001	-2.530171e-098	-2.656984e+303	0.000000e+000	8.679537e-174	6.002641e-290	
0.000000e+000	0.000000e+000	0.000000e+000	0.000000e+000	0.000000e+000	0.000000e+000	0.000000e+000	0.000000e+000	0.000000e+000	0.000000e+000	0.000000e+000	0.000000e+000	0.000000e+000	0.000000e+000	0.000000e+000	-2.530171e-098	-2.656984e+303	0.000000e+000	8.679392e-174	6.003933e-290	0.000000e+000	2.121996e-314	-7.845908e+298	1.354549e-001	9.907835e-001	-2.530171e-098	-2.656984e+303	0.000000e+000	8.679537e-174	6.005420e-290	
0.000000e+000	0.000000e+000	0.000000e+000	0.000000e+000	0.000000e+000	0.000000e+000	0.000000e+000	0.000000e+000	0.000000e+000	0.000000e+000	0.000000e+000	0.000000e+000	0.000000e+000	0.000000e+000	0.000000e+000	-2.530171e-098	-2.656984e+303	0.000000e+000	8.679392e-174	6.006712e-290	0.000000e+000	2.121996e-314	-7.845908e+298	9.676627e-001	2.522477e-001	-2.530171e-098	-2.656984e+303	0.000000e+000	8.679537e-174	6.008199e-290	
0.000000e+000	0.000000e+000	0.000000e+000	0.000000e+000	0.000000e+000	0.000000e+000	0.000000e+000	0.000000e+000	0.000000e+000	0.000000e+000	0.000000e+000	0.000000e+000	0.000000e+000	0.000000e+000	0.000000e+000	-2.530171e-098	-2.656984e+303	0.000000e+000	8.679392e-174	6.009491e-290	0.000000e+000	2.121996e-314	-7.845908e+298	2.031750e-001	9.791424e-001	-2.530171e-098	-2.656984e+303	0.000000e+000	8.679537e-174	6.010979e-290	
0.000000e+000	0.000000e+000	0.000000e+000	0.000000e+000	0.000000e+000	0.000000e+000	0.000000e+000	0.000000e+000	0.000000e+000	0.000000e+000	0.000000e+000	0.000000e+000	0.000000e+000	0.000000e+000	0.000000e+000	-2.530171e-098	-2.656984e+303	0.000000e+000	8.679392e-174	6.012270e-290	0.000000e+000	2.121996e-314	-7.845908e+298	4.416159e-001	8.972042e-001	-2.530171e-098	-2.656984e+303	0.000000e+000	8.679537e-174	6.013758e-290	
0.000000e+000	0.000000e+000	0.000000e+000	0.000000e+000	0.000000e+000	0.000000e+000	0.000000e+000	0.000000e+000	0.000000e+000	0.000000e+000	0.000000e+000	0.000000e+000	0.000000e+000	0.000000e+000	0.000000e+000	-2.530171e-098	-2.656984e+303	0.000000e+000	8.679392e-174	6.015050e-290	0.000000e+000	2.121996e-314	-7.845908e+298	7.164924e-001	6.975949e-001	-2.530171e-098	-2.656984e+303	0.000000e+000	8.679537e-174	6.016537e-290	
0.000000e+000	0.000000e+000	0.000000e+000	0.000000e+000	0.000000e+000	0.000000e+000	0.000000e+000	0.000000e+000	0.000000e+000	0.000000e+000	0.000000e+000	0.000000e+000	0.000000e+000	0.000000e+000	0.000000e+000	-2.530171e-098	-2.656984e+303	0.000000e+000	8.679392e-174	6.017829e-290	0.000000e+000	2.121996e-314	-7.845908e+298	8.130320e-001	5.822190e-001	-2.530171e-098	-2.656984e+303	0.000000e+000	8.679537e-174	6.019316e-290	
0.000000e+000	0.000000e+000	0.000000e+000	0.000000e+000	0.000000e+000	0.000000e+000	0.000000e+000	0.000000e+000	0.000000e+000	0.000000e+000	0.000000e+000	0.000000e+000	0.000000e+000	0.000000e+000	0.000000e+000	-2.530171e-098	-2.656984e+303	0.000000e+000	8.679392e-174	6.020608e-290	0.000000e+000	2.121996e-314	-7.845908e+298	8.470198e-002	9.964063e-001	-2.530171e-098	-2.656984e+303	0.000000e+000	8.679537e-174	6.022095e-290	
0.000000e+000	0.000000e+000	0.000000e+000	0.000000e+000	0.000000e+000	0.000000e+000	0.000000e+000	0.000000e+000	0.000000e+000	0.000000e+000	0.000000e+000	0.000000e+000	0.000000e+000	0.000000e+000	0.000000e+000	-2.530171e-098	-2.656984e+303	0.000000e+000	8.679392e-174	6.023387e-290	0.000000e+000	2.121996e-314	-7.845908e+298	1.742153e-001	9.847076e-001	-2.530171e-098	-2.656984e+303	0.000000e+000	8.679537e-174	6.024875e-290	
0.000000e+000	0.000000e+000	0.000000e+000	0.000000e+000	0.000000e+000	0.000000e+000	0.000000e+000	0.000000e+000	0.000000e+000	0.000000e+000	0.000000e+000	0.000000e+000	0.000000e+000	0.000000e+000	0.000000e+000	-2.530171e-098	-2.656984e+303	0.000000e+000	8.679392e-174	6.026166e-290	0.000000e+000	2.121996e-314	-7.845908e+298	9.763801e-001	2.160599e-001	-2.530171e-098	-2.656984e+303	0.000000e+000	8.679537e-174	6.027654e-290	
0.000000e+000	0.000000e+000	0.000000e+000	0.000000e+000	0.000000e+000	0.000000e+000	0.000000e+000	0.000000e+000	0.000000e+000	0.000000e+000	0.000000e+000	0.000000e+000	0.000000e+000	0.000000e+000	0.000000e+000	-2.530171e-098	-2.656984e+303	0.000000e+000	8.679392e-174	6.028946e-290	0.000000e+000	2.121996e-314	-7.845908e+298	9.465851e-001	3.224542e-001	-2.530171e-098	-2.656984e+303	0.000000e+000	8.679537e-174	6.030433e-290	
0.000000e+000	0.000000e+000	0.000000e+000	0.000000e+000	0.000000e+000	0.000000e+000	0.000000e+000	0.000000e+000	0.000000e+000	0.000000e+000	0.000000e+000	0.000000e+000	0.000000e+000	0.000000e+000	0.000000e+000	-2.530171e-098	-2.656984e+303	0.000000e+000	8.679392e-174	6.031725e-290	0.000000e+000	2.121996e-314	-7.845908e+298	8.884699e-001	4.589349e-001	-2.530171e-098	-2.656984e+303	0.000000e+000	8.679537e-174	6.033212e-290	
0.000000e+000	0.000000e+000	0.000000e+000	0.000000e+000	0.000000e+000	0.000000e+000	0.000000e+000	0.000000e+000	0.000000e+000	0.000000e+000	0.000000e+000	0.000000e+000	0.000000e+000	0.000000e+000	0.000000e+000	-2.530171e-098	-2.656984e+303	0.000000e+000	8.679392e-174	6.034504e-290	0.000000e+000	2.121996e-314	-7.845908e+298	4.710360e-001	8.821140e-001	-2.530171e-098	-2.656984e+303	0.000000e+000	8.679537e-174	6.035992e-290	
0.000000e+000	0.000000e+000	0.000000e+000	0.000000e+000	0.000000e+000	0.000000e+000	0.000000e+000	0.000000e+000	0.000000e+000	0.000000e+000	0.000000e+000	0.000000e+000	0.000000e+000	0.000000e+000	0.000000e+000	-2.530171e-098	-2.656984e+303	0.000000e+000	8.679392e-174	6.037283e-290	0.000000e+000	2.121996e-314	-7.845908e+298	6.461790e-001	7.631859e-001	-2.530171e-098	-2.656984e+303	0.000000e+000	8.679537e-174	6.038771e-290	
0.000000e+000	0.000000e+000	0.000000e+000	0.000000e+000	0.000000e+000	0.000000e+000	0.000000e+000	0.000000e+000	0.000000e+000	0.000000e+000	0.000000e+000	0.000000e+000	0.000000e+000	0.000000e+000	0.000000e+000	-2.530171e-098	-2.656984e+303	0.000000e+000	8.679392e-174	6.040062e-290	0.000000e+000	2.121996e-314	-7.845908e+298	9.935295e-001	1.135742e-001	-2.530171e-098	-2.656984e+303	0.000000e+000	8.679537e-174	6.041550e-290	
0.000000e+000	0.000000e+000	0.000000e+000	0.000000e+000	0.000000e+000	0.000000e+000	0.000000e+000	0.000000e+000	0.000000e+000	0.000000e+000	0.000000e+000	0.000000e+000	0.000000e+000	0.000000e+000	0.000000e+000	-2.530171e-098	-2.656984e+303	0.000000e+000	8.679392e-174	6.042842e-290	0.000000e+000	2.121996e-314	-7.845908e+298	4.060040e-001	9.138713e-001	-2.530171e-098	-2.656984e+303	0.000000e+000	8.679537e-174	6.044329e-290	
0.000000e+000	0.000000e+000	0.000000e+000	0.000000e+000	0.000000e+000	0.000000e+000	0.000000e+000	0.000000e+000	0.000000e+000	0.000000e+000	0.000000e+000	0.000000e+000	0.000000e+000	0.000000e+000	0.000000e+000	-2.530171e-098	-2.656984e+303	0.000000e+000	8.679392e-174	6.045621e-290	0.000000e+000	2.121996e-314	-7.845908e+298	7.395307e-001	6.731229e-001	-2.530171e-098	-2.656984e+303	0.000000e+000	8.679537e-174	6.047108e-290	
0.000000e+000	0.000000e+000	0.000000e+000	0.000000e+000	0.000000e+000	0.000000e+000	0.000000e+000	0.000000e+000	0.000000e+000	0.000000e+000	0.000000e+000	0.000000e+000	0.000000e+000	0.000000e+000	0.000000e+000	-2.530171e-098	-2.656984e+303	0.000000e+000	8.679392e-174	6.048400e-290	0.000000e+000	2.121996e-314	-7.845908e+298	9.316980e-001	3.632338e-001	-2.530171e-098	-2.656984e+303	0.000000e+000	8.679537e-174	6.049888e-290	
0.000000e+000	0.000000e+000	0.000000e+000	0.000000e+000	0.000000e+000	0.000000e+000	0.000000e+000	0.000000e+000	0.000000e+000	0.000000e+000	0.000000e+000	0.000000e+000	0.000000e+000	0.000000e+000	0.000000e+000	-2.530171e-098	-2.656984e+303	0.000000e+000	8.679392e-174	6.051179e-290	0.000000e+000	2.121996e-314	-7.845908e+298	9.577218e-001	2.876959e-001	-2.530171e-098	-2.656984e+303	0.000000e+000	8.679537e-174	6.052667e-290	
0.000000e+000	0.000000e+000	0.000000e+000	0.000000e+000	0.000000e+000	0.000000e+000	0.000000e+000	0.000000e+000	0.000000e+000	0.000000e+000	0.000000e+000	0.000000e+000	0.000000e+000	0.000000e+000	0.000000e+000	-2.530171e-098	-2.656984e+303	0.000000e+000	8.679392e-174	6.053959e-290	0.000000e+000	2.121996e-314	-7.845908e+298	6.694086e-001	7.428944e-001	-2.530171e-098	-2.656984e+303	0.000000e+000	8.679537e-174	6.055446e-290	
0.000000e+000	0.000000e+000	0.000000e+000	0.000000e+000	0.000000e+000	0.000000e+000	0.000000e+000	0.000000e+000	0.000000e+000	0.000000e+000	0.000000e+000	0.000000e+000	0.000000e+000	0.000000e+000	0.000000e+000	-2.530171e-098	-2.656984e+303	0.000000e+000	8.679392e-174	6.056738e-290	0.000000e+000	2.121996e-314	-7.845908e+298	7.576550e-001	6.526553e-001	-2.530171e-098	-2.656984e+303	0.000000e+000	8.679537e-174	6.058225e-290	
0.000000e+000	0.000000e+000	0.000000e+000	0.000000e+000	0.000000e+000	0.000000e+000	0.000000e+000	0.000000e+000	0.000000e+000	0.000000e+000	0.000000e+000	0.000000e+000	0.000000e+000	0.000000e+000	0.000000e+000	-2.530171e-098	-2.656984e+303	0.000000e+000	8.679392e-174	6.059517e-290	0.000000e+000	2.121996e-314	-7.845908e+298	3.662794e-001	9.305049e-001	-2.530171e-098	-2.656984e+303	0.000000e+000	8.679537e-174	6.061004e-290	
0.000000e+000	0.000000e+000	0.000000e+000	0.000000e+000	0.000000e+000	0.000000e+000	0.000000e+000	0.000000e+000	0.000000e+000	0.000000e+000	0.000000e+000	0.000000e+000	0.000000e+000	0.000000e+000	0.000000e+000	-2.530171e-098	-2.656984e+303	0.000000e+000	8.679392e-174	6.062296e-290	0.000000e+000	2.121996e-314	-7.845908e+298	9.206480e-001	3.903938e-001	-2.530171e-098	-2.656984e+303	0.000000e+000	8.679537e-174	6.063784e-290	
0.000000e+000	0.000000e+000	0.000000e+000	0.000000e+000	0.000000e+000	0.000000e+000	0.000000e+000	0.000000e+000	0.000000e+000	0.000000e+000	0.000000e+000	0.000000e+000	0.000000e+000	0.000000e+000	0.000000e+000	-2.530171e-098	-2.656984e+303	0.000000e+000	8.679392e-174	6.065075e-290	0.000000e+000	2.121996e-314	-7.845908e+298	5.071394e-001	8.618640e-001	-2.530171e-098	-2.656984e+303	0.000000e+000	8.679537e-174	6.066563e-290	
0.000000e+000	0.000000e+000	0.000000e+000	0.000000e+000	0.000000e+000	0.000000e+000	0.000000e+000	0.000000e+000	0.000000e+000	0.000000e+000	0.000000e+000	0.000000e+000	0.000000e+000	0.000000e+000	0.000000e+000	-2.530171e-098	-2.656984e+303	0.000000e+000	8.679392e-174	6.067855e-290	0.000000e+000	2.121996e-314	-7.845908e+298	1.000000e+000	0.000000e+000	-2.530171e-098	-2.656984e+303	0.000000e+000	8.679537e-174	6.069342e-290	
0.000000e+000	0.000000e+000	0.000000e+000	0.000000e+000	0.000000e+000	0.000000e+000	0.000000e+000	0.000000e+000	0.000000e+000	0.000000e+000	0.000000e+000	0.000000e+000	0.000000e+000	0.000000e+000	0.000000e+000	-2.530171e-098	-2.656984e+303	0.000000e+000	8.679392e-174	6.070634e-290	0.000000e+000	2.121996e-314	-7.845908e+298	8.718713e-001	4.897351e-001	-2.530171e-098	-2.656984e+303	0.000000e+000	8.679537e-174	6.072121e-290	
0.000000e+000	0.000000e+000	0.000000e+000	0.000000e+000	0.000000e+000	0.000000e+000	0.000000e+000	0.000000e+000	0.000000e+000	0.000000e+000	0.000000e+000	0.000000e+000	0.000000e+000	0.000000e+000	0.000000e+000	-2.530171e-098	-2.656984e+303	0.000000e+000	8.679392e-174	6.073413e-290	0.000000e+000	2.121996e-314	-7.845908e+298	9.966959e-001	8.122357e-002	-2.530171e-098	-2.656984e+303	0.000000e+000	8.679537e-174	6.074901e-290	
0.000000e+000	0.000000e+000	0.000000e+000	0.000000e+000	0.000000e+000	0.000000e+000	0.000000e+000	0.000000e+000	0.000000e+000	0.000000e+000	0.000000e+000	0.000000e+000	0.000000e+000	0.000000e+000	0.000000e+000	-2.530171e-098	-2.656984e+303	0.000000e+000	8.679392e-174	6.076192e-290	0.000000e+000	2.121996e-314	-7.845908e+298	9.992068e-001	3.982210e-002	-2.530171e-098	-2.656984e+303	0.000000e+000	8.679537e-174	6.077680e-290	
0.000000e+000	0.000000e+000	0.000000e+000	0.000000e+000	0.000000e+000	0.000000e+000	0.000000e+000	0.000000e+000	0.000000e+000	0.000000e+000	0.000000e+000	0.000000e+000	0.000000e+000	0.000000e+000	0.000000e+000	-2.530171e-098	-2.656984e+303	0.000000e+000	8.679392e-174	6.078972e-290	0.000000e+000	2.121996e-314	-7.845908e+298	2.460732e-001	9.692512e-001	-2.530171e-098	-2.656984e+303	0.000000e+000	8.679537e-174	6.080459e-290	
0.000000e+000	0.000000e+000	0.000000e+000	0.000000e+000	0.000000e+000	0.000000e+000	0.000000e+000	0.000000e+000	0.000000e+000	0.000000e+000	0.000000e+000	0.000000e+000	0.000000e+000	0.000000e+000	0.000000e+000	-2.530171e-098	-2.656984e+303	0.000000e+000	8.679392e-174	6.081751e-290	0.000000e+000	2.121996e-314	-7.845908e+298	3.541181e-002	9.993728e-001	-2.530171e-098	-2.656984e+303	0.000000e+000	8.679537e-174	6.083238e-290	
0.000000e+000	0.000000e+000	0.000000e+000	0.000000e+000	0.000000e+000	0.000000e+000	0.000000e+000	0.000000e+000	0.000000e+000	0.000000e+000	0.000000e+000	0.000000e+000	0.000000e+000	0.000000e+000	0.000000e+000	-2.530171e-098	-2.656984e+303	0.000000e+000	8.679392e-174	6.084530e-290	0.000000e+000	2.121996e-314	-7.845908e+298	7.985264e-001	6.019598e-001	-2.530171e-098	-2.656984e+303	0.000000e+000	8.679537e-174	6.086017e-290	
0.000000e+000	0.000000e+000	0.000000e+000	0.000000e+000	0.000000e+000	0.000000e+000	0.000000e+000	0.000000e+000	0.000000e+000	0.000000e+000	0.000000e+000	0.000000e+000	0.000000e+000	0.000000e+000	0.000000e+000	-2.530171e-098	-2.656984e+303	0.000000e+000	8.679392e-174	6.087309e-290	0.000000e+000	2.121996e-314	-7.845908e+298	9.060696e-001	4.231286e-001	-2.530171e-098	-2.656984e+303	0.000000e+000	8.679537e-174	6.088797e-290	
0.000000e+000	0.000000e+000	0.000000e+000	0.000000e+000	0.000000e+000	0.000000e+000	0.000000e+000	0.000000e+000	0.000000e+000	0.000000e+000	0.000000e+000	0.000000e+000	0.000000e+000	0.000000e+000	0.000000e+000	-2.530171e-098	-2.656984e+303	0.000000e+000	8.679392e-174	6.090088e-290	0.000000e+000	2.121996e-314	-7.845908e+298	3.284018e-001	9.445381e-001	-2.530171e-098	-2.656984e+303	0.000000e+000	8.679537e-174	6.091576e-290	
