0.000000e+000	0.000000e+000	0.000000e+000	0.000000e+000	0.000000e+000	0.000000e+000	0.000000e+000	0.000000e+000	0.000000e+000	0.000000e+000	0.000000e+000	0.000000e+000	0.000000e+000	0.000000e+000	0.000000e+000	-2.530171e-098	-2.656984e+303	0.000000e+000	1.474415e-173	1.049783e-305	0.000000e+000	2.121996e-314	-7.845908e+298	4.413380e-001	8.973409e-001	-2.530171e-098	-2.656984e+303	0.000000e+000	1.474430e-173	1.049948e-305	
0.000000e+000	0.000000e+000	0.000000e+000	0.000000e+000	0.000000e+000	0.000000e+000	0.000000e+000	0.000000e+000	0.000000e+000	0.000000e+000	0.000000e+000	0.000000e+000	0.000000e+000	0.000000e+000	0.000000e+000	-2.530171e-098	-2.656984e+303	0.000000e+000	1.474415e-173	1.050091e-305	0.000000e+000	2.121996e-314	-7.845908e+298	7.819353e-001	6.233596e-001	-2.530171e-098	-2.656984e+303	0.000000e+000	1.474430e-173	1.050257e-305	
0.000000e+000	0.000000e+000	0.000000e+000	0.000000e+000	0.000000e+000	0.000000e+000	0.000000e+000	0.000000e+000	0.000000e+000	0.000000e+000	0.000000e+000	0.000000e+000	0.000000e+000	0.000000e+000	0.000000e+000	-2.530171e-098	-2.656984e+303	0.000000e+000	1.474415e-173	1.050400e-305	0.000000e+000	2.121996e-314	-7.845908e+298	7.596242e-001	6.503622e-001	-2.530171e-098	-2.656984e+303	0.000000e+000	1.474430e-173	1.050565e-305	
0.000000e+000	0.000000e+000	0.000000e+000	0.000000e+000	0.000000e+000	0.000000e+000	0.000000e+000	0.000000e+000	0.000000e+000	0.000000e+000	0.000000e+000	0.000000e+000	0.000000e+000	0.000000e+000	0.000000e+000	-2.530171e-098	-2.656984e+303	0.000000e+000	1.474415e-173	1.050709e-305	0.000000e+000	2.121996e-314	-7.845908e+298	1.337118e-001	9.910203e-001	-2.530171e-098	-2.656984e+303	0.000000e+000	1.474430e-173	1.050874e-305	
0.000000e+000	0.000000e+000	0.000000e+000	0.000000e+000	0.000000e+000	0.000000e+000	0.000000e+000	0.000000e+000	0.000000e+000	0.000000e+000	0.000000e+000	0.000000e+000	0.000000e+000	0.000000e+000	0.000000e+000	-2.530171e-098	-2.656984e+303	0.000000e+000	1.474415e-173	1.051017e-305	0.000000e+000	2.121996e-314	-7.845908e+298	8.939578e-001	4.481511e-001	-2.530171e-098	-2.656984e+303	0.000000e+000	1.474430e-173	1.051182e-305	
0.000000e+000	0.000000e+000	0.000000e+000	0.000000e+000	0.000000e+000	0.000000e+000	0.000000e+000	0.000000e+000	0.000000e+000	0.000000e+000	0.000000e+000	0.000000e+000	0.000000e+000	0.000000e+000	0.000000e+000	-2.530171e-098	-2.656984e+303	0.000000e+000	1.474415e-173	1.051326e-305	0.000000e+000	2.121996e-314	-7.845908e+298	4.007732e-001	9.161773e-001	-2.530171e-098	-2.656984e+303	0.000000e+000	1.474430e-173	1.051491e-305	
0.000000e+000	0.000000e+000	0.000000e+000	0.000000e+000	0.000000e+000	0.000000e+000	0.000000e+000	0.000000e+000	0.000000e+000	0.000000e+000	0.000000e+000	0.000000e+000	0.000000e+000	0.000000e+000	0.000000e+000	-2.530171e-098	-2.656984e+303	0.000000e+000	1.474415e-173	1.051634e-305	0.000000e+000	2.121996e-314	-7.845908e+298	9.116835e-002	9.958355e-001	-2.530171e-098	-2.656984e+303	0.000000e+000	1.474430e-173	1.051799e-305	
0.000000e+000	0.000000e+000	0.000000e+000	0.000000e+000	0.000000e+000	0.000000e+000	0.000000e+000	0.000000e+000	0.000000e+000	0.000000e+000	0.000000e+000	0.000000e+000	0.000000e+000	0.000000e+000	0.000000e+000	-2.530171e-098	-2.656984e+303	0.000000e+000	1.474415e-173	1.051943e-305	0.000000e+000	2.121996e-314	-7.845908e+298	8.288030e-001	5.595406e-001	-2.530171e-098	-2.656984e+303	0.000000e+000	1.474430e-173	1.052108e-305	
0.000000e+000	0.000000e+000	0.000000e+000	0.000000e+000	0.000000e+000	0.000000e+000	0.000000e+000	0.000000e+000	0.000000e+000	0.000000e+000	0.000000e+000	0.000000e+000	0.000000e+000	0.000000e+000	0.000000e+000	-2.530171e-098	-2.656984e+303	0.000000e+000	1.474415e-173	1.052251e-305	0.000000e+000	2.121996e-314	-7.845908e+298	4.974897e-001	8.674699e-001	-2.530171e-098	-2.656984e+303	0.000000e+000	1.474430e-173	1.052416e-305	
0.000000e+000	0.000000e+000	0.000000e+000	0.000000e+000	0.000000e+000	0.000000e+000	0.000000e+000	0.000000e+000	0.000000e+000	0.000000e+000	0.000000e+000	0.000000e+000	0.000000e+000	0.000000e+000	0.000000e+000	-2.530171e-098	-2.656984e+303	0.000000e+000	1.474415e-173	1.052560e-305	0.000000e+000	2.121996e-314	-7.845908e+298	8.682114e-001	4.961945e-001	-2.530171e-098	-2.656984e+303	0.000000e+000	1.474430e-173	1.052725e-305	
0.000000e+000	0.000000e+000	0.000000e+000	0.000000e+000	0.000000e+000	0.000000e+000	0.000000e+000	0.000000e+000	0.000000e+000	0.000000e+000	0.000000e+000	0.000000e+000	0.000000e+000	0.000000e+000	0.000000e+000	-2.530171e-098	-2.656984e+303	0.000000e+000	1.474415e-173	1.052868e-305	0.000000e+000	2.121996e-314	-7.845908e+298	5.122319e-002	9.986872e-001	-2.530171e-098	-2.656984e+303	0.000000e+000	1.474430e-173	1.053034e-305	
0.000000e+000	0.000000e+000	0.000000e+000	0.000000e+000	0.000000e+000	0.000000e+000	0.000000e+000	0.000000e+000	0.000000e+000	0.000000e+000	0.000000e+000	0.000000e+000	0.000000e+000	0.000000e+000	0.000000e+000	-2.530171e-098	-2.656984e+303	0.000000e+000	1.474415e-173	1.053177e-305	0.000000e+000	2.121996e-314	-7.845908e+298	6.889633e-001	7.247962e-001	-2.530171e-098	-2.656984e+303	0.000000e+000	1.474430e-173	1.053342e-305	
0.000000e+000	0.000000e+000	0.000000e+000	0.000000e+000	0.000000e+000	0.000000e+000	0.000000e+000	0.000000e+000	0.000000e+000	0.000000e+000	0.000000e+000	0.000000e+000	0.000000e+000	0.000000e+000	0.000000e+000	-2.530171e-098	-2.656984e+303	0.000000e+000	1.474415e-173	1.053486e-305	0.000000e+000	2.121996e-314	-7.845908e+298	9.768776e-001	2.137992e-001	-2.530171e-098	-2.656984e+303	0.000000e+000	1.474430e-173	1.053651e-305	
0.000000e+000	0.000000e+000	0.000000e+000	0.000000e+000	0.000000e+000	0.000000e+000	0.000000e+000	0.000000e+000	0.000000e+000	0.000000e+000	0.000000e+000	0.000000e+000	0.000000e+000	0.000000e+000	0.000000e+000	-2.530171e-098	-2.656984e+303	0.000000e+000	1.474415e-173	1.053794e-305	0.000000e+000	2.121996e-314	-7.845908e+298	9.986524e-001	5.189709e-002	-2.530171e-098	-2.656984e+303	0.000000e+000	1.474430e-173	1.053959e-305	
0.000000e+000	0.000000e+000	0.000000e+000	0.000000e+000	0.000000e+000	0.000000e+000	0.000000e+000	0.000000e+000	0.000000e+000	0.000000e+000	0.000000e+000	0.000000e+000	0.000000e+000	0.000000e+000	0.000000e+000	-2.530171e-098	-2.656984e+303	0.000000e+000	1.474415e-173	1.054103e-305	0.000000e+000	2.121996e-314	-7.845908e+298	9.954663e-001	9.511533e-002	-2.530171e-098	-2.656984e+303	0.000000e+000	1.474430e-173	1.054268e-305	
0.000000e+000	0.000000e+000	0.000000e+000	0.000000e+000	0.000000e+000	0.000000e+000	0.000000e+000	0.000000e+000	0.000000e+000	0.000000e+000	0.000000e+000	0.000000e+000	0.000000e+000	0.000000e+000	0.000000e+000	-2.530171e-098	-2.656984e+303	0.000000e+000	1.474415e-173	1.054411e-305	0.000000e+000	2.121996e-314	-7.845908e+298	5.698046e-001	8.217802e-001	-2.530171e-098	-2.656984e+303	0.000000e+000	1.474430e-173	1.054576e-305	
0.000000e+000	0.000000e+000	0.000000e+000	0.000000e+000	0.000000e+000	0.000000e+000	0.000000e+000	0.000000e+000	0.000000e+000	0.000000e+000	0.000000e+000	0.000000e+000	0.000000e+000	0.000000e+000	0.000000e+000	-2.530171e-098	-2.656984e+303	0.000000e+000	1.474415e-173	1.054720e-305	0.000000e+000	2.121996e-314	-7.845908e+298	9.406566e-001	3.393598e-001	-2.530171e-098	-2.656984e+303	0.000000e+000	1.474430e-173	1.054885e-305	
0.000000e+000	0.000000e+000	0.000000e+000	0.000000e+000	0.000000e+000	0.000000e+000	0.000000e+000	0.000000e+000	0.000000e+000	0.000000e+000	0.000000e+000	0.000000e+000	0.000000e+000	0.000000e+000	0.000000e+000	-2.530171e-098	-2.656984e+303	0.000000e+000	1.474415e-173	1.055028e-305	0.000000e+000	2.121996e-314	-7.845908e+298	9.692162e-001	2.462111e-001	-2.530171e-098	-2.656984e+303	0.000000e+000	1.474430e-173	1.055193e-305	
0.000000e+000	0.000000e+000	0.000000e+000	0.000000e+000	0.000000e+000	0.000000e+000	0.000000e+000	0.000000e+000	0.000000e+000	0.000000e+000	0.000000e+000	0.000000e+000	0.000000e+000	0.000000e+000	0.000000e+000	-2.530171e-098	-2.656984e+303	0.000000e+000	1.474415e-173	1.055337e-305	0.000000e+000	2.121996e-314	-7.845908e+298	6.341784e-001	7.731868e-001	-2.530171e-098	-2.656984e+303	0.000000e+000	1.474430e-173	1.055502e-305	
0.000000e+000	0.000000e+000	0.000000e+000	0.000000e+000	0.000000e+000	0.000000e+000	0.000000e+000	0.000000e+000	0.000000e+000	0.000000e+000	0.000000e+000	0.000000e+000	0.000000e+000	0.000000e+000	0.000000e+000	-2.530171e-098	-2.656984e+303	0.000000e+000	1.474415e-173	1.055645e-305	0.000000e+000	2.121996e-314	-7.845908e+298	5.283557e-001	8.490231e-001	-2.530171e-098	-2.656984e+303	0.000000e+000	1.474430e-173	1.055811e-305	
0.000000e+000	0.000000e+000	0.000000e+000	0.000000e+000	0.000000e+000	0.000000e+000	0.000000e+000	0.000000e+000	0.000000e+000	0.000000e+000	0.000000e+000	0.000000e+000	0.000000e+000	0.000000e+000	0.000000e+000	-2.530171e-098	-2.656984e+303	0.000000e+000	1.474415e-173	1.055954e-305	0.000000e+000	2.121996e-314	-7.845908e+298	8.505094e-001	5.259598e-001	-2.530171e-098	-2.656984e+303	0.000000e+000	1.474430e-173	1.056119e-305	
0.000000e+000	0.000000e+000	0.000000e+000	0.000000e+000	0.000000e+000	0.000000e+000	0.000000e+000	0.000000e+000	0.000000e+000	0.000000e+000	0.000000e+000	0.000000e+000	0.000000e+000	0.000000e+000	0.000000e+000	-2.530171e-098	-2.656984e+303	0.000000e+000	1.474415e-173	1.056263e-305	0.000000e+000	2.121996e-314	-7.845908e+298	9.607237e-001	2.775068e-001	-2.530171e-098	-2.656984e+303	0.000000e+000	1.474430e-173	1.056428e-305	
0.000000e+000	0.000000e+000	0.000000e+000	0.000000e+000	0.000000e+000	0.000000e+000	0.000000e+000	0.000000e+000	0.000000e+000	0.000000e+000	0.000000e+000	0.000000e+000	0.000000e+000	0.000000e+000	0.000000e+000	-2.530171e-098	-2.656984e+303	0.000000e+000	1.474415e-173	1.056571e-305	0.000000e+000	2.121996e-314	-7.845908e+298	2.228933e-001	9.748428e-001	-2.530171e-098	-2.656984e+303	0.000000e+000	1.474430e-173	1.056736e-305	
0.000000e+000	0.000000e+000	0.000000e+000	0.000000e+000	0.000000e+000	0.000000e+000	0.000000e+000	0.000000e+000	0.000000e+000	0.000000e+000	0.000000e+000	0.000000e+000	0.000000e+000	0.000000e+000	0.000000e+000	-2.530171e-098	-2.656984e+303	0.000000e+000	1.474415e-173	1.056880e-305	0.000000e+000	2.121996e-314	-7.845908e+298	7.394377e-001	6.732250e-001	-2.530171e-098	-2.656984e+303	0.000000e+000	1.474430e-173	1.057045e-305	
0.000000e+000	0.000000e+000	0.000000e+000	0.000000e+000	0.000000e+000	0.000000e+000	0.000000e+000	0.000000e+000	0.000000e+000	0.000000e+000	0.000000e+000	0.000000e+000	0.000000e+000	0.000000e+000	0.000000e+000	-2.530171e-098	-2.656984e+303	0.000000e+000	1.474415e-173	1.057188e-305	0.000000e+000	2.121996e-314	-7.845908e+298	6.613194e-001	7.501045e-001	-2.530171e-098	-2.656984e+303	0.000000e+000	1.474430e-173	1.057353e-305	
0.000000e+000	0.000000e+000	0.000000e+000	0.000000e+000	0.000000e+000	0.000000e+000	0.000000e+000	0.000000e+000	0.000000e+000	0.000000e+000	0.000000e+000	0.000000e+000	0.000000e+000	0.000000e+000	0.000000e+000	-2.530171e-098	-2.656984e+303	0.000000e+000	1.474415e-173	1.057497e-305	0.000000e+000	2.121996e-314	-7.845908e+298	8.202018e-001	5.720743e-001	-2.530171e-098	-2.656984e+303	0.000000e+000	1.474430e-173	1.057662e-305	
0.000000e+000	0.000000e+000	0.000000e+000	0.000000e+000	0.000000e+000	0.000000e+000	0.000000e+000	0.000000e+000	0.000000e+000	0.000000e+000	0.000000e+000	0.000000e+000	0.000000e+000	0.000000e+000	0.000000e+000	-2.530171e-098	-2.656984e+303	0.000000e+000	1.474415e-173	1.057805e-305	0.000000e+000	2.121996e-314	-7.845908e+298	2.675482e-001	9.635445e-001	-2.530171e-098	-2.656984e+303	0.000000e+000	1.474430e-173	1.057970e-305	
0.000000e+000	0.000000e+000	0.000000e+000	0.000000e+000	0.000000e+000	0.000000e+000	0.000000e+000	0.000000e+000	0.000000e+000	0.000000e+000	0.000000e+000	0.000000e+000	0.000000e+000	0.000000e+000	0.000000e+000	-2.530171e-098	-2.656984e+303	0.000000e+000	1.474415e-173	1.058114e-305	0.000000e+000	2.121996e-314	-7.845908e+298	1.000000e+000	0.000000e+000	-2.530171e-098	-2.656984e+303	0.000000e+000	1.474430e-173	1.058279e-305	
0.000000e+000	0.000000e+000	0.000000e+000	0.000000e+000	0.000000e+000	0.000000e+000	0.000000e+000	0.000000e+000	0.000000e+000	0.000000e+000	0.000000e+000	0.000000e+000	0.000000e+000	0.000000e+000	0.000000e+000	-2.530171e-098	-2.656984e+303	0.000000e+000	1.474415e-173	1.058422e-305	0.000000e+000	2.121996e-314	-7.845908e+298	9.520492e-001	3.059450e-001	-2.530171e-098	-2.656984e+303	0.000000e+000	1.474430e-173	1.058588e-305	
0.000000e+000	0.000000e+000	0.000000e+000	0.000000e+000	0.000000e+000	0.000000e+000	0.000000e+000	0.000000e+000	0.000000e+000	0.000000e+000	0.000000e+000	0.000000e+000	0.000000e+000	0.000000e+000	0.000000e+000	-2.530171e-098	-2.656984e+303	0.000000e+000	1.474415e-173	1.058731e-305	0.000000e+000	2.121996e-314	-7.845908e+298	1.770201e-001	9.842072e-001	-2.530171e-098	-2.656984e+303	0.000000e+000	1.474430e-173	1.058896e-305	
0.000000e+000	0.000000e+000	0.000000e+000	0.000000e+000	0.000000e+000	0.000000e+000	0.000000e+000	0.000000e+000	0.000000e+000	0.000000e+000	0.000000e+000	0.000000e+000	0.000000e+000	0.000000e+000	0.000000e+000	-2.530171e-098	-2.656984e+303	0.000000e+000	1.474415e-173	1.059040e-305	0.000000e+000	2.121996e-314	-7.845908e+298	9.131275e-001	4.076741e-001	-2.530171e-098	-2.656984e+303	0.000000e+000	1.474430e-173	1.059205e-305	
0.000000e+000	0.000000e+000	0.000000e+000	0.000000e+000	0.000000e+000	0.000000e+000	0.000000e+000	0.000000e+000	0.000000e+000	0.000000e+000	0.000000e+000	0.000000e+000	0.000000e+000	0.000000e+000	0.000000e+000	-2.530171e-098	-2.656984e+303	0.000000e+000	1.474415e-173	1.059348e-305	0.000000e+000	2.121996e-314	-7.845908e+298	7.978056e-001	6.029148e-001	-2.530171e-098	-2.656984e+303	0.000000e+000	1.474430e-173	1.059513e-305	
0.000000e+000	0.000000e+000	0.000000e+000	0.000000e+000	0.000000e+000	0.000000e+000	0.000000e+000	0.000000e+000	0.000000e+000	0.000000e+000	0.000000e+000	0.000000e+000	0.000000e+000	0.000000e+000	0.000000e+000	-2.530171e-098	-2.656984e+303	0.000000e+000	1.474415e-173	1.059657e-305	0.000000e+000	2.121996e-314	-7.845908e+298	9.906921e-001	1.361218e-001	-2.530171e-098	-2.656984e+303	0.000000e+000	1.474430e-173	1.059822e-305	
0.000000e+000	0.000000e+000	0.000000e+000	0.000000e+000	0.000000e+000	0.000000e+000	0.000000e+000	0.000000e+000	0.000000e+000	0.000000e+000	0.000000e+000	0.000000e+000	0.000000e+000	0.000000e+000	0.000000e+000	-2.530171e-098	-2.656984e+303	0.000000e+000	1.474415e-173	1.059965e-305	0.000000e+000	2.121996e-314	-7.845908e+298	9.835434e-001	1.806723e-001	-2.530171e-098	-2.656984e+303	0.000000e+000	1.474430e-173	1.060130e-305	
0.000000e+000	0.000000e+000	0.000000e+000	0.000000e+000	0.000000e+000	0.000000e+000	0.000000e+000	0.000000e+000	0.000000e+000	0.000000e+000	0.000000e+000	0.000000e+000	0.000000e+000	0.000000e+000	0.000000e+000	-2.530171e-098	-2.656984e+303	0.000000e+000	1.474415e-173	1.060274e-305	0.000000e+000	2.121996e-314	-7.845908e+298	6.062377e-001	7.952835e-001	-2.530171e-098	-2.656984e+303	0.000000e+000	1.474430e-173	1.060439e-305	
0.000000e+000	0.000000e+000	0.000000e+000	0.000000e+000	0.000000e+000	0.000000e+000	0.000000e+000	0.000000e+000	0.000000e+000	0.000000e+000	0.000000e+000	0.000000e+000	0.000000e+000	0.000000e+000	0.000000e+000	-2.530171e-098	-2.656984e+303	0.000000e+000	1.474415e-173	1.060582e-305	0.000000e+000	2.121996e-314	-7.845908e+298	3.599626e-001	9.329667e-001	-2.530171e-098	-2.656984e+303	0.000000e+000	1.474430e-173	1.060747e-305	
0.000000e+000	0.000000e+000	0.000000e+000	0.000000e+000	0.000000e+000	0.000000e+000	0.000000e+000	0.000000e+000	0.000000e+000	0.000000e+000	0.000000e+000	0.000000e+000	0.000000e+000	0.000000e+000	0.000000e+000	-2.530171e-098	-2.656984e+303	0.000000e+000	1.474415e-173	1.060891e-305	0.000000e+000	2.121996e-314	-7.845908e+298	7.152203e-001	6.988991e-001	-2.530171e-098	-2.656984e+303	0.000000e+000	1.474430e-173	1.061056e-305	
0.000000e+000	0.000000e+000	0.000000e+000	0.000000e+000	0.000000e+000	0.000000e+000	0.000000e+000	0.000000e+000	0.000000e+000	0.000000e+000	0.000000e+000	0.000000e+000	0.000000e+000	0.000000e+000	0.000000e+000	-2.530171e-098	-2.656984e+303	0.000000e+000	1.474415e-173	1.061199e-305	0.000000e+000	2.121996e-314	-7.845908e+298	9.280223e-001	3.725246e-001	-2.530171e-098	-2.656984e+303	0.000000e+000	1.474430e-173	1.061365e-305	
0.000000e+000	0.000000e+000	0.000000e+000	0.000000e+000	0.000000e+000	0.000000e+000	0.000000e+000	0.000000e+000	0.000000e+000	0.000000e+000	0.000000e+000	0.000000e+000	0.000000e+000	0.000000e+000	0.000000e+000	-2.530171e-098	-2.656984e+303	0.000000e+000	1.474415e-173	1.061508e-305	0.000000e+000	2.121996e-314	-7.845908e+298	4.779765e-001	8.783726e-001	-2.530171e-098	-2.656984e+303	0.000000e+000	1.474430e-173	1.061673e-305	
0.000000e+000	0.000000e+000	0.000000e+000	0.000000e+000	0.000000e+000	0.000000e+000	0.000000e+000	0.000000e+000	0.000000e+000	0.000000e+000	0.000000e+000	0.000000e+000	0.000000e+000	0.000000e+000	0.000000e+000	-2.530171e-098	-2.656984e+303	0.000000e+000	1.474415e-173	1.061817e-305	0.000000e+000	2.121996e-314	-7.845908e+298	3.213063e-001	9.469753e-001	-2.530171e-098	-2.656984e+303	0.000000e+000	1.474430e-173	1.061982e-305	
6.054542e-001	0.000000e+000	0.000000e+000	0.000000e+000	0.000000e+000	0.000000e+000	0.000000e+000	0.000000e+000	0.000000e+000	0.000000e+000	0.000000e+000	0.000000e+000	0.000000e+000	0.000000e+000	0.000000e+000	-2.530171e-098	-2.656984e+303	0.000000e+000	1.474415e-173	1.062125e-305	0.000000e+000	2.121996e-314	-7.845908e+298	5.808325e-001	8.140231e-001	-2.530171e-098	-2.656984e+303	0.000000e+000	1.474430e-173	1.062290e-305	
7.090079e-001	0.000000e+000	0.000000e+000	0.000000e+000	0.000000e+000	0.000000e+000	0.000000e+000	0.000000e+000	0.000000e+000	0.000000e+000	0.000000e+000	0.000000e+000	0.000000e+000	0.000000e+000	0.000000e+000	-2.530171e-098	-2.656984e+303	0.000000e+000	1.474415e-173	1.062434e-305	0.000000e+000	2.121996e-314	-7.845908e+298	4.413380e-001	8.973409e-001	-2.530171e-098	-2.656984e+303	0.000000e+000	1.474430e-173	1.062599e-305	
5.875458e-001	0.000000e+000	0.000000e+000	0.000000e+000	0.000000e+000	0.000000e+000	0.000000e+000	0.000000e+000	0.000000e+000	0.000000e+000	0.000000e+000	0.000000e+000	0.000000e+000	0.000000e+000	0.000000e+000	-2.530171e-098	-2.656984e+303	0.000000e+000	1.474415e-173	1.062742e-305	0.000000e+000	2.121996e-314	-7.845908e+298	6.034986e-001	7.973641e-001	-2.530171e-098	-2.656984e+303	0.000000e+000	1.474430e-173	1.062907e-305	
9.673760e-001	0.000000e+000	0.000000e+000	0.000000e+000	0.000000e+000	0.000000e+000	0.000000e+000	0.000000e+000	0.000000e+000	0.000000e+000	0.000000e+000	0.000000e+000	0.000000e+000	0.000000e+000	0.000000e+000	-2.530171e-098	-2.656984e+303	0.000000e+000	1.474415e-173	1.063051e-305	0.000000e+000	2.121996e-314	-7.845908e+298	5.122319e-002	9.986872e-001	-2.530171e-098	-2.656984e+303	0.000000e+000	1.474430e-173	1.063216e-305	
4.466031e-001	0.000000e+000	0.000000e+000	0.000000e+000	0.000000e+000	0.000000e+000	0.000000e+000	0.000000e+000	0.000000e+000	0.000000e+000	0.000000e+000	0.000000e+000	0.000000e+000	0.000000e+000	0.000000e+000	-2.530171e-098	-2.656984e+303	0.000000e+000	1.474415e-173	1.063359e-305	0.000000e+000	2.121996e-314	-7.845908e+298	7.638605e-001	6.453814e-001	-2.530171e-098	-2.656984e+303	0.000000e+000	1.474430e-173	1.063524e-305	
3.416816e-002	0.000000e+000	0.000000e+000	0.000000e+000	0.000000e+000	0.000000e+000	0.000000e+000	0.000000e+000	0.000000e+000	0.000000e+000	0.000000e+000	0.000000e+000	0.000000e+000	0.000000e+000	0.000000e+000	-2.530171e-098	-2.656984e+303	0.000000e+000	1.474415e-173	1.063668e-305	0.000000e+000	2.121996e-314	-7.845908e+298	9.985600e-001	5.364546e-002	-2.530171e-098	-2.656984e+303	0.000000e+000	1.474430e-173	1.063833e-305	
8.275731e-001	0.000000e+000	0.000000e+000	0.000000e+000	0.000000e+000	0.000000e+000	0.000000e+000	0.000000e+000	0.000000e+000	0.000000e+000	0.000000e+000	0.000000e+000	0.000000e+000	0.000000e+000	0.000000e+000	-2.530171e-098	-2.656984e+303	0.000000e+000	1.474415e-173	1.063976e-305	0.000000e+000	2.121996e-314	-7.845908e+298	2.675482e-001	9.635445e-001	-2.530171e-098	-2.656984e+303	0.000000e+000	1.474430e-173	1.064142e-305	
1.371676e-001	0.000000e+000	0.000000e+000	0.000000e+000	0.000000e+000	0.000000e+000	0.000000e+000	0.000000e+000	0.000000e+000	0.000000e+000	0.000000e+000	0.000000e+000	0.000000e+000	0.000000e+000	0.000000e+000	-2.530171e-098	-2.656984e+303	0.000000e+000	1.474415e-173	1.064285e-305	0.000000e+000	2.121996e-314	-7.845908e+298	9.768776e-001	2.137992e-001	-2.530171e-098	-2.656984e+303	0.000000e+000	1.474430e-173	1.064450e-305	
1.000000e+000	0.000000e+000	0.000000e+000	0.000000e+000	0.000000e+000	0.000000e+000	0.000000e+000	0.000000e+000	0.000000e+000	0.000000e+000	0.000000e+000	0.000000e+000	0.000000e+000	0.000000e+000	0.000000e+000	-2.530171e-098	-2.656984e+303	0.000000e+000	1.474415e-173	1.064594e-305	0.000000e+000	2.121996e-314	-7.845908e+298	6.123234e-017	1.000000e+000	-2.530171e-098	-2.656984e+303	0.000000e+000	1.474430e-173	1.064759e-305	
8.568997e-001	0.000000e+000	0.000000e+000	0.000000e+000	0.000000e+000	0.000000e+000	0.000000e+000	0.000000e+000	0.000000e+000	0.000000e+000	0.000000e+000	0.000000e+000	0.000000e+000	0.000000e+000	0.000000e+000	-2.530171e-098	-2.656984e+303	0.000000e+000	1.474415e-173	1.064902e-305	0.000000e+000	2.121996e-314	-7.845908e+298	2.228933e-001	9.748428e-001	-2.530171e-098	-2.656984e+303	0.000000e+000	1.474430e-173	1.065067e-305	
2.430156e-001	0.000000e+000	0.000000e+000	0.000000e+000	0.000000e+000	0.000000e+000	0.000000e+000	0.000000e+000	0.000000e+000	0.000000e+000	0.000000e+000	0.000000e+000	0.000000e+000	0.000000e+000	0.000000e+000	-2.530171e-098	-2.656984e+303	0.000000e+000	1.474415e-173	1.065211e-305	0.000000e+000	2.121996e-314	-7.845908e+298	9.280223e-001	3.725246e-001	-2.530171e-098	-2.656984e+303	0.000000e+000	1.474430e-173	1.065376e-305	
7.374831e-001	0.000000e+000	0.000000e+000	0.000000e+000	0.000000e+000	0.000000e+000	0.000000e+000	0.000000e+000	0.000000e+000	0.000000e+000	0.000000e+000	0.000000e+000	0.000000e+000	0.000000e+000	0.000000e+000	-2.530171e-098	-2.656984e+303	0.000000e+000	1.474415e-173	1.065519e-305	0.000000e+000	2.121996e-314	-7.845908e+298	4.007732e-001	9.161773e-001	-2.530171e-098	-2.656984e+303	0.000000e+000	1.474430e-173	1.065684e-305	
1.156547e-001	0.000000e+000	0.000000e+000	0.000000e+000	0.000000e+000	0.000000e+000	0.000000e+000	0.000000e+000	0.000000e+000	0.000000e+000	0.000000e+000	0.000000e+000	0.000000e+000	0.000000e+000	0.000000e+000	-2.530171e-098	-2.656984e+303	0.000000e+000	1.474415e-173	1.065828e-305	0.000000e+000	2.121996e-314	-7.845908e+298	9.835434e-001	1.806723e-001	-2.530171e-098	-2.656984e+303	0.000000e+000	1.474430e-173	1.065993e-305	
1.979447e-001	0.000000e+000	0.000000e+000	0.000000e+000	0.000000e+000	0.000000e+000	0.000000e+000	0.000000e+000	0.000000e+000	0.000000e+000	0.000000e+000	0.000000e+000	0.000000e+000	0.000000e+000	0.000000e+000	-2.530171e-098	-2.656984e+303	0.000000e+000	1.474415e-173	1.066136e-305	0.000000e+000	2.121996e-314	-7.845908e+298	9.520492e-001	3.059450e-001	-2.530171e-098	-2.656984e+303	0.000000e+000	1.474430e-173	1.066301e-305	
9.868604e-002	0.000000e+000	0.000000e+000	0.000000e+000	0.000000e+000	0.000000e+000	0.000000e+000	0.000000e+000	0.000000e+000	0.000000e+000	0.000000e+000	0.000000e+000	0.000000e+000	0.000000e+000	0.000000e+000	-2.530171e-098	-2.656984e+303	0.000000e+000	1.474415e-173	1.066445e-305	0.000000e+000	2.121996e-314	-7.845908e+298	9.880091e-001	1.543956e-001	-2.530171e-098	-2.656984e+303	0.000000e+000	1.474430e-173	1.066610e-305	
9.146207e-001	0.000000e+000	0.000000e+000	0.000000e+000	0.000000e+000	0.000000e+000	0.000000e+000	0.000000e+000	0.000000e+000	0.000000e+000	0.000000e+000	0.000000e+000	0.000000e+000	0.000000e+000	0.000000e+000	-2.530171e-098	-2.656984e+303	0.000000e+000	1.474415e-173	1.066753e-305	0.000000e+000	2.121996e-314	-7.845908e+298	1.337118e-001	9.910203e-001	-2.530171e-098	-2.656984e+303	0.000000e+000	1.474430e-173	1.066919e-305	
6.456175e-001	0.000000e+000	0.000000e+000	0.000000e+000	0.000000e+000	0.000000e+000	0.000000e+000	0.000000e+000	0.000000e+000	0.000000e+000	0.000000e+000	0.000000e+000	0.000000e+000	0.000000e+000	0.000000e+000	-2.530171e-098	-2.656984e+303	0.000000e+000	1.474415e-173	1.067062e-305	0.000000e+000	2.121996e-314	-7.845908e+298	5.283557e-001	8.490231e-001	-2.530171e-098	-2.656984e+303	0.000000e+000	1.474430e-173	1.067227e-305	
7.666860e-001	0.000000e+000	0.000000e+000	0.000000e+000	0.000000e+000	0.000000e+000	0.000000e+000	0.000000e+000	0.000000e+000	0.000000e+000	0.000000e+000	0.000000e+000	0.000000e+000	0.000000e+000	0.000000e+000	-2.530171e-098	-2.656984e+303	0.000000e+000	1.474415e-173	1.067371e-305	0.000000e+000	2.121996e-314	-7.845908e+298	3.583396e-001	9.335913e-001	-2.530171e-098	-2.656984e+303	0.000000e+000	1.474430e-173	1.067536e-305	
5.626770e-001	0.000000e+000	0.000000e+000	0.000000e+000	0.000000e+000	0.000000e+000	0.000000e+000	0.000000e+000	0.000000e+000	0.000000e+000	0.000000e+000	0.000000e+000	0.000000e+000	0.000000e+000	0.000000e+000	-2.530171e-098	-2.656984e+303	0.000000e+000	1.474415e-173	1.067679e-305	0.000000e+000	2.121996e-314	-7.845908e+298	6.341784e-001	7.731868e-001	-2.530171e-098	-2.656984e+303	0.000000e+000	1.474430e-173	1.067844e-305	
9.308856e-001	0.000000e+000	0.000000e+000	0.000000e+000	0.000000e+000	0.000000e+000	0.000000e+000	0.000000e+000	0.000000e+000	0.000000e+000	0.000000e+000	0.000000e+000	0.000000e+000	0.000000e+000	0.000000e+000	-2.530171e-098	-2.656984e+303	0.000000e+000	1.474415e-173	1.067988e-305	0.000000e+000	2.121996e-314	-7.845908e+298	1.083516e-001	9.941126e-001	-2.530171e-098	-2.656984e+303	0.000000e+000	1.474430e-173	1.068153e-305	
4.926527e-001	0.000000e+000	0.000000e+000	0.000000e+000	0.000000e+000	0.000000e+000	0.000000e+000	0.000000e+000	0.000000e+000	0.000000e+000	0.000000e+000	0.000000e+000	0.000000e+000	0.000000e+000	0.000000e+000	-2.530171e-098	-2.656984e+303	0.000000e+000	1.524955e-173	1.068296e-305	0.000000e+000	2.121996e-314	-7.845908e+298	7.152203e-001	6.988991e-001	-2.530171e-098	-2.656984e+303	0.000000e+000	1.524970e-173	1.068461e-305	
7.191098e-002	0.000000e+000	0.000000e+000	0.000000e+000	0.000000e+000	0.000000e+000	0.000000e+000	0.000000e+000	0.000000e+000	0.000000e+000	0.000000e+000	0.000000e+000	0.000000e+000	0.000000e+000	0.000000e+000	-2.530171e-098	-2.656984e+303	0.000000e+000	1.524955e-173	1.068605e-305	0.000000e+000	2.121996e-314	-7.845908e+298	9.936271e-001	1.127174e-001	-2.530171e-098	-2.656984e+303	0.000000e+000	1.524970e-173	1.068770e-305	
2.204208e-001	0.000000e+000	0.000000e+000	0.000000e+000	0.000000e+000	0.000000e+000	0.000000e+000	0.000000e+000	0.000000e+000	0.000000e+000	0.000000e+000	0.000000e+000	0.000000e+000	0.000000e+000	0.000000e+000	-2.530171e-098	-2.656984e+303	0.000000e+000	1.524955e-173	1.068913e-305	0.000000e+000	2.121996e-314	-7.845908e+298	9.406566e-001	3.393598e-001	-2.530171e-098	-2.656984e+303	0.000000e+000	1.524970e-173	1.069078e-305	
1.790162e-001	0.000000e+000	0.000000e+000	0.000000e+000	0.000000e+000	0.000000e+000	0.000000e+000	0.000000e+000	0.000000e+000	0.000000e+000	0.000000e+000	0.000000e+000	0.000000e+000	0.000000e+000	0.000000e+000	-2.530171e-098	-2.656984e+303	0.000000e+000	1.524955e-173	1.069222e-305	0.000000e+000	2.121996e-314	-7.845908e+298	9.607237e-001	2.775068e-001	-2.530171e-098	-2.656984e+303	0.000000e+000	1.524970e-173	1.069387e-305	
5.183331e-001	0.000000e+000	0.000000e+000	0.000000e+000	0.000000e+000	0.000000e+000	0.000000e+000	0.000000e+000	0.000000e+000	0.000000e+000	0.000000e+000	0.000000e+000	0.000000e+000	0.000000e+000	0.000000e+000	-2.530171e-098	-2.656984e+303	0.000000e+000	1.524955e-173	1.069530e-305	0.000000e+000	2.121996e-314	-7.845908e+298	6.864535e-001	7.271737e-001	-2.530171e-098	-2.656984e+303	0.000000e+000	1.524970e-173	1.069696e-305	
4.701829e-001	0.000000e+000	0.000000e+000	0.000000e+000	0.000000e+000	0.000000e+000	0.000000e+000	0.000000e+000	0.000000e+000	0.000000e+000	0.000000e+000	0.000000e+000	0.000000e+000	0.000000e+000	0.000000e+000	-2.530171e-098	-2.656984e+303	0.000000e+000	1.524955e-173	1.069839e-305	0.000000e+000	2.121996e-314	-7.845908e+298	7.394377e-001	6.732250e-001	-2.530171e-098	-2.656984e+303	0.000000e+000	1.524970e-173	1.070004e-305	
3.113607e-001	0.000000e+000	0.000000e+000	0.000000e+000	0.000000e+000	0.000000e+000	0.000000e+000	0.000000e+000	0.000000e+000	0.000000e+000	0.000000e+000	0.000000e+000	0.000000e+000	0.000000e+000	0.000000e+000	-2.530171e-098	-2.656984e+303	0.000000e+000	1.524955e-173	1.070148e-305	0.000000e+000	2.121996e-314	-7.845908e+298	8.827634e-001	4.698178e-001	-2.530171e-098	-2.656984e+303	0.000000e+000	1.524970e-173	1.070313e-305	
7.917562e-001	0.000000e+000	0.000000e+000	0.000000e+000	0.000000e+000	0.000000e+000	0.000000e+000	0.000000e+000	0.000000e+000	0.000000e+000	0.000000e+000	0.000000e+000	0.000000e+000	0.000000e+000	0.000000e+000	-2.530171e-098	-2.656984e+303	0.000000e+000	1.524955e-173	1.070456e-305	0.000000e+000	2.121996e-314	-7.845908e+298	3.213063e-001	9.469753e-001	-2.530171e-098	-2.656984e+303	0.000000e+000	1.524970e-173	1.070621e-305	
3.877222e-001	0.000000e+000	0.000000e+000	0.000000e+000	0.000000e+000	0.000000e+000	0.000000e+000	0.000000e+000	0.000000e+000	0.000000e+000	0.000000e+000	0.000000e+000	0.000000e+000	0.000000e+000	0.000000e+000	-2.530171e-098	-2.656984e+303	0.000000e+000	1.524955e-173	1.070765e-305	0.000000e+000	2.121996e-314	-7.845908e+298	8.202018e-001	5.720743e-001	-2.530171e-098	-2.656984e+303	0.000000e+000	1.524970e-173	1.070930e-305	
3.305395e-001	0.000000e+000	0.000000e+000	0.000000e+000	0.000000e+000	0.000000e+000	0.000000e+000	0.000000e+000	0.000000e+000	0.000000e+000	0.000000e+000	0.000000e+000	0.000000e+000	0.000000e+000	0.000000e+000	-2.530171e-098	-2.656984e+303	0.000000e+000	1.524955e-173	1.071073e-305	0.000000e+000	2.121996e-314	-7.845908e+298	8.682114e-001	4.961945e-001	-2.530171e-098	-2.656984e+303	0.000000e+000	1.524970e-173	1.071238e-305	
8.867085e-001	0.000000e+000	0.000000e+000	0.000000e+000	0.000000e+000	0.000000e+000	0.000000e+000	0.000000e+000	0.000000e+000	0.000000e+000	0.000000e+000	0.000000e+000	0.000000e+000	0.000000e+000	0.000000e+000	-2.530171e-098	-2.656984e+303	0.000000e+000	1.524955e-173	1.071382e-305	0.000000e+000	2.121996e-314	-7.845908e+298	1.770201e-001	9.842072e-001	-2.530171e-098	-2.656984e+303	0.000000e+000	1.524970e-173	1.071547e-305	
6.827408e-001	0.000000e+000	0.000000e+000	0.000000e+000	0.000000e+000	0.000000e+000	0.000000e+000	0.000000e+000	0.000000e+000	0.000000e+000	0.000000e+000	0.000000e+000	0.000000e+000	0.000000e+000	0.000000e+000	-2.530171e-098	-2.656984e+303	0.000000e+000	1.524955e-173	1.071690e-305	0.000000e+000	2.121996e-314	-7.845908e+298	4.779765e-001	8.783726e-001	-2.530171e-098	-2.656984e+303	0.000000e+000	1.524970e-173	1.071855e-305	
5.399936e-001	0.000000e+000	0.000000e+000	0.000000e+000	0.000000e+000	0.000000e+000	0.000000e+000	0.000000e+000	0.000000e+000	0.000000e+000	0.000000e+000	0.000000e+000	0.000000e+000	0.000000e+000	0.000000e+000	-2.530171e-098	-2.656984e+303	0.000000e+000	1.524955e-173	1.071999e-305	0.000000e+000	2.121996e-314	-7.845908e+298	6.613194e-001	7.501045e-001	-2.530171e-098	-2.656984e+303	0.000000e+000	1.524970e-173	1.072164e-305	
3.558459e-001	0.000000e+000	0.000000e+000	0.000000e+000	0.000000e+000	0.000000e+000	0.000000e+000	0.000000e+000	0.000000e+000	0.000000e+000	0.000000e+000	0.000000e+000	0.000000e+000	0.000000e+000	0.000000e+000	-2.530171e-098	-2.656984e+303	0.000000e+000	1.524955e-173	1.072307e-305	0.000000e+000	2.121996e-314	-7.845908e+298	8.478063e-001	5.303060e-001	-2.530171e-098	-2.656984e+303	0.000000e+000	1.524970e-173	1.072473e-305	
4.119882e-001	0.000000e+000	0.000000e+000	0.000000e+000	0.000000e+000	0.000000e+000	0.000000e+000	0.000000e+000	0.000000e+000	0.000000e+000	0.000000e+000	0.000000e+000	0.000000e+000	0.000000e+000	0.000000e+000	-2.530171e-098	-2.656984e+303	0.000000e+000	1.524955e-173	1.072616e-305	0.000000e+000	2.121996e-314	-7.845908e+298	7.978056e-001	6.029148e-001	-2.530171e-098	-2.656984e+303	0.000000e+000	1.524970e-173	1.072781e-305	
8.104470e-001	0.000000e+000	0.000000e+000	0.000000e+000	0.000000e+000	0.000000e+000	0.000000e+000	0.000000e+000	0.000000e+000	0.000000e+000	0.000000e+000	0.000000e+000	0.000000e+000	0.000000e+000	0.000000e+000	-2.530171e-098	-2.656984e+303	0.000000e+000	1.524955e-173	1.072925e-305	0.000000e+000	2.121996e-314	-7.845908e+298	2.933692e-001	9.559992e-001	-2.530171e-098	-2.656984e+303	0.000000e+000	1.524970e-173	1.073090e-305	
6.277532e-001	0.000000e+000	0.000000e+000	0.000000e+000	0.000000e+000	0.000000e+000	0.000000e+000	0.000000e+000	0.000000e+000	0.000000e+000	0.000000e+000	0.000000e+000	0.000000e+000	0.000000e+000	0.000000e+000	-2.530171e-098	-2.656984e+303	0.000000e+000	1.524955e-173	1.073233e-305	0.000000e+000	2.121996e-314	-7.845908e+298	5.519691e-001	8.338646e-001	-2.530171e-098	-2.656984e+303	0.000000e+000	1.524970e-173	1.073398e-305	
2.673201e-001	0.000000e+000	0.000000e+000	0.000000e+000	0.000000e+000	0.000000e+000	0.000000e+000	0.000000e+000	0.000000e+000	0.000000e+000	0.000000e+000	0.000000e+000	0.000000e+000	0.000000e+000	0.000000e+000	-2.530171e-098	-2.656984e+303	0.000000e+000	1.524955e-173	1.073542e-305	0.000000e+000	2.121996e-314	-7.845908e+298	9.131275e-001	4.076741e-001	-2.530171e-098	-2.656984e+303	0.000000e+000	1.524970e-173	1.073707e-305	
4.284654e-001	0.000000e+000	0.000000e+000	0.000000e+000	0.000000e+000	0.000000e+000	0.000000e+000	0.000000e+000	0.000000e+000	0.000000e+000	0.000000e+000	0.000000e+000	0.000000e+000	0.000000e+000	0.000000e+000	-2.530171e-098	-2.656984e+303	0.000000e+000	1.524955e-173	1.073850e-305	0.000000e+000	2.121996e-314	-7.845908e+298	7.819353e-001	6.233596e-001	-2.530171e-098	-2.656984e+303	0.000000e+000	1.524970e-173	1.074015e-305	
2.958347e-001	0.000000e+000	0.000000e+000	0.000000e+000	0.000000e+000	0.000000e+000	0.000000e+000	0.000000e+000	0.000000e+000	0.000000e+000	0.000000e+000	0.000000e+000	0.000000e+000	0.000000e+000	0.000000e+000	-2.530171e-098	-2.656984e+303	0.000000e+000	1.524955e-173	1.074159e-305	0.000000e+000	2.121996e-314	-7.845908e+298	8.939578e-001	4.481511e-001	-2.530171e-098	-2.656984e+303	0.000000e+000	1.524970e-173	1.074324e-305	
