0.000000e+000	0.000000e+000	0.000000e+000	0.000000e+000	0.000000e+000	0.000000e+000	0.000000e+000	0.000000e+000	0.000000e+000	0.000000e+000	0.000000e+000	0.000000e+000	4.973894e-001	0.000000e+000	0.000000e+000	-2.530171e-098	-2.656984e+303	0.000000e+000	1.070098e-173	7.507147e-306	0.000000e+000	2.121996e-314	-7.845908e+298	7.100005e-001	7.042012e-001	-2.530171e-098	-2.656984e+303	0.000000e+000	1.070112e-173	7.508799e-306	
0.000000e+000	0.000000e+000	0.000000e+000	0.000000e+000	0.000000e+000	0.000000e+000	0.000000e+000	0.000000e+000	0.000000e+000	0.000000e+000	0.000000e+000	0.000000e+000	4.637123e-001	0.000000e+000	0.000000e+000	-2.530171e-098	-2.656984e+303	0.000000e+000	1.070098e-173	7.510233e-306	0.000000e+000	2.121996e-314	-7.845908e+298	7.462420e-001	6.656747e-001	-2.530171e-098	-2.656984e+303	0.000000e+000	1.070112e-173	7.511884e-306	
0.000000e+000	0.000000e+000	0.000000e+000	0.000000e+000	0.000000e+000	0.000000e+000	0.000000e+000	0.000000e+000	0.000000e+000	0.000000e+000	0.000000e+000	0.000000e+000	3.726642e-001	0.000000e+000	0.000000e+000	-2.530171e-098	-2.656984e+303	0.000000e+000	1.070098e-173	7.513318e-306	0.000000e+000	2.121996e-314	-7.845908e+298	8.335024e-001	5.525158e-001	-2.530171e-098	-2.656984e+303	0.000000e+000	1.070112e-173	7.514970e-306	
0.000000e+000	0.000000e+000	0.000000e+000	0.000000e+000	0.000000e+000	0.000000e+000	0.000000e+000	0.000000e+000	0.000000e+000	0.000000e+000	0.000000e+000	0.000000e+000	9.224065e-001	0.000000e+000	0.000000e+000	-2.530171e-098	-2.656984e+303	0.000000e+000	1.070098e-173	7.516404e-306	0.000000e+000	2.121996e-314	-7.845908e+298	1.215820e-001	9.925814e-001	-2.530171e-098	-2.656984e+303	0.000000e+000	1.070112e-173	7.518055e-306	
0.000000e+000	0.000000e+000	0.000000e+000	0.000000e+000	0.000000e+000	0.000000e+000	0.000000e+000	0.000000e+000	0.000000e+000	0.000000e+000	0.000000e+000	0.000000e+000	4.417651e-001	0.000000e+000	0.000000e+000	-2.530171e-098	-2.656984e+303	0.000000e+000	1.070098e-173	7.519489e-306	0.000000e+000	2.121996e-314	-7.845908e+298	7.687429e-001	6.395579e-001	-2.530171e-098	-2.656984e+303	0.000000e+000	1.070112e-173	7.521141e-306	
0.000000e+000	0.000000e+000	0.000000e+000	0.000000e+000	0.000000e+000	0.000000e+000	0.000000e+000	0.000000e+000	0.000000e+000	0.000000e+000	0.000000e+000	0.000000e+000	9.700753e-001	0.000000e+000	0.000000e+000	-2.530171e-098	-2.656984e+303	0.000000e+000	1.070098e-173	7.522575e-306	0.000000e+000	2.121996e-314	-7.845908e+298	4.698832e-002	9.988954e-001	-2.530171e-098	-2.656984e+303	0.000000e+000	1.070112e-173	7.524226e-306	
0.000000e+000	0.000000e+000	0.000000e+000	0.000000e+000	0.000000e+000	0.000000e+000	0.000000e+000	0.000000e+000	0.000000e+000	0.000000e+000	0.000000e+000	0.000000e+000	8.996065e-001	0.000000e+000	0.000000e+000	-2.530171e-098	-2.656984e+303	0.000000e+000	1.070098e-173	7.525660e-306	0.000000e+000	2.121996e-314	-7.845908e+298	1.570450e-001	9.875915e-001	-2.530171e-098	-2.656984e+303	0.000000e+000	1.070112e-173	7.527312e-306	
0.000000e+000	0.000000e+000	0.000000e+000	0.000000e+000	0.000000e+000	0.000000e+000	0.000000e+000	0.000000e+000	0.000000e+000	0.000000e+000	0.000000e+000	0.000000e+000	1.000000e+000	0.000000e+000	0.000000e+000	-2.530171e-098	-2.656984e+303	0.000000e+000	1.070098e-173	7.528746e-306	0.000000e+000	2.121996e-314	-7.845908e+298	6.123234e-017	1.000000e+000	-2.530171e-098	-2.656984e+303	0.000000e+000	1.070112e-173	7.530397e-306	
0.000000e+000	0.000000e+000	0.000000e+000	0.000000e+000	0.000000e+000	0.000000e+000	0.000000e+000	0.000000e+000	0.000000e+000	0.000000e+000	0.000000e+000	0.000000e+000	0.000000e+000	0.000000e+000	0.000000e+000	-2.530171e-098	-2.656984e+303	0.000000e+000	1.070098e-173	7.531832e-306	0.000000e+000	2.121996e-314	-7.845908e+298	1.000000e+000	0.000000e+000	-2.530171e-098	-2.656984e+303	0.000000e+000	1.070112e-173	7.533483e-306	
0.000000e+000	0.000000e+000	0.000000e+000	0.000000e+000	0.000000e+000	0.000000e+000	0.000000e+000	0.000000e+000	0.000000e+000	0.000000e+000	0.000000e+000	0.000000e+000	2.128237e-001	0.000000e+000	0.000000e+000	-2.530171e-098	-2.656984e+303	0.000000e+000	1.070098e-173	7.534917e-306	0.000000e+000	2.121996e-314	-7.845908e+298	9.446393e-001	3.281105e-001	-2.530171e-098	-2.656984e+303	0.000000e+000	1.070112e-173	7.536569e-306	
0.000000e+000	0.000000e+000	0.000000e+000	0.000000e+000	0.000000e+000	0.000000e+000	0.000000e+000	0.000000e+000	0.000000e+000	0.000000e+000	0.000000e+000	0.000000e+000	6.753622e-001	0.000000e+000	0.000000e+000	-2.530171e-098	-2.656984e+303	0.000000e+000	1.070098e-173	7.538003e-306	0.000000e+000	2.121996e-314	-7.845908e+298	4.881247e-001	8.727739e-001	-2.530171e-098	-2.656984e+303	0.000000e+000	1.070112e-173	7.539654e-306	
0.000000e+000	0.000000e+000	0.000000e+000	0.000000e+000	0.000000e+000	0.000000e+000	0.000000e+000	0.000000e+000	0.000000e+000	0.000000e+000	0.000000e+000	0.000000e+000	1.871868e-001	0.000000e+000	0.000000e+000	-2.530171e-098	-2.656984e+303	0.000000e+000	1.070098e-173	7.541088e-306	0.000000e+000	2.121996e-314	-7.845908e+298	9.570830e-001	2.898139e-001	-2.530171e-098	-2.656984e+303	0.000000e+000	1.070112e-173	7.542740e-306	
0.000000e+000	0.000000e+000	0.000000e+000	0.000000e+000	0.000000e+000	0.000000e+000	0.000000e+000	0.000000e+000	0.000000e+000	0.000000e+000	0.000000e+000	0.000000e+000	4.214596e-001	0.000000e+000	0.000000e+000	-2.530171e-098	-2.656984e+303	0.000000e+000	1.070098e-173	7.544174e-306	0.000000e+000	2.121996e-314	-7.845908e+298	7.887477e-001	6.147170e-001	-2.530171e-098	-2.656984e+303	0.000000e+000	1.070112e-173	7.545825e-306	
0.000000e+000	0.000000e+000	0.000000e+000	0.000000e+000	0.000000e+000	0.000000e+000	0.000000e+000	0.000000e+000	0.000000e+000	0.000000e+000	0.000000e+000	0.000000e+000	6.956501e-001	0.000000e+000	0.000000e+000	-2.530171e-098	-2.656984e+303	0.000000e+000	1.070098e-173	7.547259e-306	0.000000e+000	2.121996e-314	-7.845908e+298	4.600679e-001	8.878837e-001	-2.530171e-098	-2.656984e+303	0.000000e+000	1.070112e-173	7.548911e-306	
0.000000e+000	0.000000e+000	0.000000e+000	0.000000e+000	0.000000e+000	0.000000e+000	0.000000e+000	0.000000e+000	0.000000e+000	0.000000e+000	0.000000e+000	0.000000e+000	6.540019e-001	0.000000e+000	0.000000e+000	-2.530171e-098	-2.656984e+303	0.000000e+000	1.070098e-173	7.550345e-306	0.000000e+000	2.121996e-314	-7.845908e+298	5.171284e-001	8.559078e-001	-2.530171e-098	-2.656984e+303	0.000000e+000	1.070112e-173	7.551996e-306	
0.000000e+000	0.000000e+000	0.000000e+000	0.000000e+000	0.000000e+000	0.000000e+000	0.000000e+000	0.000000e+000	0.000000e+000	0.000000e+000	0.000000e+000	0.000000e+000	3.975443e-001	0.000000e+000	0.000000e+000	-2.530171e-098	-2.656984e+303	0.000000e+000	1.070098e-173	7.553430e-306	0.000000e+000	2.121996e-314	-7.845908e+298	8.112783e-001	5.846602e-001	-2.530171e-098	-2.656984e+303	0.000000e+000	1.070112e-173	7.555082e-306	
0.000000e+000	0.000000e+000	0.000000e+000	0.000000e+000	0.000000e+000	0.000000e+000	0.000000e+000	0.000000e+000	0.000000e+000	0.000000e+000	0.000000e+000	0.000000e+000	5.843834e-001	0.000000e+000	0.000000e+000	-2.530171e-098	-2.656984e+303	0.000000e+000	1.070098e-173	7.556516e-306	0.000000e+000	2.121996e-314	-7.845908e+298	6.074520e-001	7.943564e-001	-2.530171e-098	-2.656984e+303	0.000000e+000	1.070112e-173	7.558167e-306	
0.000000e+000	0.000000e+000	0.000000e+000	0.000000e+000	0.000000e+000	0.000000e+000	0.000000e+000	0.000000e+000	0.000000e+000	0.000000e+000	0.000000e+000	0.000000e+000	8.657751e-001	0.000000e+000	0.000000e+000	-2.530171e-098	-2.656984e+303	0.000000e+000	1.070098e-173	7.559602e-306	0.000000e+000	2.121996e-314	-7.845908e+298	2.092813e-001	9.778555e-001	-2.530171e-098	-2.656984e+303	0.000000e+000	1.070112e-173	7.561253e-306	
0.000000e+000	0.000000e+000	0.000000e+000	0.000000e+000	0.000000e+000	0.000000e+000	0.000000e+000	0.000000e+000	0.000000e+000	0.000000e+000	0.000000e+000	0.000000e+000	8.089370e-002	0.000000e+000	0.000000e+000	-2.530171e-098	-2.656984e+303	0.000000e+000	1.070098e-173	7.562687e-306	0.000000e+000	2.121996e-314	-7.845908e+298	9.919378e-001	1.267259e-001	-2.530171e-098	-2.656984e+303	0.000000e+000	1.070112e-173	7.564339e-306	
0.000000e+000	0.000000e+000	0.000000e+000	0.000000e+000	0.000000e+000	0.000000e+000	0.000000e+000	0.000000e+000	0.000000e+000	0.000000e+000	0.000000e+000	0.000000e+000	7.828710e-001	0.000000e+000	0.000000e+000	-2.530171e-098	-2.656984e+303	0.000000e+000	1.070098e-173	7.565773e-306	0.000000e+000	2.121996e-314	-7.845908e+298	3.344914e-001	9.423988e-001	-2.530171e-098	-2.656984e+303	0.000000e+000	1.070112e-173	7.567424e-306	
0.000000e+000	0.000000e+000	0.000000e+000	0.000000e+000	0.000000e+000	0.000000e+000	0.000000e+000	0.000000e+000	0.000000e+000	0.000000e+000	0.000000e+000	0.000000e+000	2.391366e-001	0.000000e+000	0.000000e+000	-2.530171e-098	-2.656984e+303	0.000000e+000	1.070098e-173	7.568858e-306	0.000000e+000	2.121996e-314	-7.845908e+298	9.302749e-001	3.668633e-001	-2.530171e-098	-2.656984e+303	0.000000e+000	1.070112e-173	7.570510e-306	
0.000000e+000	0.000000e+000	0.000000e+000	0.000000e+000	0.000000e+000	0.000000e+000	0.000000e+000	0.000000e+000	0.000000e+000	0.000000e+000	0.000000e+000	0.000000e+000	3.163208e-001	0.000000e+000	0.000000e+000	-2.530171e-098	-2.656984e+303	0.000000e+000	1.070098e-173	7.571944e-306	0.000000e+000	2.121996e-314	-7.845908e+298	8.790762e-001	4.766812e-001	-2.530171e-098	-2.656984e+303	0.000000e+000	1.070112e-173	7.573595e-306	
0.000000e+000	0.000000e+000	0.000000e+000	0.000000e+000	0.000000e+000	0.000000e+000	0.000000e+000	0.000000e+000	0.000000e+000	0.000000e+000	0.000000e+000	0.000000e+000	3.163208e-001	0.000000e+000	0.000000e+000	-2.530171e-098	-2.656984e+303	0.000000e+000	1.070098e-173	7.575029e-306	0.000000e+000	2.121996e-314	-7.845908e+298	8.790762e-001	4.766812e-001	-2.530171e-098	-2.656984e+303	0.000000e+000	1.070112e-173	7.576681e-306	
0.000000e+000	0.000000e+000	0.000000e+000	0.000000e+000	0.000000e+000	0.000000e+000	0.000000e+000	0.000000e+000	0.000000e+000	0.000000e+000	0.000000e+000	0.000000e+000	6.269930e-001	0.000000e+000	0.000000e+000	-2.530171e-098	-2.656984e+303	0.000000e+000	1.070098e-173	7.578115e-306	0.000000e+000	2.121996e-314	-7.845908e+298	5.529645e-001	8.332048e-001	-2.530171e-098	-2.656984e+303	0.000000e+000	1.070112e-173	7.579766e-306	
0.000000e+000	0.000000e+000	0.000000e+000	0.000000e+000	0.000000e+000	0.000000e+000	0.000000e+000	0.000000e+000	0.000000e+000	0.000000e+000	0.000000e+000	0.000000e+000	5.412175e-001	0.000000e+000	0.000000e+000	-2.530171e-098	-2.656984e+303	0.000000e+000	1.070098e-173	7.581200e-306	0.000000e+000	2.121996e-314	-7.845908e+298	6.598762e-001	7.513744e-001	-2.530171e-098	-2.656984e+303	0.000000e+000	1.070112e-173	7.582852e-306	
0.000000e+000	0.000000e+000	0.000000e+000	0.000000e+000	0.000000e+000	0.000000e+000	0.000000e+000	0.000000e+000	0.000000e+000	0.000000e+000	0.000000e+000	0.000000e+000	5.639375e-001	0.000000e+000	0.000000e+000	-2.530171e-098	-2.656984e+303	0.000000e+000	1.070098e-173	7.584286e-306	0.000000e+000	2.121996e-314	-7.845908e+298	6.326462e-001	7.744409e-001	-2.530171e-098	-2.656984e+303	0.000000e+000	1.070112e-173	7.585937e-306	
0.000000e+000	0.000000e+000	0.000000e+000	0.000000e+000	0.000000e+000	0.000000e+000	0.000000e+000	0.000000e+000	0.000000e+000	0.000000e+000	0.000000e+000	0.000000e+000	8.043655e-001	0.000000e+000	0.000000e+000	-2.530171e-098	-2.656984e+303	0.000000e+000	1.070098e-173	7.587371e-306	0.000000e+000	2.121996e-314	-7.845908e+298	3.024881e-001	9.531532e-001	-2.530171e-098	-2.656984e+303	0.000000e+000	1.070112e-173	7.589023e-306	
0.000000e+000	0.000000e+000	0.000000e+000	0.000000e+000	0.000000e+000	0.000000e+000	0.000000e+000	0.000000e+000	0.000000e+000	0.000000e+000	0.000000e+000	0.000000e+000	1.048493e-001	0.000000e+000	0.000000e+000	-2.530171e-098	-2.656984e+303	0.000000e+000	1.070098e-173	7.590457e-306	0.000000e+000	2.121996e-314	-7.845908e+298	9.864681e-001	1.639534e-001	-2.530171e-098	-2.656984e+303	0.000000e+000	1.070112e-173	7.592108e-306	
0.000000e+000	0.000000e+000	0.000000e+000	0.000000e+000	0.000000e+000	0.000000e+000	0.000000e+000	0.000000e+000	0.000000e+000	0.000000e+000	0.000000e+000	0.000000e+000	1.566664e-001	0.000000e+000	0.000000e+000	-2.530171e-098	-2.656984e+303	0.000000e+000	1.070098e-173	7.593543e-306	0.000000e+000	2.121996e-314	-7.845908e+298	9.698721e-001	2.436147e-001	-2.530171e-098	-2.656984e+303	0.000000e+000	1.070112e-173	7.595194e-306	
0.000000e+000	0.000000e+000	0.000000e+000	0.000000e+000	0.000000e+000	0.000000e+000	0.000000e+000	0.000000e+000	0.000000e+000	0.000000e+000	0.000000e+000	0.000000e+000	3.496331e-001	0.000000e+000	0.000000e+000	-2.530171e-098	-2.656984e+303	0.000000e+000	1.070098e-173	7.596628e-306	0.000000e+000	2.121996e-314	-7.845908e+298	8.529412e-001	5.220070e-001	-2.530171e-098	-2.656984e+303	0.000000e+000	1.070112e-173	7.598280e-306	
0.000000e+000	0.000000e+000	0.000000e+000	0.000000e+000	0.000000e+000	0.000000e+000	0.000000e+000	0.000000e+000	0.000000e+000	0.000000e+000	0.000000e+000	0.000000e+000	2.832219e-001	0.000000e+000	0.000000e+000	-2.530171e-098	-2.656984e+303	0.000000e+000	1.070098e-173	7.599714e-306	0.000000e+000	2.121996e-314	-7.845908e+298	9.026606e-001	4.303532e-001	-2.530171e-098	-2.656984e+303	0.000000e+000	1.070112e-173	7.601365e-306	
0.000000e+000	0.000000e+000	0.000000e+000	0.000000e+000	0.000000e+000	0.000000e+000	0.000000e+000	0.000000e+000	0.000000e+000	0.000000e+000	0.000000e+000	0.000000e+000	5.095635e-002	0.000000e+000	0.000000e+000	-2.530171e-098	-2.656984e+303	0.000000e+000	1.070098e-173	7.602799e-306	0.000000e+000	2.121996e-314	-7.845908e+298	9.967983e-001	7.995661e-002	-2.530171e-098	-2.656984e+303	0.000000e+000	1.070112e-173	7.604451e-306	
0.000000e+000	0.000000e+000	0.000000e+000	0.000000e+000	0.000000e+000	0.000000e+000	0.000000e+000	0.000000e+000	0.000000e+000	0.000000e+000	0.000000e+000	0.000000e+000	2.627240e-001	0.000000e+000	0.000000e+000	-2.530171e-098	-2.656984e+303	0.000000e+000	1.070098e-173	7.605885e-306	0.000000e+000	2.121996e-314	-7.845908e+298	9.160469e-001	4.010712e-001	-2.530171e-098	-2.656984e+303	0.000000e+000	1.070112e-173	7.607536e-306	
0.000000e+000	0.000000e+000	0.000000e+000	0.000000e+000	0.000000e+000	0.000000e+000	0.000000e+000	0.000000e+000	0.000000e+000	0.000000e+000	0.000000e+000	0.000000e+000	7.652351e-001	0.000000e+000	0.000000e+000	-2.530171e-098	-2.656984e+303	0.000000e+000	1.070098e-173	7.608970e-306	0.000000e+000	2.121996e-314	-7.845908e+298	3.604664e-001	9.327722e-001	-2.530171e-098	-2.656984e+303	0.000000e+000	1.070112e-173	7.610622e-306	
0.000000e+000	0.000000e+000	0.000000e+000	0.000000e+000	0.000000e+000	0.000000e+000	0.000000e+000	0.000000e+000	0.000000e+000	0.000000e+000	0.000000e+000	0.000000e+000	2.576050e-002	0.000000e+000	0.000000e+000	-2.530171e-098	-2.656984e+303	0.000000e+000	1.070098e-173	7.612056e-306	0.000000e+000	2.121996e-314	-7.845908e+298	9.991814e-001	4.045346e-002	-2.530171e-098	-2.656984e+303	0.000000e+000	1.070112e-173	7.613707e-306	
0.000000e+000	0.000000e+000	0.000000e+000	0.000000e+000	0.000000e+000	0.000000e+000	0.000000e+000	0.000000e+000	0.000000e+000	0.000000e+000	0.000000e+000	0.000000e+000	4.785275e-001	0.000000e+000	0.000000e+000	-2.530171e-098	-2.656984e+303	0.000000e+000	1.070098e-173	7.615141e-306	0.000000e+000	2.121996e-314	-7.845908e+298	7.305500e-001	6.828592e-001	-2.530171e-098	-2.656984e+303	0.000000e+000	1.070112e-173	7.616793e-306	
0.000000e+000	0.000000e+000	0.000000e+000	0.000000e+000	0.000000e+000	0.000000e+000	0.000000e+000	0.000000e+000	0.000000e+000	0.000000e+000	0.000000e+000	0.000000e+000	8.193341e-001	0.000000e+000	0.000000e+000	-2.530171e-098	-2.656984e+303	0.000000e+000	1.070098e-173	7.618227e-306	0.000000e+000	2.121996e-314	-7.845908e+298	2.799953e-001	9.600014e-001	-2.530171e-098	-2.656984e+303	0.000000e+000	1.070112e-173	7.619878e-306	
0.000000e+000	0.000000e+000	0.000000e+000	0.000000e+000	0.000000e+000	0.000000e+000	0.000000e+000	0.000000e+000	0.000000e+000	0.000000e+000	0.000000e+000	0.000000e+000	7.196057e-001	0.000000e+000	0.000000e+000	-2.530171e-098	-2.656984e+303	0.000000e+000	1.070098e-173	7.621313e-306	0.000000e+000	2.121996e-314	-7.845908e+298	4.263396e-001	9.045632e-001	-2.530171e-098	-2.656984e+303	0.000000e+000	1.070112e-173	7.622964e-306	
0.000000e+000	0.000000e+000	0.000000e+000	0.000000e+000	0.000000e+000	0.000000e+000	0.000000e+000	0.000000e+000	0.000000e+000	0.000000e+000	0.000000e+000	0.000000e+000	1.321724e-001	0.000000e+000	0.000000e+000	-2.530171e-098	-2.656984e+303	0.000000e+000	1.070098e-173	7.624398e-306	0.000000e+000	2.121996e-314	-7.845908e+298	9.785251e-001	2.061275e-001	-2.530171e-098	-2.656984e+303	0.000000e+000	1.070112e-173	7.626050e-306	
0.000000e+000	0.000000e+000	0.000000e+000	0.000000e+000	0.000000e+000	0.000000e+000	0.000000e+000	0.000000e+000	0.000000e+000	0.000000e+000	0.000000e+000	0.000000e+000	8.424106e-001	0.000000e+000	0.000000e+000	-2.530171e-098	-2.656984e+303	0.000000e+000	1.070098e-173	7.627484e-306	0.000000e+000	2.121996e-314	-7.845908e+298	2.450205e-001	9.695179e-001	-2.530171e-098	-2.656984e+303	0.000000e+000	1.070112e-173	7.629135e-306	
0.000000e+000	0.000000e+000	0.000000e+000	0.000000e+000	0.000000e+000	0.000000e+000	0.000000e+000	0.000000e+000	0.000000e+000	0.000000e+000	0.000000e+000	0.000000e+000	0.000000e+000	0.000000e+000	0.000000e+000	-2.530171e-098	-2.656984e+303	0.000000e+000	1.070098e-173	7.630569e-306	0.000000e+000	2.121996e-314	-7.845908e+298	6.123234e-017	1.000000e+000	-2.530171e-098	-2.656984e+303	0.000000e+000	1.070112e-173	7.632221e-306	
0.000000e+000	0.000000e+000	0.000000e+000	0.000000e+000	0.000000e+000	0.000000e+000	0.000000e+000	0.000000e+000	0.000000e+000	0.000000e+000	0.000000e+000	0.000000e+000	0.000000e+000	0.000000e+000	0.000000e+000	-2.530171e-098	-2.656984e+303	0.000000e+000	1.070098e-173	7.633655e-306	0.000000e+000	2.121996e-314	-7.845908e+298	5.529645e-001	8.332048e-001	-2.530171e-098	-2.656984e+303	0.000000e+000	1.070112e-173	7.635306e-306	
0.000000e+000	0.000000e+000	0.000000e+000	0.000000e+000	0.000000e+000	0.000000e+000	0.000000e+000	0.000000e+000	0.000000e+000	0.000000e+000	0.000000e+000	0.000000e+000	0.000000e+000	0.000000e+000	0.000000e+000	-2.530171e-098	-2.656984e+303	0.000000e+000	1.070098e-173	7.636740e-306	0.000000e+000	2.121996e-314	-7.845908e+298	6.378911e-001	7.701265e-001	-2.530171e-098	-2.656984e+303	0.000000e+000	1.070112e-173	7.638392e-306	
0.000000e+000	0.000000e+000	0.000000e+000	0.000000e+000	0.000000e+000	0.000000e+000	0.000000e+000	0.000000e+000	0.000000e+000	0.000000e+000	0.000000e+000	0.000000e+000	0.000000e+000	0.000000e+000	0.000000e+000	-2.530171e-098	-2.656984e+303	0.000000e+000	1.070098e-173	7.639826e-306	0.000000e+000	2.121996e-314	-7.845908e+298	9.967983e-001	7.995661e-002	-2.530171e-098	-2.656984e+303	0.000000e+000	1.070112e-173	7.641477e-306	
0.000000e+000	0.000000e+000	0.000000e+000	0.000000e+000	0.000000e+000	0.000000e+000	0.000000e+000	0.000000e+000	0.000000e+000	0.000000e+000	0.000000e+000	0.000000e+000	0.000000e+000	0.000000e+000	0.000000e+000	-2.530171e-098	-2.656984e+303	0.000000e+000	1.070098e-173	7.642911e-306	0.000000e+000	2.121996e-314	-7.845908e+298	8.335024e-001	5.525158e-001	-2.530171e-098	-2.656984e+303	0.000000e+000	1.070112e-173	7.644563e-306	
0.000000e+000	0.000000e+000	0.000000e+000	0.000000e+000	0.000000e+000	0.000000e+000	0.000000e+000	0.000000e+000	0.000000e+000	0.000000e+000	0.000000e+000	0.000000e+000	0.000000e+000	0.000000e+000	0.000000e+000	-2.530171e-098	-2.656984e+303	0.000000e+000	1.070098e-173	7.645997e-306	0.000000e+000	2.121996e-314	-7.845908e+298	9.698721e-001	2.436147e-001	-2.530171e-098	-2.656984e+303	0.000000e+000	1.070112e-173	7.647648e-306	
0.000000e+000	0.000000e+000	0.000000e+000	0.000000e+000	0.000000e+000	0.000000e+000	0.000000e+000	0.000000e+000	0.000000e+000	0.000000e+000	0.000000e+000	0.000000e+000	0.000000e+000	0.000000e+000	0.000000e+000	-2.530171e-098	-2.656984e+303	0.000000e+000	1.070098e-173	7.649083e-306	0.000000e+000	2.121996e-314	-7.845908e+298	4.263396e-001	9.045632e-001	-2.530171e-098	-2.656984e+303	0.000000e+000	1.070112e-173	7.650734e-306	
0.000000e+000	0.000000e+000	0.000000e+000	0.000000e+000	0.000000e+000	0.000000e+000	0.000000e+000	0.000000e+000	0.000000e+000	0.000000e+000	0.000000e+000	0.000000e+000	0.000000e+000	0.000000e+000	0.000000e+000	-2.530171e-098	-2.656984e+303	0.000000e+000	1.070098e-173	7.652168e-306	0.000000e+000	2.121996e-314	-7.845908e+298	2.450205e-001	9.695179e-001	-2.530171e-098	-2.656984e+303	0.000000e+000	1.070112e-173	7.653820e-306	
0.000000e+000	0.000000e+000	0.000000e+000	0.000000e+000	0.000000e+000	0.000000e+000	0.000000e+000	0.000000e+000	0.000000e+000	0.000000e+000	0.000000e+000	0.000000e+000	0.000000e+000	0.000000e+000	0.000000e+000	-2.530171e-098	-2.656984e+303	0.000000e+000	1.070098e-173	7.655254e-306	0.000000e+000	2.121996e-314	-7.845908e+298	7.462420e-001	6.656747e-001	-2.530171e-098	-2.656984e+303	0.000000e+000	1.070112e-173	7.656905e-306	
0.000000e+000	0.000000e+000	0.000000e+000	0.000000e+000	0.000000e+000	0.000000e+000	0.000000e+000	0.000000e+000	0.000000e+000	0.000000e+000	0.000000e+000	0.000000e+000	0.000000e+000	0.000000e+000	0.000000e+000	-2.530171e-098	-2.656984e+303	0.000000e+000	1.070098e-173	7.658339e-306	0.000000e+000	2.121996e-314	-7.845908e+298	4.881247e-001	8.727739e-001	-2.530171e-098	-2.656984e+303	0.000000e+000	1.070112e-173	7.659991e-306	
0.000000e+000	0.000000e+000	0.000000e+000	0.000000e+000	0.000000e+000	0.000000e+000	0.000000e+000	0.000000e+000	0.000000e+000	0.000000e+000	0.000000e+000	0.000000e+000	0.000000e+000	0.000000e+000	0.000000e+000	-2.530171e-098	-2.656984e+303	0.000000e+000	1.070098e-173	7.661425e-306	0.000000e+000	2.121996e-314	-7.845908e+298	3.164347e-001	9.486143e-001	-2.530171e-098	-2.656984e+303	0.000000e+000	1.070112e-173	7.663076e-306	
0.000000e+000	0.000000e+000	0.000000e+000	0.000000e+000	0.000000e+000	0.000000e+000	0.000000e+000	0.000000e+000	0.000000e+000	0.000000e+000	0.000000e+000	0.000000e+000	0.000000e+000	0.000000e+000	0.000000e+000	-2.530171e-098	-2.656984e+303	0.000000e+000	1.070098e-173	7.664510e-306	0.000000e+000	2.121996e-314	-7.845908e+298	1.000000e+000	0.000000e+000	-2.530171e-098	-2.656984e+303	0.000000e+000	1.070112e-173	7.666162e-306	
0.000000e+000	0.000000e+000	0.000000e+000	0.000000e+000	0.000000e+000	0.000000e+000	0.000000e+000	0.000000e+000	0.000000e+000	0.000000e+000	0.000000e+000	0.000000e+000	0.000000e+000	0.000000e+000	0.000000e+000	-2.530171e-098	-2.656984e+303	0.000000e+000	1.070098e-173	7.667596e-306	0.000000e+000	2.121996e-314	-7.845908e+298	8.248293e-002	9.965925e-001	-2.530171e-098	-2.656984e+303	0.000000e+000	1.070112e-173	7.669247e-306	
0.000000e+000	0.000000e+000	0.000000e+000	0.000000e+000	0.000000e+000	0.000000e+000	0.000000e+000	0.000000e+000	0.000000e+000	0.000000e+000	0.000000e+000	0.000000e+000	0.000000e+000	0.000000e+000	0.000000e+000	-2.530171e-098	-2.656984e+303	0.000000e+000	1.070098e-173	7.670681e-306	0.000000e+000	2.121996e-314	-7.845908e+298	2.092813e-001	9.778555e-001	-2.530171e-098	-2.656984e+303	0.000000e+000	1.070112e-173	7.672333e-306	
0.000000e+000	0.000000e+000	0.000000e+000	0.000000e+000	0.000000e+000	0.000000e+000	0.000000e+000	0.000000e+000	0.000000e+000	0.000000e+000	0.000000e+000	0.000000e+000	0.000000e+000	0.000000e+000	0.000000e+000	-2.530171e-098	-2.656984e+303	0.000000e+000	1.070098e-173	7.673767e-306	0.000000e+000	2.121996e-314	-7.845908e+298	9.795079e-001	2.014056e-001	-2.530171e-098	-2.656984e+303	0.000000e+000	1.070112e-173	7.675418e-306	
0.000000e+000	0.000000e+000	0.000000e+000	0.000000e+000	0.000000e+000	0.000000e+000	0.000000e+000	0.000000e+000	0.000000e+000	0.000000e+000	0.000000e+000	0.000000e+000	0.000000e+000	0.000000e+000	0.000000e+000	-2.530171e-098	-2.656984e+303	0.000000e+000	1.070098e-173	7.676852e-306	0.000000e+000	2.121996e-314	-7.845908e+298	9.919378e-001	1.267259e-001	-2.530171e-098	-2.656984e+303	0.000000e+000	1.070112e-173	7.678504e-306	
0.000000e+000	0.000000e+000	0.000000e+000	0.000000e+000	0.000000e+000	0.000000e+000	0.000000e+000	0.000000e+000	0.000000e+000	0.000000e+000	0.000000e+000	0.000000e+000	0.000000e+000	0.000000e+000	0.000000e+000	-2.530171e-098	-2.656984e+303	0.000000e+000	1.070098e-173	7.679938e-306	0.000000e+000	2.121996e-314	-7.845908e+298	9.153297e-001	4.027052e-001	-2.530171e-098	-2.656984e+303	0.000000e+000	1.070112e-173	7.681589e-306	
0.000000e+000	0.000000e+000	0.000000e+000	0.000000e+000	0.000000e+000	0.000000e+000	0.000000e+000	0.000000e+000	0.000000e+000	0.000000e+000	0.000000e+000	0.000000e+000	0.000000e+000	0.000000e+000	0.000000e+000	-2.530171e-098	-2.656984e+303	0.000000e+000	1.070098e-173	7.683024e-306	0.000000e+000	2.121996e-314	-7.845908e+298	9.302749e-001	3.668633e-001	-2.530171e-098	-2.656984e+303	0.000000e+000	1.070112e-173	7.684675e-306	
0.000000e+000	0.000000e+000	0.000000e+000	0.000000e+000	0.000000e+000	0.000000e+000	0.000000e+000	0.000000e+000	0.000000e+000	0.000000e+000	0.000000e+000	0.000000e+000	0.000000e+000	0.000000e+000	0.000000e+000	-2.530171e-098	-2.656984e+303	0.000000e+000	1.070098e-173	7.686109e-306	0.000000e+000	2.121996e-314	-7.845908e+298	7.887477e-001	6.147170e-001	-2.530171e-098	-2.656984e+303	0.000000e+000	1.070112e-173	7.687761e-306	
0.000000e+000	0.000000e+000	0.000000e+000	0.000000e+000	0.000000e+000	0.000000e+000	0.000000e+000	0.000000e+000	0.000000e+000	0.000000e+000	0.000000e+000	0.000000e+000	0.000000e+000	0.000000e+000	0.000000e+000	-2.530171e-098	-2.656984e+303	0.000000e+000	1.070098e-173	7.689195e-306	0.000000e+000	2.121996e-314	-7.845908e+298	8.529412e-001	5.220070e-001	-2.530171e-098	-2.656984e+303	0.000000e+000	1.070112e-173	7.690846e-306	
0.000000e+000	0.000000e+000	0.000000e+000	0.000000e+000	0.000000e+000	0.000000e+000	0.000000e+000	0.000000e+000	0.000000e+000	0.000000e+000	0.000000e+000	0.000000e+000	0.000000e+000	0.000000e+000	0.000000e+000	-2.530171e-098	-2.656984e+303	0.000000e+000	1.070098e-173	7.692280e-306	0.000000e+000	2.121996e-314	-7.845908e+298	9.446393e-001	3.281105e-001	-2.530171e-098	-2.656984e+303	0.000000e+000	1.070112e-173	7.693932e-306	
0.000000e+000	0.000000e+000	0.000000e+000	0.000000e+000	0.000000e+000	0.000000e+000	0.000000e+000	0.000000e+000	0.000000e+000	0.000000e+000	0.000000e+000	0.000000e+000	0.000000e+000	0.000000e+000	0.000000e+000	-2.530171e-098	-2.656984e+303	0.000000e+000	1.070098e-173	7.695366e-306	0.000000e+000	2.121996e-314	-7.845908e+298	8.112783e-001	5.846602e-001	-2.530171e-098	-2.656984e+303	0.000000e+000	1.070112e-173	7.697017e-306	
0.000000e+000	0.000000e+000	0.000000e+000	0.000000e+000	0.000000e+000	0.000000e+000	0.000000e+000	0.000000e+000	0.000000e+000	0.000000e+000	0.000000e+000	0.000000e+000	0.000000e+000	0.000000e+000	0.000000e+000	-2.530171e-098	-2.656984e+303	0.000000e+000	1.070098e-173	7.698451e-306	0.000000e+000	2.121996e-314	-7.845908e+298	1.215820e-001	9.925814e-001	-2.530171e-098	-2.656984e+303	0.000000e+000	1.070112e-173	7.700103e-306	
0.000000e+000	0.000000e+000	0.000000e+000	0.000000e+000	0.000000e+000	0.000000e+000	0.000000e+000	0.000000e+000	0.000000e+000	0.000000e+000	0.000000e+000	0.000000e+000	0.000000e+000	0.000000e+000	0.000000e+000	-2.530171e-098	-2.656984e+303	0.000000e+000	1.070098e-173	7.701537e-306	0.000000e+000	2.121996e-314	-7.845908e+298	3.939519e-001	9.191311e-001	-2.530171e-098	-2.656984e+303	0.000000e+000	1.070112e-173	7.703188e-306	
0.000000e+000	0.000000e+000	0.000000e+000	0.000000e+000	0.000000e+000	0.000000e+000	0.000000e+000	0.000000e+000	0.000000e+000	0.000000e+000	0.000000e+000	0.000000e+000	0.000000e+000	0.000000e+000	0.000000e+000	-2.530171e-098	-2.656984e+303	0.000000e+000	1.070098e-173	7.704622e-306	0.000000e+000	2.121996e-314	-7.845908e+298	1.631004e-001	9.866095e-001	-2.530171e-098	-2.656984e+303	0.000000e+000	1.070112e-173	7.706274e-306	
0.000000e+000	0.000000e+000	0.000000e+000	0.000000e+000	0.000000e+000	0.000000e+000	0.000000e+000	0.000000e+000	0.000000e+000	0.000000e+000	0.000000e+000	0.000000e+000	0.000000e+000	0.000000e+000	0.000000e+000	-2.530171e-098	-2.656984e+303	0.000000e+000	1.070098e-173	7.707708e-306	0.000000e+000	2.121996e-314	-7.845908e+298	2.799953e-001	9.600014e-001	-2.530171e-098	-2.656984e+303	0.000000e+000	1.070112e-173	7.709359e-306	
0.000000e+000	0.000000e+000	0.000000e+000	0.000000e+000	0.000000e+000	0.000000e+000	0.000000e+000	0.000000e+000	0.000000e+000	0.000000e+000	0.000000e+000	0.000000e+000	0.000000e+000	0.000000e+000	0.000000e+000	-2.530171e-098	-2.656984e+303	0.000000e+000	1.070098e-173	7.710794e-306	0.000000e+000	2.121996e-314	-7.845908e+298	8.897014e-001	4.565429e-001	-2.530171e-098	-2.656984e+303	0.000000e+000	1.070112e-173	7.712445e-306	
0.000000e+000	0.000000e+000	0.000000e+000	0.000000e+000	0.000000e+000	0.000000e+000	0.000000e+000	0.000000e+000	0.000000e+000	0.000000e+000	0.000000e+000	0.000000e+000	0.000000e+000	0.000000e+000	0.000000e+000	-2.530171e-098	-2.656984e+303	0.000000e+000	1.070098e-173	7.713879e-306	0.000000e+000	2.121996e-314	-7.845908e+298	9.588067e-001	2.840594e-001	-2.530171e-098	-2.656984e+303	0.000000e+000	1.070112e-173	7.715531e-306	
0.000000e+000	0.000000e+000	0.000000e+000	0.000000e+000	0.000000e+000	0.000000e+000	0.000000e+000	0.000000e+000	0.000000e+000	0.000000e+000	0.000000e+000	0.000000e+000	0.000000e+000	0.000000e+000	0.000000e+000	-2.530171e-098	-2.656984e+303	0.000000e+000	1.070098e-173	7.716965e-306	0.000000e+000	2.121996e-314	-7.845908e+298	5.782848e-001	8.158350e-001	-2.530171e-098	-2.656984e+303	0.000000e+000	1.070112e-173	7.718616e-306	
0.000000e+000	0.000000e+000	0.000000e+000	0.000000e+000	0.000000e+000	0.000000e+000	0.000000e+000	0.000000e+000	0.000000e+000	0.000000e+000	0.000000e+000	0.000000e+000	0.000000e+000	0.000000e+000	0.000000e+000	-2.530171e-098	-2.656984e+303	0.000000e+000	1.070098e-173	7.720050e-306	0.000000e+000	2.121996e-314	-7.845908e+298	7.305500e-001	6.828592e-001	-2.530171e-098	-2.656984e+303	0.000000e+000	1.070112e-173	7.721702e-306	
0.000000e+000	0.000000e+000	0.000000e+000	0.000000e+000	0.000000e+000	0.000000e+000	0.000000e+000	0.000000e+000	0.000000e+000	0.000000e+000	0.000000e+000	0.000000e+000	0.000000e+000	0.000000e+000	0.000000e+000	-2.530171e-098	-2.656984e+303	0.000000e+000	1.070098e-173	7.723136e-306	0.000000e+000	2.121996e-314	-7.845908e+298	3.549486e-001	9.348858e-001	-2.530171e-098	-2.656984e+303	0.000000e+000	1.070112e-173	7.724787e-306	
0.000000e+000	0.000000e+000	0.000000e+000	0.000000e+000	0.000000e+000	0.000000e+000	0.000000e+000	0.000000e+000	0.000000e+000	0.000000e+000	0.000000e+000	0.000000e+000	0.000000e+000	0.000000e+000	0.000000e+000	-2.530171e-098	-2.656984e+303	0.000000e+000	1.070098e-173	7.726221e-306	0.000000e+000	2.121996e-314	-7.845908e+298	6.074520e-001	7.943564e-001	-2.530171e-098	-2.656984e+303	0.000000e+000	1.070112e-173	7.727873e-306	
0.000000e+000	0.000000e+000	0.000000e+000	0.000000e+000	0.000000e+000	0.000000e+000	0.000000e+000	0.000000e+000	0.000000e+000	0.000000e+000	0.000000e+000	0.000000e+000	0.000000e+000	0.000000e+000	0.000000e+000	-2.530171e-098	-2.656984e+303	0.000000e+000	1.070098e-173	7.729307e-306	0.000000e+000	2.121996e-314	-7.845908e+298	5.205338e-001	8.538411e-001	-2.530171e-098	-2.656984e+303	0.000000e+000	1.070112e-173	7.730958e-306	
0.000000e+000	0.000000e+000	0.000000e+000	0.000000e+000	0.000000e+000	0.000000e+000	0.000000e+000	0.000000e+000	0.000000e+000	0.000000e+000	0.000000e+000	0.000000e+000	0.000000e+000	0.000000e+000	0.000000e+000	-2.530171e-098	-2.656984e+303	0.000000e+000	1.070098e-173	7.732392e-306	0.000000e+000	2.121996e-314	-7.845908e+298	4.600679e-001	8.878837e-001	-2.530171e-098	-2.656984e+303	0.000000e+000	1.070112e-173	7.734044e-306	
0.000000e+000	0.000000e+000	0.000000e+000	0.000000e+000	0.000000e+000	0.000000e+000	0.000000e+000	0.000000e+000	0.000000e+000	0.000000e+000	0.000000e+000	0.000000e+000	0.000000e+000	0.000000e+000	0.000000e+000	-2.530171e-098	-2.656984e+303	0.000000e+000	1.070098e-173	7.735478e-306	0.000000e+000	2.121996e-314	-7.845908e+298	8.703483e-001	4.924367e-001	-2.530171e-098	-2.656984e+303	0.000000e+000	1.070112e-173	7.737129e-306	
0.000000e+000	0.000000e+000	0.000000e+000	0.000000e+000	0.000000e+000	0.000000e+000	0.000000e+000	0.000000e+000	0.000000e+000	0.000000e+000	0.000000e+000	0.000000e+000	0.000000e+000	0.000000e+000	0.000000e+000	-2.530171e-098	-2.656984e+303	0.000000e+000	1.070098e-173	7.738564e-306	0.000000e+000	2.121996e-314	-7.845908e+298	9.991814e-001	4.045346e-002	-2.530171e-098	-2.656984e+303	0.000000e+000	1.070112e-173	7.740215e-306	
0.000000e+000	0.000000e+000	0.000000e+000	0.000000e+000	0.000000e+000	0.000000e+000	0.000000e+000	0.000000e+000	0.000000e+000	0.000000e+000	0.000000e+000	0.000000e+000	0.000000e+000	0.000000e+000	0.000000e+000	-2.530171e-098	-2.656984e+303	0.000000e+000	1.070098e-173	7.741649e-306	0.000000e+000	2.121996e-314	-7.845908e+298	6.945899e-001	7.194059e-001	-2.530171e-098	-2.656984e+303	0.000000e+000	1.070112e-173	7.743300e-306	
0.000000e+000	0.000000e+000	0.000000e+000	0.000000e+000	0.000000e+000	0.000000e+000	0.000000e+000	0.000000e+000	0.000000e+000	0.000000e+000	0.000000e+000	0.000000e+000	0.000000e+000	0.000000e+000	0.000000e+000	-2.530171e-098	-2.656984e+303	0.000000e+000	1.070098e-173	7.744735e-306	0.000000e+000	2.121996e-314	-7.845908e+298	4.104463e-002	9.991573e-001	-2.530171e-098	-2.656984e+303	0.000000e+000	1.070112e-173	7.746386e-306	
0.000000e+000	0.000000e+000	0.000000e+000	0.000000e+000	0.000000e+000	0.000000e+000	0.000000e+000	0.000000e+000	0.000000e+000	0.000000e+000	0.000000e+000	0.000000e+000	0.000000e+000	0.000000e+000	0.000000e+000	-2.530171e-098	-2.656984e+303	0.000000e+000	1.070098e-173	7.747820e-306	0.000000e+000	2.121996e-314	-7.845908e+298	6.675634e-001	7.445529e-001	-2.530171e-098	-2.656984e+303	0.000000e+000	1.070112e-173	7.749472e-306	
0.000000e+000	0.000000e+000	0.000000e+000	0.000000e+000	0.000000e+000	0.000000e+000	0.000000e+000	0.000000e+000	0.000000e+000	0.000000e+000	0.000000e+000	0.000000e+000	0.000000e+000	0.000000e+000	0.000000e+000	-2.530171e-098	-2.656984e+303	0.000000e+000	1.070098e-173	7.750906e-306	0.000000e+000	2.121996e-314	-7.845908e+298	7.687429e-001	6.395579e-001	-2.530171e-098	-2.656984e+303	0.000000e+000	1.070112e-173	7.752557e-306	
