0.000000e+000	0.000000e+000	0.000000e+000	0.000000e+000	0.000000e+000	0.000000e+000	0.000000e+000	0.000000e+000	0.000000e+000	0.000000e+000	0.000000e+000	0.000000e+000	3.627781e-001	0.000000e+000	0.000000e+000	-2.530171e-098	-2.656984e+303	0.000000e+000	1.373336e-173	9.682200e-306	0.000000e+000	2.121996e-314	-7.845908e+298	8.419817e-001	5.395061e-001	-2.530171e-098	-2.656984e+303	0.000000e+000	1.373351e-173	9.683852e-306	
0.000000e+000	0.000000e+000	0.000000e+000	0.000000e+000	0.000000e+000	0.000000e+000	0.000000e+000	0.000000e+000	0.000000e+000	0.000000e+000	0.000000e+000	0.000000e+000	6.979280e-001	0.000000e+000	0.000000e+000	-2.530171e-098	-2.656984e+303	0.000000e+000	1.373336e-173	9.685286e-306	0.000000e+000	2.121996e-314	-7.845908e+298	4.568881e-001	8.895242e-001	-2.530171e-098	-2.656984e+303	0.000000e+000	1.373351e-173	9.686937e-306	
0.000000e+000	0.000000e+000	0.000000e+000	0.000000e+000	0.000000e+000	0.000000e+000	0.000000e+000	0.000000e+000	0.000000e+000	0.000000e+000	0.000000e+000	0.000000e+000	8.388319e-001	0.000000e+000	0.000000e+000	-2.530171e-098	-2.656984e+303	0.000000e+000	1.373336e-173	9.688371e-306	0.000000e+000	2.121996e-314	-7.845908e+298	2.504667e-001	9.681252e-001	-2.530171e-098	-2.656984e+303	0.000000e+000	1.373351e-173	9.690023e-306	
0.000000e+000	0.000000e+000	0.000000e+000	0.000000e+000	0.000000e+000	0.000000e+000	0.000000e+000	0.000000e+000	0.000000e+000	0.000000e+000	0.000000e+000	0.000000e+000	9.724481e-001	0.000000e+000	0.000000e+000	-2.530171e-098	-2.656984e+303	0.000000e+000	1.373336e-173	9.691457e-306	0.000000e+000	2.121996e-314	-7.845908e+298	4.326489e-002	9.990636e-001	-2.530171e-098	-2.656984e+303	0.000000e+000	1.373351e-173	9.693108e-306	
0.000000e+000	0.000000e+000	0.000000e+000	0.000000e+000	0.000000e+000	0.000000e+000	0.000000e+000	0.000000e+000	0.000000e+000	0.000000e+000	0.000000e+000	0.000000e+000	1.083158e-001	0.000000e+000	0.000000e+000	-2.530171e-098	-2.656984e+303	0.000000e+000	1.373336e-173	9.694543e-306	0.000000e+000	2.121996e-314	-7.845908e+298	9.855607e-001	1.693224e-001	-2.530171e-098	-2.656984e+303	0.000000e+000	1.373351e-173	9.696194e-306	
0.000000e+000	0.000000e+000	0.000000e+000	0.000000e+000	0.000000e+000	0.000000e+000	0.000000e+000	0.000000e+000	0.000000e+000	0.000000e+000	0.000000e+000	0.000000e+000	6.468479e-001	0.000000e+000	0.000000e+000	-2.530171e-098	-2.656984e+303	0.000000e+000	1.373336e-173	9.697628e-306	0.000000e+000	2.121996e-314	-7.845908e+298	5.267138e-001	8.500427e-001	-2.530171e-098	-2.656984e+303	0.000000e+000	1.373351e-173	9.699279e-306	
0.000000e+000	0.000000e+000	0.000000e+000	0.000000e+000	0.000000e+000	0.000000e+000	0.000000e+000	0.000000e+000	0.000000e+000	0.000000e+000	0.000000e+000	0.000000e+000	3.833596e-001	0.000000e+000	0.000000e+000	-2.530171e-098	-2.656984e+303	0.000000e+000	1.373336e-173	9.700714e-306	0.000000e+000	2.121996e-314	-7.845908e+298	8.241028e-001	5.664402e-001	-2.530171e-098	-2.656984e+303	0.000000e+000	1.373351e-173	9.702365e-306	
0.000000e+000	0.000000e+000	0.000000e+000	0.000000e+000	0.000000e+000	0.000000e+000	0.000000e+000	0.000000e+000	0.000000e+000	0.000000e+000	0.000000e+000	0.000000e+000	6.174436e-001	0.000000e+000	0.000000e+000	-2.530171e-098	-2.656984e+303	0.000000e+000	1.373336e-173	9.703799e-306	0.000000e+000	2.121996e-314	-7.845908e+298	5.654000e-001	8.248168e-001	-2.530171e-098	-2.656984e+303	0.000000e+000	1.373351e-173	9.705451e-306	
0.000000e+000	0.000000e+000	0.000000e+000	0.000000e+000	0.000000e+000	0.000000e+000	0.000000e+000	0.000000e+000	0.000000e+000	0.000000e+000	0.000000e+000	0.000000e+000	7.471482e-001	0.000000e+000	0.000000e+000	-2.530171e-098	-2.656984e+303	0.000000e+000	1.373336e-173	9.706885e-306	0.000000e+000	2.121996e-314	-7.845908e+298	3.868182e-001	9.221560e-001	-2.530171e-098	-2.656984e+303	0.000000e+000	1.373351e-173	9.708536e-306	
0.000000e+000	0.000000e+000	0.000000e+000	0.000000e+000	0.000000e+000	0.000000e+000	0.000000e+000	0.000000e+000	0.000000e+000	0.000000e+000	0.000000e+000	0.000000e+000	2.655179e-001	0.000000e+000	0.000000e+000	-2.530171e-098	-2.656984e+303	0.000000e+000	1.373336e-173	9.709970e-306	0.000000e+000	2.121996e-314	-7.845908e+298	9.142779e-001	4.050876e-001	-2.530171e-098	-2.656984e+303	0.000000e+000	1.373351e-173	9.711622e-306	
0.000000e+000	0.000000e+000	0.000000e+000	0.000000e+000	0.000000e+000	0.000000e+000	0.000000e+000	0.000000e+000	0.000000e+000	0.000000e+000	0.000000e+000	0.000000e+000	2.081395e-001	0.000000e+000	0.000000e+000	-2.530171e-098	-2.656984e+303	0.000000e+000	1.373336e-173	9.713056e-306	0.000000e+000	2.121996e-314	-7.845908e+298	9.470279e-001	3.211512e-001	-2.530171e-098	-2.656984e+303	0.000000e+000	1.373351e-173	9.714707e-306	
0.000000e+000	0.000000e+000	0.000000e+000	0.000000e+000	0.000000e+000	0.000000e+000	0.000000e+000	0.000000e+000	0.000000e+000	0.000000e+000	0.000000e+000	0.000000e+000	7.272511e-001	0.000000e+000	0.000000e+000	-2.530171e-098	-2.656984e+303	0.000000e+000	1.373336e-173	9.716141e-306	0.000000e+000	2.121996e-314	-7.845908e+298	4.154460e-001	9.096179e-001	-2.530171e-098	-2.656984e+303	0.000000e+000	1.373351e-173	9.717793e-306	
0.000000e+000	0.000000e+000	0.000000e+000	0.000000e+000	0.000000e+000	0.000000e+000	0.000000e+000	0.000000e+000	0.000000e+000	0.000000e+000	0.000000e+000	0.000000e+000	5.097127e-001	0.000000e+000	0.000000e+000	-2.530171e-098	-2.656984e+303	0.000000e+000	1.373336e-173	9.719227e-306	0.000000e+000	2.121996e-314	-7.845908e+298	6.962368e-001	7.178121e-001	-2.530171e-098	-2.656984e+303	0.000000e+000	1.373351e-173	9.720878e-306	
0.000000e+000	0.000000e+000	0.000000e+000	0.000000e+000	0.000000e+000	0.000000e+000	0.000000e+000	0.000000e+000	0.000000e+000	0.000000e+000	0.000000e+000	0.000000e+000	9.467952e-001	0.000000e+000	0.000000e+000	-2.530171e-098	-2.656984e+303	0.000000e+000	1.373336e-173	9.722312e-306	0.000000e+000	2.121996e-314	-7.845908e+298	8.347668e-002	9.965097e-001	-2.530171e-098	-2.656984e+303	0.000000e+000	1.373351e-173	9.723964e-306	
0.000000e+000	0.000000e+000	0.000000e+000	0.000000e+000	0.000000e+000	0.000000e+000	0.000000e+000	0.000000e+000	0.000000e+000	0.000000e+000	0.000000e+000	0.000000e+000	5.559834e-001	0.000000e+000	0.000000e+000	-2.530171e-098	-2.656984e+303	0.000000e+000	1.373336e-173	9.725398e-306	0.000000e+000	2.121996e-314	-7.845908e+298	6.422726e-001	7.664763e-001	-2.530171e-098	-2.656984e+303	0.000000e+000	1.373351e-173	9.727049e-306	
0.000000e+000	0.000000e+000	0.000000e+000	0.000000e+000	0.000000e+000	0.000000e+000	0.000000e+000	0.000000e+000	0.000000e+000	0.000000e+000	0.000000e+000	0.000000e+000	2.915953e-001	0.000000e+000	0.000000e+000	-2.530171e-098	-2.656984e+303	0.000000e+000	1.373336e-173	9.728484e-306	0.000000e+000	2.121996e-314	-7.845908e+298	8.969223e-001	4.421881e-001	-2.530171e-098	-2.656984e+303	0.000000e+000	1.373351e-173	9.730135e-306	
0.000000e+000	0.000000e+000	0.000000e+000	0.000000e+000	0.000000e+000	0.000000e+000	0.000000e+000	0.000000e+000	0.000000e+000	0.000000e+000	0.000000e+000	0.000000e+000	2.368918e-001	0.000000e+000	0.000000e+000	-2.530171e-098	-2.656984e+303	0.000000e+000	1.373336e-173	9.731569e-306	0.000000e+000	2.121996e-314	-7.845908e+298	9.315627e-001	3.635807e-001	-2.530171e-098	-2.656984e+303	0.000000e+000	1.373351e-173	9.733221e-306	
0.000000e+000	0.000000e+000	0.000000e+000	0.000000e+000	0.000000e+000	0.000000e+000	0.000000e+000	0.000000e+000	0.000000e+000	0.000000e+000	0.000000e+000	0.000000e+000	7.019117e-002	0.000000e+000	0.000000e+000	-2.530171e-098	-2.656984e+303	0.000000e+000	1.373336e-173	9.734655e-306	0.000000e+000	2.121996e-314	-7.845908e+298	9.939280e-001	1.100328e-001	-2.530171e-098	-2.656984e+303	0.000000e+000	1.373351e-173	9.736306e-306	
0.000000e+000	0.000000e+000	0.000000e+000	0.000000e+000	0.000000e+000	0.000000e+000	0.000000e+000	0.000000e+000	0.000000e+000	0.000000e+000	0.000000e+000	0.000000e+000	6.755632e-001	0.000000e+000	0.000000e+000	-2.530171e-098	-2.656984e+303	0.000000e+000	1.373336e-173	9.737740e-306	0.000000e+000	2.121996e-314	-7.845908e+298	4.878491e-001	8.729280e-001	-2.530171e-098	-2.656984e+303	0.000000e+000	1.373351e-173	9.739392e-306	
0.000000e+000	0.000000e+000	0.000000e+000	0.000000e+000	0.000000e+000	0.000000e+000	0.000000e+000	0.000000e+000	0.000000e+000	0.000000e+000	0.000000e+000	0.000000e+000	8.650586e-002	0.000000e+000	0.000000e+000	-2.530171e-098	-2.656984e+303	0.000000e+000	1.373336e-173	9.740826e-306	0.000000e+000	2.121996e-314	-7.845908e+298	9.907821e-001	1.354653e-001	-2.530171e-098	-2.656984e+303	0.000000e+000	1.373351e-173	9.742477e-306	
0.000000e+000	0.000000e+000	0.000000e+000	0.000000e+000	0.000000e+000	0.000000e+000	0.000000e+000	0.000000e+000	0.000000e+000	0.000000e+000	0.000000e+000	0.000000e+000	4.401554e-001	0.000000e+000	0.000000e+000	-2.530171e-098	-2.656984e+303	0.000000e+000	1.373336e-173	9.743911e-306	0.000000e+000	2.121996e-314	-7.845908e+298	7.703577e-001	6.376120e-001	-2.530171e-098	-2.656984e+303	0.000000e+000	1.373351e-173	9.745563e-306	
0.000000e+000	0.000000e+000	0.000000e+000	0.000000e+000	0.000000e+000	0.000000e+000	0.000000e+000	0.000000e+000	0.000000e+000	0.000000e+000	0.000000e+000	0.000000e+000	1.568135e-001	0.000000e+000	0.000000e+000	-2.530171e-098	-2.656984e+303	0.000000e+000	1.373336e-173	9.746997e-306	0.000000e+000	2.121996e-314	-7.845908e+298	9.698158e-001	2.438386e-001	-2.530171e-098	-2.656984e+303	0.000000e+000	1.373351e-173	9.748648e-306	
0.000000e+000	0.000000e+000	0.000000e+000	0.000000e+000	0.000000e+000	0.000000e+000	0.000000e+000	0.000000e+000	0.000000e+000	0.000000e+000	0.000000e+000	0.000000e+000	3.361756e-001	0.000000e+000	0.000000e+000	-2.530171e-098	-2.656984e+303	0.000000e+000	1.373336e-173	9.750082e-306	0.000000e+000	2.121996e-314	-7.845908e+298	8.637844e-001	5.038615e-001	-2.530171e-098	-2.656984e+303	0.000000e+000	1.373351e-173	9.751734e-306	
0.000000e+000	0.000000e+000	0.000000e+000	0.000000e+000	0.000000e+000	0.000000e+000	0.000000e+000	0.000000e+000	0.000000e+000	0.000000e+000	0.000000e+000	0.000000e+000	4.589049e-001	0.000000e+000	0.000000e+000	-2.530171e-098	-2.656984e+303	0.000000e+000	1.373336e-173	9.753168e-306	0.000000e+000	2.121996e-314	-7.845908e+298	7.512475e-001	6.600206e-001	-2.530171e-098	-2.656984e+303	0.000000e+000	1.373351e-173	9.754819e-306	
0.000000e+000	0.000000e+000	0.000000e+000	0.000000e+000	0.000000e+000	0.000000e+000	0.000000e+000	0.000000e+000	0.000000e+000	0.000000e+000	0.000000e+000	0.000000e+000	3.874695e-002	0.000000e+000	0.000000e+000	-2.530171e-098	-2.656984e+303	0.000000e+000	1.373336e-173	9.756254e-306	0.000000e+000	2.121996e-314	-7.845908e+298	9.981484e-001	6.082600e-002	-2.530171e-098	-2.656984e+303	0.000000e+000	1.373351e-173	9.757905e-306	
0.000000e+000	0.000000e+000	0.000000e+000	0.000000e+000	0.000000e+000	0.000000e+000	0.000000e+000	0.000000e+000	0.000000e+000	0.000000e+000	0.000000e+000	0.000000e+000	3.997036e-001	0.000000e+000	0.000000e+000	-2.530171e-098	-2.656984e+303	0.000000e+000	1.373336e-173	9.759339e-306	0.000000e+000	2.121996e-314	-7.845908e+298	8.092906e-001	5.874085e-001	-2.530171e-098	-2.656984e+303	0.000000e+000	1.373351e-173	9.760991e-306	
0.000000e+000	0.000000e+000	0.000000e+000	0.000000e+000	0.000000e+000	0.000000e+000	0.000000e+000	0.000000e+000	0.000000e+000	0.000000e+000	0.000000e+000	0.000000e+000	1.772707e-001	0.000000e+000	0.000000e+000	-2.530171e-098	-2.656984e+303	0.000000e+000	1.373336e-173	9.762425e-306	0.000000e+000	2.121996e-314	-7.845908e+298	9.614809e-001	2.748716e-001	-2.530171e-098	-2.656984e+303	0.000000e+000	1.373351e-173	9.764076e-306	
0.000000e+000	0.000000e+000	0.000000e+000	0.000000e+000	0.000000e+000	0.000000e+000	0.000000e+000	0.000000e+000	0.000000e+000	0.000000e+000	0.000000e+000	0.000000e+000	1.000000e+000	0.000000e+000	0.000000e+000	-2.530171e-098	-2.656984e+303	0.000000e+000	1.373336e-173	9.765510e-306	0.000000e+000	2.121996e-314	-7.845908e+298	6.123234e-017	1.000000e+000	-2.530171e-098	-2.656984e+303	0.000000e+000	1.373351e-173	9.767162e-306	
0.000000e+000	0.000000e+000	0.000000e+000	0.000000e+000	0.000000e+000	0.000000e+000	0.000000e+000	0.000000e+000	0.000000e+000	0.000000e+000	0.000000e+000	0.000000e+000	8.896281e-001	0.000000e+000	0.000000e+000	-2.530171e-098	-2.656984e+303	0.000000e+000	1.373336e-173	9.768596e-306	0.000000e+000	2.121996e-314	-7.845908e+298	1.725046e-001	9.850087e-001	-2.530171e-098	-2.656984e+303	0.000000e+000	1.373351e-173	9.770247e-306	
0.000000e+000	0.000000e+000	0.000000e+000	0.000000e+000	0.000000e+000	0.000000e+000	0.000000e+000	0.000000e+000	0.000000e+000	0.000000e+000	0.000000e+000	0.000000e+000	5.972096e-001	0.000000e+000	0.000000e+000	-2.530171e-098	-2.656984e+303	0.000000e+000	1.373336e-173	9.771681e-306	0.000000e+000	2.121996e-314	-7.845908e+298	5.913256e-001	8.064329e-001	-2.530171e-098	-2.656984e+303	0.000000e+000	1.373351e-173	9.773333e-306	
0.000000e+000	0.000000e+000	0.000000e+000	0.000000e+000	0.000000e+000	0.000000e+000	0.000000e+000	0.000000e+000	0.000000e+000	0.000000e+000	0.000000e+000	0.000000e+000	8.014282e-001	0.000000e+000	0.000000e+000	-2.530171e-098	-2.656984e+303	0.000000e+000	1.373336e-173	9.774767e-306	0.000000e+000	2.121996e-314	-7.845908e+298	3.068826e-001	9.517474e-001	-2.530171e-098	-2.656984e+303	0.000000e+000	1.373351e-173	9.776418e-306	
0.000000e+000	0.000000e+000	0.000000e+000	0.000000e+000	0.000000e+000	0.000000e+000	0.000000e+000	0.000000e+000	0.000000e+000	0.000000e+000	0.000000e+000	0.000000e+000	5.312217e-001	0.000000e+000	0.000000e+000	-2.530171e-098	-2.656984e+303	0.000000e+000	1.373336e-173	9.777852e-306	0.000000e+000	2.121996e-314	-7.845908e+298	6.715919e-001	7.409212e-001	-2.530171e-098	-2.656984e+303	0.000000e+000	1.373351e-173	9.779504e-306	
0.000000e+000	0.000000e+000	0.000000e+000	0.000000e+000	0.000000e+000	0.000000e+000	0.000000e+000	0.000000e+000	0.000000e+000	0.000000e+000	0.000000e+000	0.000000e+000	4.223103e-001	0.000000e+000	0.000000e+000	-2.530171e-098	-2.656984e+303	0.000000e+000	1.373336e-173	9.780938e-306	0.000000e+000	2.121996e-314	-7.845908e+298	7.879256e-001	6.157705e-001	-2.530171e-098	-2.656984e+303	0.000000e+000	1.373351e-173	9.782589e-306	
0.000000e+000	0.000000e+000	0.000000e+000	0.000000e+000	0.000000e+000	0.000000e+000	0.000000e+000	0.000000e+000	0.000000e+000	0.000000e+000	0.000000e+000	0.000000e+000	5.725506e-001	0.000000e+000	0.000000e+000	-2.530171e-098	-2.656984e+303	0.000000e+000	1.373336e-173	9.784024e-306	0.000000e+000	2.121996e-314	-7.845908e+298	6.221108e-001	7.829292e-001	-2.530171e-098	-2.656984e+303	0.000000e+000	1.373351e-173	9.785675e-306	
0.000000e+000	0.000000e+000	0.000000e+000	0.000000e+000	0.000000e+000	0.000000e+000	0.000000e+000	0.000000e+000	0.000000e+000	0.000000e+000	0.000000e+000	0.000000e+000	1.380819e-001	0.000000e+000	0.000000e+000	-2.530171e-098	-2.656984e+303	0.000000e+000	1.373336e-173	9.787109e-306	0.000000e+000	2.121996e-314	-7.845908e+298	9.765696e-001	2.152019e-001	-2.530171e-098	-2.656984e+303	0.000000e+000	1.373351e-173	9.788760e-306	
0.000000e+000	0.000000e+000	0.000000e+000	0.000000e+000	0.000000e+000	0.000000e+000	0.000000e+000	0.000000e+000	0.000000e+000	0.000000e+000	0.000000e+000	0.000000e+000	7.740425e-001	0.000000e+000	0.000000e+000	-2.530171e-098	-2.656984e+303	0.000000e+000	1.373336e-173	9.790195e-306	0.000000e+000	2.121996e-314	-7.845908e+298	3.475278e-001	9.376697e-001	-2.530171e-098	-2.656984e+303	0.000000e+000	1.373351e-173	9.791846e-306	
0.000000e+000	0.000000e+000	0.000000e+000	0.000000e+000	0.000000e+000	0.000000e+000	0.000000e+000	0.000000e+000	0.000000e+000	0.000000e+000	0.000000e+000	0.000000e+000	3.163505e-001	0.000000e+000	0.000000e+000	-2.530171e-098	-2.656984e+303	0.000000e+000	1.373336e-173	9.793280e-306	0.000000e+000	2.121996e-314	-7.845908e+298	8.790540e-001	4.767222e-001	-2.530171e-098	-2.656984e+303	0.000000e+000	1.373351e-173	9.794932e-306	
0.000000e+000	0.000000e+000	0.000000e+000	0.000000e+000	0.000000e+000	0.000000e+000	0.000000e+000	0.000000e+000	0.000000e+000	0.000000e+000	0.000000e+000	0.000000e+000	8.643877e-001	0.000000e+000	0.000000e+000	-2.530171e-098	-2.656984e+303	0.000000e+000	1.373336e-173	9.796366e-306	0.000000e+000	2.121996e-314	-7.845908e+298	2.114120e-001	9.773970e-001	-2.530171e-098	-2.656984e+303	0.000000e+000	1.373351e-173	9.798017e-306	
0.000000e+000	0.000000e+000	0.000000e+000	0.000000e+000	0.000000e+000	0.000000e+000	0.000000e+000	0.000000e+000	0.000000e+000	0.000000e+000	0.000000e+000	0.000000e+000	4.930851e-001	0.000000e+000	0.000000e+000	-2.530171e-098	-2.656984e+303	0.000000e+000	1.373336e-173	9.799451e-306	0.000000e+000	2.121996e-314	-7.845908e+298	7.147455e-001	6.993847e-001	-2.530171e-098	-2.656984e+303	0.000000e+000	1.373351e-173	9.801103e-306	
0.000000e+000	0.000000e+000	0.000000e+000	0.000000e+000	0.000000e+000	0.000000e+000	0.000000e+000	0.000000e+000	0.000000e+000	0.000000e+000	0.000000e+000	0.000000e+000	0.000000e+000	0.000000e+000	0.000000e+000	-2.530171e-098	-2.656984e+303	0.000000e+000	1.373336e-173	9.802537e-306	0.000000e+000	2.121996e-314	-7.845908e+298	1.000000e+000	0.000000e+000	-2.530171e-098	-2.656984e+303	0.000000e+000	1.373351e-173	9.804188e-306	
0.000000e+000	0.000000e+000	0.000000e+000	0.000000e+000	0.000000e+000	0.000000e+000	0.000000e+000	0.000000e+000	0.000000e+000	0.000000e+000	0.000000e+000	0.000000e+000	0.000000e+000	0.000000e+000	0.000000e+000	-2.530171e-098	-2.656984e+303	0.000000e+000	1.373336e-173	9.805622e-306	0.000000e+000	2.121996e-314	-7.845908e+298	8.421394e-001	5.392599e-001	-2.530171e-098	-2.656984e+303	0.000000e+000	1.373351e-173	9.807274e-306	
0.000000e+000	0.000000e+000	0.000000e+000	0.000000e+000	0.000000e+000	0.000000e+000	0.000000e+000	0.000000e+000	0.000000e+000	0.000000e+000	0.000000e+000	0.000000e+000	0.000000e+000	0.000000e+000	0.000000e+000	-2.530171e-098	-2.656984e+303	0.000000e+000	1.373336e-173	9.808708e-306	0.000000e+000	2.121996e-314	-7.845908e+298	7.879256e-001	6.157705e-001	-2.530171e-098	-2.656984e+303	0.000000e+000	1.373351e-173	9.810359e-306	
0.000000e+000	0.000000e+000	0.000000e+000	0.000000e+000	0.000000e+000	0.000000e+000	0.000000e+000	0.000000e+000	0.000000e+000	0.000000e+000	0.000000e+000	0.000000e+000	0.000000e+000	0.000000e+000	0.000000e+000	-2.530171e-098	-2.656984e+303	0.000000e+000	1.373336e-173	9.811793e-306	0.000000e+000	2.121996e-314	-7.845908e+298	9.855607e-001	1.693224e-001	-2.530171e-098	-2.656984e+303	0.000000e+000	1.373351e-173	9.813445e-306	
0.000000e+000	0.000000e+000	0.000000e+000	0.000000e+000	0.000000e+000	0.000000e+000	0.000000e+000	0.000000e+000	0.000000e+000	0.000000e+000	0.000000e+000	0.000000e+000	0.000000e+000	0.000000e+000	0.000000e+000	-2.530171e-098	-2.656984e+303	0.000000e+000	1.373336e-173	9.814879e-306	0.000000e+000	2.121996e-314	-7.845908e+298	9.698158e-001	2.438386e-001	-2.530171e-098	-2.656984e+303	0.000000e+000	1.373351e-173	9.816530e-306	
0.000000e+000	0.000000e+000	0.000000e+000	0.000000e+000	0.000000e+000	0.000000e+000	0.000000e+000	0.000000e+000	0.000000e+000	0.000000e+000	0.000000e+000	0.000000e+000	0.000000e+000	0.000000e+000	0.000000e+000	-2.530171e-098	-2.656984e+303	0.000000e+000	1.373336e-173	9.817965e-306	0.000000e+000	2.121996e-314	-7.845908e+298	8.790540e-001	4.767222e-001	-2.530171e-098	-2.656984e+303	0.000000e+000	1.373351e-173	9.819616e-306	
0.000000e+000	0.000000e+000	0.000000e+000	0.000000e+000	0.000000e+000	0.000000e+000	0.000000e+000	0.000000e+000	0.000000e+000	0.000000e+000	0.000000e+000	0.000000e+000	0.000000e+000	0.000000e+000	0.000000e+000	-2.530171e-098	-2.656984e+303	0.000000e+000	1.373336e-173	9.821050e-306	0.000000e+000	2.121996e-314	-7.845908e+298	8.637844e-001	5.038615e-001	-2.530171e-098	-2.656984e+303	0.000000e+000	1.373351e-173	9.822702e-306	
0.000000e+000	0.000000e+000	0.000000e+000	0.000000e+000	0.000000e+000	0.000000e+000	0.000000e+000	0.000000e+000	0.000000e+000	0.000000e+000	0.000000e+000	0.000000e+000	0.000000e+000	0.000000e+000	0.000000e+000	-2.530171e-098	-2.656984e+303	0.000000e+000	1.373336e-173	9.824136e-306	0.000000e+000	2.121996e-314	-7.845908e+298	8.092906e-001	5.874085e-001	-2.530171e-098	-2.656984e+303	0.000000e+000	1.373351e-173	9.825787e-306	
0.000000e+000	0.000000e+000	0.000000e+000	0.000000e+000	0.000000e+000	0.000000e+000	0.000000e+000	0.000000e+000	0.000000e+000	0.000000e+000	0.000000e+000	0.000000e+000	0.000000e+000	0.000000e+000	0.000000e+000	-2.530171e-098	-2.656984e+303	0.000000e+000	1.373336e-173	9.827221e-306	0.000000e+000	2.121996e-314	-7.845908e+298	1.274173e-001	9.918492e-001	-2.530171e-098	-2.656984e+303	0.000000e+000	1.373351e-173	9.828873e-306	
0.000000e+000	0.000000e+000	0.000000e+000	0.000000e+000	0.000000e+000	0.000000e+000	0.000000e+000	0.000000e+000	0.000000e+000	0.000000e+000	0.000000e+000	0.000000e+000	0.000000e+000	0.000000e+000	0.000000e+000	-2.530171e-098	-2.656984e+303	0.000000e+000	1.373336e-173	9.830307e-306	0.000000e+000	2.121996e-314	-7.845908e+298	2.868485e-001	9.579760e-001	-2.530171e-098	-2.656984e+303	0.000000e+000	1.373351e-173	9.831958e-306	
0.000000e+000	0.000000e+000	0.000000e+000	0.000000e+000	0.000000e+000	0.000000e+000	0.000000e+000	0.000000e+000	0.000000e+000	0.000000e+000	0.000000e+000	0.000000e+000	0.000000e+000	0.000000e+000	0.000000e+000	-2.530171e-098	-2.656984e+303	0.000000e+000	1.373336e-173	9.833392e-306	0.000000e+000	2.121996e-314	-7.845908e+298	4.568881e-001	8.895242e-001	-2.530171e-098	-2.656984e+303	0.000000e+000	1.373351e-173	9.835044e-306	
0.000000e+000	0.000000e+000	0.000000e+000	0.000000e+000	0.000000e+000	0.000000e+000	0.000000e+000	0.000000e+000	0.000000e+000	0.000000e+000	0.000000e+000	0.000000e+000	0.000000e+000	0.000000e+000	0.000000e+000	-2.530171e-098	-2.656984e+303	0.000000e+000	1.373336e-173	9.836478e-306	0.000000e+000	2.121996e-314	-7.845908e+298	1.000000e+000	0.000000e+000	-2.530171e-098	-2.656984e+303	0.000000e+000	1.373351e-173	9.838129e-306	
0.000000e+000	0.000000e+000	0.000000e+000	0.000000e+000	0.000000e+000	0.000000e+000	0.000000e+000	0.000000e+000	0.000000e+000	0.000000e+000	0.000000e+000	0.000000e+000	0.000000e+000	0.000000e+000	0.000000e+000	-2.530171e-098	-2.656984e+303	0.000000e+000	1.373336e-173	9.839563e-306	0.000000e+000	2.121996e-314	-7.845908e+298	5.148023e-001	8.573089e-001	-2.530171e-098	-2.656984e+303	0.000000e+000	1.373351e-173	9.841215e-306	
0.000000e+000	0.000000e+000	0.000000e+000	0.000000e+000	0.000000e+000	0.000000e+000	0.000000e+000	0.000000e+000	0.000000e+000	0.000000e+000	0.000000e+000	0.000000e+000	0.000000e+000	0.000000e+000	0.000000e+000	-2.530171e-098	-2.656984e+303	0.000000e+000	1.373336e-173	9.842649e-306	0.000000e+000	2.121996e-314	-7.845908e+298	8.969223e-001	4.421881e-001	-2.530171e-098	-2.656984e+303	0.000000e+000	1.373351e-173	9.844300e-306	
0.000000e+000	0.000000e+000	0.000000e+000	0.000000e+000	0.000000e+000	0.000000e+000	0.000000e+000	0.000000e+000	0.000000e+000	0.000000e+000	0.000000e+000	0.000000e+000	0.000000e+000	0.000000e+000	0.000000e+000	-2.530171e-098	-2.656984e+303	0.000000e+000	1.373336e-173	9.845735e-306	0.000000e+000	2.121996e-314	-7.845908e+298	5.940254e-001	8.044463e-001	-2.530171e-098	-2.656984e+303	0.000000e+000	1.373351e-173	9.847386e-306	
0.000000e+000	0.000000e+000	0.000000e+000	0.000000e+000	0.000000e+000	0.000000e+000	0.000000e+000	0.000000e+000	0.000000e+000	0.000000e+000	0.000000e+000	0.000000e+000	0.000000e+000	0.000000e+000	0.000000e+000	-2.530171e-098	-2.656984e+303	0.000000e+000	1.373336e-173	9.848820e-306	0.000000e+000	2.121996e-314	-7.845908e+298	4.326489e-002	9.990636e-001	-2.530171e-098	-2.656984e+303	0.000000e+000	1.373351e-173	9.850472e-306	
0.000000e+000	0.000000e+000	0.000000e+000	0.000000e+000	0.000000e+000	0.000000e+000	0.000000e+000	0.000000e+000	0.000000e+000	0.000000e+000	0.000000e+000	0.000000e+000	0.000000e+000	0.000000e+000	0.000000e+000	-2.530171e-098	-2.656984e+303	0.000000e+000	1.373336e-173	9.851906e-306	0.000000e+000	2.121996e-314	-7.845908e+298	9.907821e-001	1.354653e-001	-2.530171e-098	-2.656984e+303	0.000000e+000	1.373351e-173	9.853557e-306	
0.000000e+000	0.000000e+000	0.000000e+000	0.000000e+000	0.000000e+000	0.000000e+000	0.000000e+000	0.000000e+000	0.000000e+000	0.000000e+000	0.000000e+000	0.000000e+000	0.000000e+000	0.000000e+000	0.000000e+000	-2.530171e-098	-2.656984e+303	0.000000e+000	1.373336e-173	9.854991e-306	0.000000e+000	2.121996e-314	-7.845908e+298	6.221108e-001	7.829292e-001	-2.530171e-098	-2.656984e+303	0.000000e+000	1.373351e-173	9.856643e-306	
0.000000e+000	0.000000e+000	0.000000e+000	0.000000e+000	0.000000e+000	0.000000e+000	0.000000e+000	0.000000e+000	0.000000e+000	0.000000e+000	0.000000e+000	0.000000e+000	0.000000e+000	0.000000e+000	0.000000e+000	-2.530171e-098	-2.656984e+303	0.000000e+000	1.373336e-173	9.858077e-306	0.000000e+000	2.121996e-314	-7.845908e+298	5.399440e-001	8.417010e-001	-2.530171e-098	-2.656984e+303	0.000000e+000	1.373351e-173	9.859728e-306	
0.000000e+000	0.000000e+000	0.000000e+000	0.000000e+000	0.000000e+000	0.000000e+000	0.000000e+000	0.000000e+000	0.000000e+000	0.000000e+000	0.000000e+000	0.000000e+000	0.000000e+000	0.000000e+000	0.000000e+000	-2.530171e-098	-2.656984e+303	0.000000e+000	1.373336e-173	9.861162e-306	0.000000e+000	2.121996e-314	-7.845908e+298	3.270690e-001	9.450005e-001	-2.530171e-098	-2.656984e+303	0.000000e+000	1.373351e-173	9.862814e-306	
0.000000e+000	0.000000e+000	0.000000e+000	0.000000e+000	0.000000e+000	0.000000e+000	0.000000e+000	0.000000e+000	0.000000e+000	0.000000e+000	0.000000e+000	0.000000e+000	0.000000e+000	0.000000e+000	0.000000e+000	-2.530171e-098	-2.656984e+303	0.000000e+000	1.373336e-173	9.864248e-306	0.000000e+000	2.121996e-314	-7.845908e+298	9.779071e-001	2.090399e-001	-2.530171e-098	-2.656984e+303	0.000000e+000	1.373351e-173	9.865899e-306	
0.000000e+000	0.000000e+000	0.000000e+000	0.000000e+000	0.000000e+000	0.000000e+000	0.000000e+000	0.000000e+000	0.000000e+000	0.000000e+000	0.000000e+000	0.000000e+000	0.000000e+000	0.000000e+000	0.000000e+000	-2.530171e-098	-2.656984e+303	0.000000e+000	1.373336e-173	9.867333e-306	0.000000e+000	2.121996e-314	-7.845908e+298	7.703577e-001	6.376120e-001	-2.530171e-098	-2.656984e+303	0.000000e+000	1.373351e-173	9.868985e-306	
0.000000e+000	0.000000e+000	0.000000e+000	0.000000e+000	0.000000e+000	0.000000e+000	0.000000e+000	0.000000e+000	0.000000e+000	0.000000e+000	0.000000e+000	0.000000e+000	0.000000e+000	0.000000e+000	0.000000e+000	-2.530171e-098	-2.656984e+303	0.000000e+000	1.373336e-173	9.870419e-306	0.000000e+000	2.121996e-314	-7.845908e+298	6.665938e-001	7.454211e-001	-2.530171e-098	-2.656984e+303	0.000000e+000	1.373351e-173	9.872070e-306	
0.000000e+000	0.000000e+000	0.000000e+000	0.000000e+000	0.000000e+000	0.000000e+000	0.000000e+000	0.000000e+000	0.000000e+000	0.000000e+000	0.000000e+000	0.000000e+000	0.000000e+000	0.000000e+000	0.000000e+000	-2.530171e-098	-2.656984e+303	0.000000e+000	1.373336e-173	9.873505e-306	0.000000e+000	2.121996e-314	-7.845908e+298	9.614809e-001	2.748716e-001	-2.530171e-098	-2.656984e+303	0.000000e+000	1.373351e-173	9.875156e-306	
0.000000e+000	0.000000e+000	0.000000e+000	0.000000e+000	0.000000e+000	0.000000e+000	0.000000e+000	0.000000e+000	0.000000e+000	0.000000e+000	0.000000e+000	0.000000e+000	0.000000e+000	0.000000e+000	0.000000e+000	-2.530171e-098	-2.656984e+303	0.000000e+000	1.373336e-173	9.876590e-306	0.000000e+000	2.121996e-314	-7.845908e+298	9.142779e-001	4.050876e-001	-2.530171e-098	-2.656984e+303	0.000000e+000	1.373351e-173	9.878241e-306	
0.000000e+000	0.000000e+000	0.000000e+000	0.000000e+000	0.000000e+000	0.000000e+000	0.000000e+000	0.000000e+000	0.000000e+000	0.000000e+000	0.000000e+000	0.000000e+000	0.000000e+000	0.000000e+000	0.000000e+000	-2.530171e-098	-2.656984e+303	0.000000e+000	1.373336e-173	9.879676e-306	0.000000e+000	2.121996e-314	-7.845908e+298	7.440329e-001	6.681429e-001	-2.530171e-098	-2.656984e+303	0.000000e+000	1.373351e-173	9.881327e-306	
0.000000e+000	0.000000e+000	0.000000e+000	0.000000e+000	0.000000e+000	0.000000e+000	0.000000e+000	0.000000e+000	0.000000e+000	0.000000e+000	0.000000e+000	0.000000e+000	0.000000e+000	0.000000e+000	0.000000e+000	-2.530171e-098	-2.656984e+303	0.000000e+000	1.373336e-173	9.882761e-306	0.000000e+000	2.121996e-314	-7.845908e+298	7.147455e-001	6.993847e-001	-2.530171e-098	-2.656984e+303	0.000000e+000	1.373351e-173	9.884413e-306	
0.000000e+000	0.000000e+000	0.000000e+000	0.000000e+000	0.000000e+000	0.000000e+000	0.000000e+000	0.000000e+000	0.000000e+000	0.000000e+000	0.000000e+000	0.000000e+000	0.000000e+000	0.000000e+000	0.000000e+000	-2.530171e-098	-2.656984e+303	0.000000e+000	1.373336e-173	9.885847e-306	0.000000e+000	2.121996e-314	-7.845908e+298	4.154460e-001	9.096179e-001	-2.530171e-098	-2.656984e+303	0.000000e+000	1.373351e-173	9.887498e-306	
0.000000e+000	0.000000e+000	0.000000e+000	0.000000e+000	0.000000e+000	0.000000e+000	0.000000e+000	0.000000e+000	0.000000e+000	0.000000e+000	0.000000e+000	0.000000e+000	0.000000e+000	0.000000e+000	0.000000e+000	-2.530171e-098	-2.656984e+303	0.000000e+000	1.373336e-173	9.888932e-306	0.000000e+000	2.121996e-314	-7.845908e+298	6.440880e-001	7.649514e-001	-2.530171e-098	-2.656984e+303	0.000000e+000	1.373351e-173	9.890584e-306	
0.000000e+000	0.000000e+000	0.000000e+000	0.000000e+000	0.000000e+000	0.000000e+000	0.000000e+000	0.000000e+000	0.000000e+000	0.000000e+000	0.000000e+000	0.000000e+000	0.000000e+000	0.000000e+000	0.000000e+000	-2.530171e-098	-2.656984e+303	0.000000e+000	1.373336e-173	9.892018e-306	0.000000e+000	2.121996e-314	-7.845908e+298	2.114120e-001	9.773970e-001	-2.530171e-098	-2.656984e+303	0.000000e+000	1.373351e-173	9.893669e-306	
0.000000e+000	0.000000e+000	0.000000e+000	0.000000e+000	0.000000e+000	0.000000e+000	0.000000e+000	0.000000e+000	0.000000e+000	0.000000e+000	0.000000e+000	0.000000e+000	0.000000e+000	0.000000e+000	0.000000e+000	-2.530171e-098	-2.656984e+303	0.000000e+000	1.373336e-173	9.895103e-306	0.000000e+000	2.121996e-314	-7.845908e+298	3.606294e-001	9.327092e-001	-2.530171e-098	-2.656984e+303	0.000000e+000	1.373351e-173	9.896755e-306	
0.000000e+000	0.000000e+000	0.000000e+000	0.000000e+000	0.000000e+000	0.000000e+000	0.000000e+000	0.000000e+000	0.000000e+000	0.000000e+000	0.000000e+000	0.000000e+000	0.000000e+000	0.000000e+000	0.000000e+000	-2.530171e-098	-2.656984e+303	0.000000e+000	1.373336e-173	9.898189e-306	0.000000e+000	2.121996e-314	-7.845908e+298	6.123234e-017	1.000000e+000	-2.530171e-098	-2.656984e+303	0.000000e+000	1.373351e-173	9.899840e-306	
0.000000e+000	0.000000e+000	0.000000e+000	0.000000e+000	0.000000e+000	0.000000e+000	0.000000e+000	0.000000e+000	0.000000e+000	0.000000e+000	0.000000e+000	0.000000e+000	0.000000e+000	0.000000e+000	0.000000e+000	-2.530171e-098	-2.656984e+303	0.000000e+000	1.373336e-173	9.901274e-306	0.000000e+000	2.121996e-314	-7.845908e+298	9.470279e-001	3.211512e-001	-2.530171e-098	-2.656984e+303	0.000000e+000	1.373351e-173	9.902926e-306	
0.000000e+000	0.000000e+000	0.000000e+000	0.000000e+000	0.000000e+000	0.000000e+000	0.000000e+000	0.000000e+000	0.000000e+000	0.000000e+000	0.000000e+000	0.000000e+000	0.000000e+000	0.000000e+000	0.000000e+000	-2.530171e-098	-2.656984e+303	0.000000e+000	1.373336e-173	9.904360e-306	0.000000e+000	2.121996e-314	-7.845908e+298	6.880994e-001	7.256164e-001	-2.530171e-098	-2.656984e+303	0.000000e+000	1.373351e-173	9.906011e-306	
0.000000e+000	0.000000e+000	0.000000e+000	0.000000e+000	0.000000e+000	0.000000e+000	0.000000e+000	0.000000e+000	0.000000e+000	0.000000e+000	0.000000e+000	0.000000e+000	0.000000e+000	0.000000e+000	0.000000e+000	-2.530171e-098	-2.656984e+303	0.000000e+000	1.373336e-173	9.907446e-306	0.000000e+000	2.121996e-314	-7.845908e+298	1.725046e-001	9.850087e-001	-2.530171e-098	-2.656984e+303	0.000000e+000	1.373351e-173	9.909097e-306	
0.000000e+000	0.000000e+000	0.000000e+000	0.000000e+000	0.000000e+000	0.000000e+000	0.000000e+000	0.000000e+000	0.000000e+000	0.000000e+000	0.000000e+000	0.000000e+000	0.000000e+000	0.000000e+000	0.000000e+000	-2.530171e-098	-2.656984e+303	0.000000e+000	1.373336e-173	9.910531e-306	0.000000e+000	2.121996e-314	-7.845908e+298	4.878491e-001	8.729280e-001	-2.530171e-098	-2.656984e+303	0.000000e+000	1.373351e-173	9.912183e-306	
0.000000e+000	0.000000e+000	0.000000e+000	0.000000e+000	0.000000e+000	0.000000e+000	0.000000e+000	0.000000e+000	0.000000e+000	0.000000e+000	0.000000e+000	0.000000e+000	0.000000e+000	0.000000e+000	0.000000e+000	-2.530171e-098	-2.656984e+303	0.000000e+000	1.373336e-173	9.913617e-306	0.000000e+000	2.121996e-314	-7.845908e+298	9.315627e-001	3.635807e-001	-2.530171e-098	-2.656984e+303	0.000000e+000	1.373351e-173	9.915268e-306	
0.000000e+000	0.000000e+000	0.000000e+000	0.000000e+000	0.000000e+000	0.000000e+000	0.000000e+000	0.000000e+000	0.000000e+000	0.000000e+000	0.000000e+000	0.000000e+000	0.000000e+000	0.000000e+000	0.000000e+000	-2.530171e-098	-2.656984e+303	0.000000e+000	1.373336e-173	9.916702e-306	0.000000e+000	2.121996e-314	-7.845908e+298	5.654000e-001	8.248168e-001	-2.530171e-098	-2.656984e+303	0.000000e+000	1.373351e-173	9.918354e-306	
0.000000e+000	0.000000e+000	0.000000e+000	0.000000e+000	0.000000e+000	0.000000e+000	0.000000e+000	0.000000e+000	0.000000e+000	0.000000e+000	0.000000e+000	0.000000e+000	0.000000e+000	0.000000e+000	0.000000e+000	-2.530171e-098	-2.656984e+303	0.000000e+000	1.373336e-173	9.919788e-306	0.000000e+000	2.121996e-314	-7.845908e+298	9.989608e-001	4.557666e-002	-2.530171e-098	-2.656984e+303	0.000000e+000	1.373351e-173	9.921439e-306	
0.000000e+000	0.000000e+000	0.000000e+000	0.000000e+000	0.000000e+000	0.000000e+000	0.000000e+000	0.000000e+000	0.000000e+000	0.000000e+000	0.000000e+000	0.000000e+000	0.000000e+000	0.000000e+000	0.000000e+000	-2.530171e-098	-2.656984e+303	0.000000e+000	1.373336e-173	9.922873e-306	0.000000e+000	2.121996e-314	-7.845908e+298	8.347668e-002	9.965097e-001	-2.530171e-098	-2.656984e+303	0.000000e+000	1.373351e-173	9.924525e-306	
0.000000e+000	0.000000e+000	0.000000e+000	0.000000e+000	0.000000e+000	0.000000e+000	0.000000e+000	0.000000e+000	0.000000e+000	0.000000e+000	0.000000e+000	0.000000e+000	0.000000e+000	0.000000e+000	0.000000e+000	-2.530171e-098	-2.656984e+303	0.000000e+000	1.373336e-173	9.925959e-306	0.000000e+000	2.121996e-314	-7.845908e+298	9.958429e-001	9.108791e-002	-2.530171e-098	-2.656984e+303	0.000000e+000	1.373351e-173	9.927610e-306	
