0.000000e+000	0.000000e+000	0.000000e+000	0.000000e+000	0.000000e+000	0.000000e+000	0.000000e+000	0.000000e+000	0.000000e+000	0.000000e+000	0.000000e+000	0.000000e+000	0.000000e+000	0.000000e+000	9.009910e-001	-2.530171e-098	-2.656984e+303	0.000000e+000	1.120638e-173	8.050900e-306	0.000000e+000	2.121996e-314	-7.845908e+298	1.548968e-001	9.879307e-001	-2.530171e-098	-2.656984e+303	0.000000e+000	1.120652e-173	8.052551e-306	
0.000000e+000	0.000000e+000	0.000000e+000	0.000000e+000	0.000000e+000	0.000000e+000	0.000000e+000	0.000000e+000	0.000000e+000	0.000000e+000	0.000000e+000	0.000000e+000	0.000000e+000	0.000000e+000	5.467956e-001	-2.530171e-098	-2.656984e+303	0.000000e+000	1.120638e-173	8.053985e-306	0.000000e+000	2.121996e-314	-7.845908e+298	6.532673e-001	7.571273e-001	-2.530171e-098	-2.656984e+303	0.000000e+000	1.120652e-173	8.055637e-306	
0.000000e+000	0.000000e+000	0.000000e+000	0.000000e+000	0.000000e+000	0.000000e+000	0.000000e+000	0.000000e+000	0.000000e+000	0.000000e+000	0.000000e+000	0.000000e+000	0.000000e+000	0.000000e+000	2.136433e-001	-2.530171e-098	-2.656984e+303	0.000000e+000	1.120638e-173	8.057071e-306	0.000000e+000	2.121996e-314	-7.845908e+298	9.442161e-001	3.293265e-001	-2.530171e-098	-2.656984e+303	0.000000e+000	1.120652e-173	8.058722e-306	
0.000000e+000	0.000000e+000	0.000000e+000	0.000000e+000	0.000000e+000	0.000000e+000	0.000000e+000	0.000000e+000	0.000000e+000	0.000000e+000	0.000000e+000	0.000000e+000	0.000000e+000	0.000000e+000	3.973972e-001	-2.530171e-098	-2.656984e+303	0.000000e+000	1.120638e-173	8.060156e-306	0.000000e+000	2.121996e-314	-7.845908e+298	8.114133e-001	5.844728e-001	-2.530171e-098	-2.656984e+303	0.000000e+000	1.120652e-173	8.061808e-306	
0.000000e+000	0.000000e+000	0.000000e+000	0.000000e+000	0.000000e+000	0.000000e+000	0.000000e+000	0.000000e+000	0.000000e+000	0.000000e+000	0.000000e+000	0.000000e+000	0.000000e+000	0.000000e+000	7.544967e-001	-2.530171e-098	-2.656984e+303	0.000000e+000	1.120638e-173	8.063242e-306	0.000000e+000	2.121996e-314	-7.845908e+298	3.761482e-001	9.265595e-001	-2.530171e-098	-2.656984e+303	0.000000e+000	1.120652e-173	8.064893e-306	
0.000000e+000	0.000000e+000	0.000000e+000	0.000000e+000	0.000000e+000	0.000000e+000	0.000000e+000	0.000000e+000	0.000000e+000	0.000000e+000	0.000000e+000	0.000000e+000	0.000000e+000	0.000000e+000	1.216499e-001	-2.530171e-098	-2.656984e+303	0.000000e+000	1.120638e-173	8.066327e-306	0.000000e+000	2.121996e-314	-7.845908e+298	9.817983e-001	1.899265e-001	-2.530171e-098	-2.656984e+303	0.000000e+000	1.120652e-173	8.067979e-306	
0.000000e+000	0.000000e+000	0.000000e+000	0.000000e+000	0.000000e+000	0.000000e+000	0.000000e+000	0.000000e+000	0.000000e+000	0.000000e+000	0.000000e+000	0.000000e+000	0.000000e+000	0.000000e+000	0.000000e+000	-2.530171e-098	-2.656984e+303	0.000000e+000	1.120638e-173	8.069413e-306	0.000000e+000	2.121996e-314	-7.845908e+298	1.000000e+000	0.000000e+000	-2.530171e-098	-2.656984e+303	0.000000e+000	1.120652e-173	8.071064e-306	
0.000000e+000	0.000000e+000	0.000000e+000	0.000000e+000	0.000000e+000	0.000000e+000	0.000000e+000	0.000000e+000	0.000000e+000	0.000000e+000	0.000000e+000	0.000000e+000	0.000000e+000	0.000000e+000	5.266218e-001	-2.530171e-098	-2.656984e+303	0.000000e+000	1.120638e-173	8.072498e-306	0.000000e+000	2.121996e-314	-7.845908e+298	6.769279e-001	7.360494e-001	-2.530171e-098	-2.656984e+303	0.000000e+000	1.120652e-173	8.074150e-306	
0.000000e+000	0.000000e+000	0.000000e+000	0.000000e+000	0.000000e+000	0.000000e+000	0.000000e+000	0.000000e+000	0.000000e+000	0.000000e+000	0.000000e+000	0.000000e+000	0.000000e+000	0.000000e+000	7.792884e-001	-2.530171e-098	-2.656984e+303	0.000000e+000	1.120638e-173	8.075584e-306	0.000000e+000	2.121996e-314	-7.845908e+298	3.397894e-001	9.405015e-001	-2.530171e-098	-2.656984e+303	0.000000e+000	1.120652e-173	8.077235e-306	
0.000000e+000	0.000000e+000	0.000000e+000	0.000000e+000	0.000000e+000	0.000000e+000	0.000000e+000	0.000000e+000	0.000000e+000	0.000000e+000	0.000000e+000	0.000000e+000	0.000000e+000	0.000000e+000	3.762495e-001	-2.530171e-098	-2.656984e+303	0.000000e+000	1.120638e-173	8.078670e-306	0.000000e+000	2.121996e-314	-7.845908e+298	8.303776e-001	5.572011e-001	-2.530171e-098	-2.656984e+303	0.000000e+000	1.120652e-173	8.080321e-306	
0.000000e+000	0.000000e+000	0.000000e+000	0.000000e+000	0.000000e+000	0.000000e+000	0.000000e+000	0.000000e+000	0.000000e+000	0.000000e+000	0.000000e+000	0.000000e+000	0.000000e+000	0.000000e+000	1.000000e+000	-2.530171e-098	-2.656984e+303	0.000000e+000	1.120638e-173	8.081755e-306	0.000000e+000	2.121996e-314	-7.845908e+298	6.123234e-017	1.000000e+000	-2.530171e-098	-2.656984e+303	0.000000e+000	1.120652e-173	8.083407e-306	
0.000000e+000	0.000000e+000	0.000000e+000	0.000000e+000	0.000000e+000	0.000000e+000	0.000000e+000	0.000000e+000	0.000000e+000	0.000000e+000	0.000000e+000	0.000000e+000	0.000000e+000	0.000000e+000	2.613707e-001	-2.530171e-098	-2.656984e+303	0.000000e+000	1.120638e-173	8.084841e-306	0.000000e+000	2.121996e-314	-7.845908e+298	9.168974e-001	3.991230e-001	-2.530171e-098	-2.656984e+303	0.000000e+000	1.120652e-173	8.086492e-306	
0.000000e+000	0.000000e+000	0.000000e+000	0.000000e+000	0.000000e+000	0.000000e+000	0.000000e+000	0.000000e+000	0.000000e+000	0.000000e+000	0.000000e+000	0.000000e+000	0.000000e+000	0.000000e+000	4.565319e-001	-2.530171e-098	-2.656984e+303	0.000000e+000	1.120638e-173	8.087926e-306	0.000000e+000	2.121996e-314	-7.845908e+298	7.537025e-001	6.572157e-001	-2.530171e-098	-2.656984e+303	0.000000e+000	1.120652e-173	8.089578e-306	
0.000000e+000	0.000000e+000	0.000000e+000	0.000000e+000	0.000000e+000	0.000000e+000	0.000000e+000	0.000000e+000	0.000000e+000	0.000000e+000	0.000000e+000	0.000000e+000	0.000000e+000	0.000000e+000	9.692814e-002	-2.530171e-098	-2.656984e+303	0.000000e+000	1.120638e-173	8.091012e-306	0.000000e+000	2.121996e-314	-7.845908e+298	9.884317e-001	1.516668e-001	-2.530171e-098	-2.656984e+303	0.000000e+000	1.120652e-173	8.092663e-306	
0.000000e+000	0.000000e+000	0.000000e+000	0.000000e+000	0.000000e+000	0.000000e+000	0.000000e+000	0.000000e+000	0.000000e+000	0.000000e+000	0.000000e+000	0.000000e+000	0.000000e+000	0.000000e+000	6.721646e-001	-2.530171e-098	-2.656984e+303	0.000000e+000	1.120638e-173	8.094097e-306	0.000000e+000	2.121996e-314	-7.845908e+298	4.925024e-001	8.703111e-001	-2.530171e-098	-2.656984e+303	0.000000e+000	1.120652e-173	8.095749e-306	
0.000000e+000	0.000000e+000	0.000000e+000	0.000000e+000	0.000000e+000	0.000000e+000	0.000000e+000	0.000000e+000	0.000000e+000	0.000000e+000	0.000000e+000	0.000000e+000	0.000000e+000	0.000000e+000	8.620399e-001	-2.530171e-098	-2.656984e+303	0.000000e+000	1.120638e-173	8.097183e-306	0.000000e+000	2.121996e-314	-7.845908e+298	2.150151e-001	9.766107e-001	-2.530171e-098	-2.656984e+303	0.000000e+000	1.120652e-173	8.098834e-306	
0.000000e+000	0.000000e+000	0.000000e+000	0.000000e+000	0.000000e+000	0.000000e+000	0.000000e+000	0.000000e+000	0.000000e+000	0.000000e+000	0.000000e+000	0.000000e+000	0.000000e+000	0.000000e+000	9.381679e-001	-2.530171e-098	-2.656984e+303	0.000000e+000	1.120638e-173	8.100268e-306	0.000000e+000	2.121996e-314	-7.845908e+298	9.697302e-002	9.952870e-001	-2.530171e-098	-2.656984e+303	0.000000e+000	1.120652e-173	8.101920e-306	
0.000000e+000	0.000000e+000	0.000000e+000	0.000000e+000	0.000000e+000	0.000000e+000	0.000000e+000	0.000000e+000	0.000000e+000	0.000000e+000	0.000000e+000	0.000000e+000	0.000000e+000	0.000000e+000	8.084285e-001	-2.530171e-098	-2.656984e+303	0.000000e+000	1.120638e-173	8.103354e-306	0.000000e+000	2.121996e-314	-7.845908e+298	2.963988e-001	9.550643e-001	-2.530171e-098	-2.656984e+303	0.000000e+000	1.120652e-173	8.105005e-306	
0.000000e+000	0.000000e+000	0.000000e+000	0.000000e+000	0.000000e+000	0.000000e+000	0.000000e+000	0.000000e+000	0.000000e+000	0.000000e+000	0.000000e+000	0.000000e+000	0.000000e+000	0.000000e+000	2.372641e-001	-2.530171e-098	-2.656984e+303	0.000000e+000	1.120638e-173	8.106440e-306	0.000000e+000	2.121996e-314	-7.845908e+298	9.313499e-001	3.641254e-001	-2.530171e-098	-2.656984e+303	0.000000e+000	1.120652e-173	8.108091e-306	
0.000000e+000	0.000000e+000	0.000000e+000	0.000000e+000	0.000000e+000	0.000000e+000	0.000000e+000	0.000000e+000	0.000000e+000	0.000000e+000	0.000000e+000	0.000000e+000	0.000000e+000	0.000000e+000	6.299550e-001	-2.530171e-098	-2.656984e+303	0.000000e+000	1.120638e-173	8.109525e-306	0.000000e+000	2.121996e-314	-7.845908e+298	5.490819e-001	8.357685e-001	-2.530171e-098	-2.656984e+303	0.000000e+000	1.120652e-173	8.111176e-306	
0.000000e+000	0.000000e+000	0.000000e+000	0.000000e+000	0.000000e+000	0.000000e+000	0.000000e+000	0.000000e+000	0.000000e+000	0.000000e+000	0.000000e+000	0.000000e+000	0.000000e+000	0.000000e+000	6.058088e-001	-2.530171e-098	-2.656984e+303	0.000000e+000	1.120638e-173	8.112611e-306	0.000000e+000	2.121996e-314	-7.845908e+298	5.803791e-001	8.143464e-001	-2.530171e-098	-2.656984e+303	0.000000e+000	1.120652e-173	8.114262e-306	
0.000000e+000	0.000000e+000	0.000000e+000	0.000000e+000	0.000000e+000	0.000000e+000	0.000000e+000	0.000000e+000	0.000000e+000	0.000000e+000	0.000000e+000	0.000000e+000	0.000000e+000	0.000000e+000	3.137584e-001	-2.530171e-098	-2.656984e+303	0.000000e+000	1.120638e-173	8.115696e-306	0.000000e+000	2.121996e-314	-7.845908e+298	8.809877e-001	4.731391e-001	-2.530171e-098	-2.656984e+303	0.000000e+000	1.120652e-173	8.117348e-306	
0.000000e+000	0.000000e+000	0.000000e+000	0.000000e+000	0.000000e+000	0.000000e+000	0.000000e+000	0.000000e+000	0.000000e+000	0.000000e+000	0.000000e+000	0.000000e+000	0.000000e+000	0.000000e+000	3.566916e-001	-2.530171e-098	-2.656984e+303	0.000000e+000	1.120638e-173	8.118782e-306	0.000000e+000	2.121996e-314	-7.845908e+298	8.471011e-001	5.314317e-001	-2.530171e-098	-2.656984e+303	0.000000e+000	1.120652e-173	8.120433e-306	
0.000000e+000	0.000000e+000	0.000000e+000	0.000000e+000	0.000000e+000	0.000000e+000	0.000000e+000	0.000000e+000	0.000000e+000	0.000000e+000	0.000000e+000	0.000000e+000	0.000000e+000	0.000000e+000	7.312938e-001	-2.530171e-098	-2.656984e+303	0.000000e+000	1.120638e-173	8.121867e-306	0.000000e+000	2.121996e-314	-7.845908e+298	4.096612e-001	9.122377e-001	-2.530171e-098	-2.656984e+303	0.000000e+000	1.120652e-173	8.123519e-306	
0.000000e+000	0.000000e+000	0.000000e+000	0.000000e+000	0.000000e+000	0.000000e+000	0.000000e+000	0.000000e+000	0.000000e+000	0.000000e+000	0.000000e+000	0.000000e+000	0.000000e+000	0.000000e+000	8.346775e-001	-2.530171e-098	-2.656984e+303	0.000000e+000	1.120638e-173	8.124953e-306	0.000000e+000	2.121996e-314	-7.845908e+298	2.567791e-001	9.664701e-001	-2.530171e-098	-2.656984e+303	0.000000e+000	1.120652e-173	8.126604e-306	
0.000000e+000	0.000000e+000	0.000000e+000	0.000000e+000	0.000000e+000	0.000000e+000	0.000000e+000	0.000000e+000	0.000000e+000	0.000000e+000	0.000000e+000	0.000000e+000	0.000000e+000	0.000000e+000	5.640107e-001	-2.530171e-098	-2.656984e+303	0.000000e+000	1.120638e-173	8.128038e-306	0.000000e+000	2.121996e-314	-7.845908e+298	6.325571e-001	7.745137e-001	-2.530171e-098	-2.656984e+303	0.000000e+000	1.120652e-173	8.129690e-306	
0.000000e+000	0.000000e+000	0.000000e+000	0.000000e+000	0.000000e+000	0.000000e+000	0.000000e+000	0.000000e+000	0.000000e+000	0.000000e+000	0.000000e+000	0.000000e+000	0.000000e+000	0.000000e+000	4.992697e-001	-2.530171e-098	-2.656984e+303	0.000000e+000	1.120638e-173	8.131124e-306	0.000000e+000	2.121996e-314	-7.845908e+298	7.079175e-001	7.062951e-001	-2.530171e-098	-2.656984e+303	0.000000e+000	1.120652e-173	8.132775e-306	
0.000000e+000	0.000000e+000	0.000000e+000	0.000000e+000	0.000000e+000	0.000000e+000	0.000000e+000	0.000000e+000	0.000000e+000	0.000000e+000	0.000000e+000	0.000000e+000	0.000000e+000	0.000000e+000	2.899113e-001	-2.530171e-098	-2.656984e+303	0.000000e+000	1.120638e-173	8.134209e-306	0.000000e+000	2.121996e-314	-7.845908e+298	8.980889e-001	4.398140e-001	-2.530171e-098	-2.656984e+303	0.000000e+000	1.120652e-173	8.135861e-306	
0.000000e+000	0.000000e+000	0.000000e+000	0.000000e+000	0.000000e+000	0.000000e+000	0.000000e+000	0.000000e+000	0.000000e+000	0.000000e+000	0.000000e+000	0.000000e+000	0.000000e+000	0.000000e+000	5.792173e-001	-2.530171e-098	-2.656984e+303	0.000000e+000	1.120638e-173	8.137295e-306	0.000000e+000	2.121996e-314	-7.845908e+298	6.138780e-001	7.894009e-001	-2.530171e-098	-2.656984e+303	0.000000e+000	1.120652e-173	8.138946e-306	
0.000000e+000	0.000000e+000	0.000000e+000	0.000000e+000	0.000000e+000	0.000000e+000	0.000000e+000	0.000000e+000	0.000000e+000	0.000000e+000	0.000000e+000	0.000000e+000	0.000000e+000	0.000000e+000	3.405297e-001	-2.530171e-098	-2.656984e+303	0.000000e+000	1.120638e-173	8.140381e-306	0.000000e+000	2.121996e-314	-7.845908e+298	8.603182e-001	5.097574e-001	-2.530171e-098	-2.656984e+303	0.000000e+000	1.120652e-173	8.142032e-306	
0.000000e+000	0.000000e+000	0.000000e+000	0.000000e+000	0.000000e+000	0.000000e+000	0.000000e+000	0.000000e+000	0.000000e+000	0.000000e+000	0.000000e+000	0.000000e+000	0.000000e+000	0.000000e+000	1.706564e-001	-2.530171e-098	-2.656984e+303	0.000000e+000	1.120638e-173	8.143466e-306	0.000000e+000	2.121996e-314	-7.845908e+298	9.642848e-001	2.648675e-001	-2.530171e-098	-2.656984e+303	0.000000e+000	1.120652e-173	8.145118e-306	
0.000000e+000	0.000000e+000	0.000000e+000	0.000000e+000	0.000000e+000	0.000000e+000	0.000000e+000	0.000000e+000	0.000000e+000	0.000000e+000	0.000000e+000	0.000000e+000	0.000000e+000	0.000000e+000	1.887545e-002	-2.530171e-098	-2.656984e+303	0.000000e+000	1.120638e-173	8.146552e-306	0.000000e+000	2.121996e-314	-7.845908e+298	9.995605e-001	2.964514e-002	-2.530171e-098	-2.656984e+303	0.000000e+000	1.120652e-173	8.148203e-306	
0.000000e+000	0.000000e+000	0.000000e+000	0.000000e+000	0.000000e+000	0.000000e+000	0.000000e+000	0.000000e+000	0.000000e+000	0.000000e+000	0.000000e+000	0.000000e+000	0.000000e+000	0.000000e+000	1.468199e-001	-2.530171e-098	-2.656984e+303	0.000000e+000	1.120638e-173	8.149637e-306	0.000000e+000	2.121996e-314	-7.845908e+298	9.735239e-001	2.285851e-001	-2.530171e-098	-2.656984e+303	0.000000e+000	1.120652e-173	8.151289e-306	
0.000000e+000	0.000000e+000	0.000000e+000	0.000000e+000	0.000000e+000	0.000000e+000	0.000000e+000	0.000000e+000	0.000000e+000	0.000000e+000	0.000000e+000	0.000000e+000	0.000000e+000	0.000000e+000	7.092713e-001	-2.530171e-098	-2.656984e+303	0.000000e+000	1.120638e-173	8.152723e-306	0.000000e+000	2.121996e-314	-7.845908e+298	4.409668e-001	8.975234e-001	-2.530171e-098	-2.656984e+303	0.000000e+000	1.120652e-173	8.154374e-306	
0.000000e+000	0.000000e+000	0.000000e+000	0.000000e+000	0.000000e+000	0.000000e+000	0.000000e+000	0.000000e+000	0.000000e+000	0.000000e+000	0.000000e+000	0.000000e+000	0.000000e+000	0.000000e+000	6.877596e-001	-2.530171e-098	-2.656984e+303	0.000000e+000	1.120638e-173	8.155808e-306	0.000000e+000	2.121996e-314	-7.845908e+298	4.710371e-001	8.821134e-001	-2.530171e-098	-2.656984e+303	0.000000e+000	1.120652e-173	8.157460e-306	
0.000000e+000	0.000000e+000	0.000000e+000	0.000000e+000	0.000000e+000	0.000000e+000	0.000000e+000	0.000000e+000	0.000000e+000	0.000000e+000	0.000000e+000	0.000000e+000	0.000000e+000	0.000000e+000	6.534542e-001	-2.530171e-098	-2.656984e+303	0.000000e+000	1.120638e-173	8.158894e-306	0.000000e+000	2.121996e-314	-7.845908e+298	5.178647e-001	8.554626e-001	-2.530171e-098	-2.656984e+303	0.000000e+000	1.120652e-173	8.160545e-306	
0.000000e+000	0.000000e+000	0.000000e+000	0.000000e+000	0.000000e+000	0.000000e+000	0.000000e+000	0.000000e+000	0.000000e+000	0.000000e+000	0.000000e+000	0.000000e+000	0.000000e+000	0.000000e+000	1.951360e-001	-2.530171e-098	-2.656984e+303	0.000000e+000	1.120638e-173	8.161979e-306	0.000000e+000	2.121996e-314	-7.845908e+298	9.533897e-001	3.017417e-001	-2.530171e-098	-2.656984e+303	0.000000e+000	1.120652e-173	8.163631e-306	
0.000000e+000	0.000000e+000	0.000000e+000	0.000000e+000	0.000000e+000	0.000000e+000	0.000000e+000	0.000000e+000	0.000000e+000	0.000000e+000	0.000000e+000	0.000000e+000	0.000000e+000	0.000000e+000	9.658043e-001	-2.530171e-098	-2.656984e+303	0.000000e+000	1.120638e-173	8.165065e-306	0.000000e+000	2.121996e-314	-7.845908e+298	5.368864e-002	9.985577e-001	-2.530171e-098	-2.656984e+303	0.000000e+000	1.120652e-173	8.166716e-306	
0.000000e+000	0.000000e+000	0.000000e+000	0.000000e+000	0.000000e+000	0.000000e+000	0.000000e+000	0.000000e+000	0.000000e+000	0.000000e+000	0.000000e+000	0.000000e+000	0.000000e+000	0.000000e+000	4.304306e-001	-2.530171e-098	-2.656984e+303	0.000000e+000	1.120638e-173	8.168151e-306	0.000000e+000	2.121996e-314	-7.845908e+298	7.800073e-001	6.257704e-001	-2.530171e-098	-2.656984e+303	0.000000e+000	1.120652e-173	8.169802e-306	
0.000000e+000	0.000000e+000	0.000000e+000	0.000000e+000	0.000000e+000	0.000000e+000	0.000000e+000	0.000000e+000	0.000000e+000	0.000000e+000	0.000000e+000	0.000000e+000	0.000000e+000	0.000000e+000	4.749159e-001	-2.530171e-098	-2.656984e+303	0.000000e+000	1.120638e-173	8.171236e-306	0.000000e+000	2.121996e-314	-7.845908e+298	7.344122e-001	6.787037e-001	-2.530171e-098	-2.656984e+303	0.000000e+000	1.120652e-173	8.172888e-306	
0.000000e+000	0.000000e+000	0.000000e+000	0.000000e+000	0.000000e+000	0.000000e+000	0.000000e+000	0.000000e+000	0.000000e+000	0.000000e+000	0.000000e+000	0.000000e+000	0.000000e+000	0.000000e+000	0.000000e+000	-2.530171e-098	-2.656984e+303	0.000000e+000	1.120638e-173	8.174322e-306	0.000000e+000	2.121996e-314	-7.845908e+298	8.051207e-001	5.931111e-001	-2.530171e-098	-2.656984e+303	0.000000e+000	1.120652e-173	8.175973e-306	
0.000000e+000	0.000000e+000	0.000000e+000	0.000000e+000	0.000000e+000	0.000000e+000	0.000000e+000	0.000000e+000	0.000000e+000	0.000000e+000	0.000000e+000	0.000000e+000	0.000000e+000	0.000000e+000	0.000000e+000	-2.530171e-098	-2.656984e+303	0.000000e+000	1.120638e-173	8.177407e-306	0.000000e+000	2.121996e-314	-7.845908e+298	9.642848e-001	2.648675e-001	-2.530171e-098	-2.656984e+303	0.000000e+000	1.120652e-173	8.179059e-306	
0.000000e+000	0.000000e+000	0.000000e+000	0.000000e+000	0.000000e+000	0.000000e+000	0.000000e+000	0.000000e+000	0.000000e+000	0.000000e+000	0.000000e+000	0.000000e+000	0.000000e+000	0.000000e+000	0.000000e+000	-2.530171e-098	-2.656984e+303	0.000000e+000	1.120638e-173	8.180493e-306	0.000000e+000	2.121996e-314	-7.845908e+298	9.543151e-001	2.988020e-001	-2.530171e-098	-2.656984e+303	0.000000e+000	1.120652e-173	8.182144e-306	
0.000000e+000	0.000000e+000	0.000000e+000	0.000000e+000	0.000000e+000	0.000000e+000	0.000000e+000	0.000000e+000	0.000000e+000	0.000000e+000	0.000000e+000	0.000000e+000	0.000000e+000	0.000000e+000	0.000000e+000	-2.530171e-098	-2.656984e+303	0.000000e+000	1.120638e-173	8.183578e-306	0.000000e+000	2.121996e-314	-7.845908e+298	3.397894e-001	9.405015e-001	-2.530171e-098	-2.656984e+303	0.000000e+000	1.120652e-173	8.185230e-306	
0.000000e+000	0.000000e+000	0.000000e+000	0.000000e+000	0.000000e+000	0.000000e+000	0.000000e+000	0.000000e+000	0.000000e+000	0.000000e+000	0.000000e+000	0.000000e+000	0.000000e+000	0.000000e+000	0.000000e+000	-2.530171e-098	-2.656984e+303	0.000000e+000	1.120638e-173	8.186664e-306	0.000000e+000	2.121996e-314	-7.845908e+298	2.150151e-001	9.766107e-001	-2.530171e-098	-2.656984e+303	0.000000e+000	1.120652e-173	8.188315e-306	
0.000000e+000	0.000000e+000	0.000000e+000	0.000000e+000	0.000000e+000	0.000000e+000	0.000000e+000	0.000000e+000	0.000000e+000	0.000000e+000	0.000000e+000	0.000000e+000	0.000000e+000	0.000000e+000	0.000000e+000	-2.530171e-098	-2.656984e+303	0.000000e+000	1.171177e-173	8.189749e-306	0.000000e+000	2.121996e-314	-7.845908e+298	9.980951e-001	6.169350e-002	-2.530171e-098	-2.656984e+303	0.000000e+000	1.171192e-173	8.191401e-306	
0.000000e+000	0.000000e+000	0.000000e+000	0.000000e+000	0.000000e+000	0.000000e+000	0.000000e+000	0.000000e+000	0.000000e+000	0.000000e+000	0.000000e+000	0.000000e+000	0.000000e+000	0.000000e+000	0.000000e+000	-2.530171e-098	-2.656984e+303	0.000000e+000	1.171177e-173	8.192835e-306	0.000000e+000	2.121996e-314	-7.845908e+298	3.761482e-001	9.265595e-001	-2.530171e-098	-2.656984e+303	0.000000e+000	1.171192e-173	8.194486e-306	
0.000000e+000	0.000000e+000	0.000000e+000	0.000000e+000	0.000000e+000	0.000000e+000	0.000000e+000	0.000000e+000	0.000000e+000	0.000000e+000	0.000000e+000	0.000000e+000	0.000000e+000	0.000000e+000	0.000000e+000	-2.530171e-098	-2.656984e+303	0.000000e+000	1.171177e-173	8.195921e-306	0.000000e+000	2.121996e-314	-7.845908e+298	9.429210e-001	3.330166e-001	-2.530171e-098	-2.656984e+303	0.000000e+000	1.171192e-173	8.197572e-306	
0.000000e+000	0.000000e+000	0.000000e+000	0.000000e+000	0.000000e+000	0.000000e+000	0.000000e+000	0.000000e+000	0.000000e+000	0.000000e+000	0.000000e+000	0.000000e+000	0.000000e+000	0.000000e+000	0.000000e+000	-2.530171e-098	-2.656984e+303	0.000000e+000	1.171177e-173	8.199006e-306	0.000000e+000	2.121996e-314	-7.845908e+298	7.079175e-001	7.062951e-001	-2.530171e-098	-2.656984e+303	0.000000e+000	1.171192e-173	8.200657e-306	
0.000000e+000	0.000000e+000	0.000000e+000	0.000000e+000	0.000000e+000	0.000000e+000	0.000000e+000	0.000000e+000	0.000000e+000	0.000000e+000	0.000000e+000	0.000000e+000	0.000000e+000	0.000000e+000	0.000000e+000	-2.530171e-098	-2.656984e+303	0.000000e+000	1.171177e-173	8.202092e-306	0.000000e+000	2.121996e-314	-7.845908e+298	2.963988e-001	9.550643e-001	-2.530171e-098	-2.656984e+303	0.000000e+000	1.171192e-173	8.203743e-306	
0.000000e+000	0.000000e+000	0.000000e+000	0.000000e+000	0.000000e+000	0.000000e+000	0.000000e+000	0.000000e+000	0.000000e+000	0.000000e+000	0.000000e+000	0.000000e+000	0.000000e+000	0.000000e+000	0.000000e+000	-2.530171e-098	-2.656984e+303	0.000000e+000	1.171177e-173	8.205177e-306	0.000000e+000	2.121996e-314	-7.845908e+298	2.567791e-001	9.664701e-001	-2.530171e-098	-2.656984e+303	0.000000e+000	1.171192e-173	8.206829e-306	
0.000000e+000	0.000000e+000	0.000000e+000	0.000000e+000	0.000000e+000	0.000000e+000	0.000000e+000	0.000000e+000	0.000000e+000	0.000000e+000	0.000000e+000	0.000000e+000	0.000000e+000	0.000000e+000	0.000000e+000	-2.530171e-098	-2.656984e+303	0.000000e+000	1.171177e-173	8.208263e-306	0.000000e+000	2.121996e-314	-7.845908e+298	6.123234e-017	1.000000e+000	-2.530171e-098	-2.656984e+303	0.000000e+000	1.171192e-173	8.209914e-306	
0.000000e+000	0.000000e+000	0.000000e+000	0.000000e+000	0.000000e+000	0.000000e+000	0.000000e+000	0.000000e+000	0.000000e+000	0.000000e+000	0.000000e+000	0.000000e+000	0.000000e+000	0.000000e+000	0.000000e+000	-2.530171e-098	-2.656984e+303	0.000000e+000	1.171177e-173	8.211348e-306	0.000000e+000	2.121996e-314	-7.845908e+298	6.532673e-001	7.571273e-001	-2.530171e-098	-2.656984e+303	0.000000e+000	1.171192e-173	8.213000e-306	
0.000000e+000	0.000000e+000	0.000000e+000	0.000000e+000	0.000000e+000	0.000000e+000	0.000000e+000	0.000000e+000	0.000000e+000	0.000000e+000	0.000000e+000	0.000000e+000	0.000000e+000	0.000000e+000	0.000000e+000	-2.530171e-098	-2.656984e+303	0.000000e+000	1.171177e-173	8.214434e-306	0.000000e+000	2.121996e-314	-7.845908e+298	9.697302e-002	9.952870e-001	-2.530171e-098	-2.656984e+303	0.000000e+000	1.171192e-173	8.216085e-306	
0.000000e+000	0.000000e+000	0.000000e+000	0.000000e+000	0.000000e+000	0.000000e+000	0.000000e+000	0.000000e+000	0.000000e+000	0.000000e+000	0.000000e+000	0.000000e+000	0.000000e+000	0.000000e+000	0.000000e+000	-2.530171e-098	-2.656984e+303	0.000000e+000	1.171177e-173	8.217519e-306	0.000000e+000	2.121996e-314	-7.845908e+298	8.846476e-001	4.662602e-001	-2.530171e-098	-2.656984e+303	0.000000e+000	1.171192e-173	8.219171e-306	
0.000000e+000	0.000000e+000	0.000000e+000	0.000000e+000	0.000000e+000	0.000000e+000	0.000000e+000	0.000000e+000	0.000000e+000	0.000000e+000	0.000000e+000	0.000000e+000	0.000000e+000	0.000000e+000	0.000000e+000	-2.530171e-098	-2.656984e+303	0.000000e+000	1.171177e-173	8.220605e-306	0.000000e+000	2.121996e-314	-7.845908e+298	5.368864e-002	9.985577e-001	-2.530171e-098	-2.656984e+303	0.000000e+000	1.171192e-173	8.222256e-306	
0.000000e+000	0.000000e+000	0.000000e+000	0.000000e+000	0.000000e+000	0.000000e+000	0.000000e+000	0.000000e+000	0.000000e+000	0.000000e+000	0.000000e+000	0.000000e+000	0.000000e+000	0.000000e+000	0.000000e+000	-2.530171e-098	-2.656984e+303	0.000000e+000	1.171177e-173	8.223690e-306	0.000000e+000	2.121996e-314	-7.845908e+298	5.178647e-001	8.554626e-001	-2.530171e-098	-2.656984e+303	0.000000e+000	1.171192e-173	8.225342e-306	
0.000000e+000	0.000000e+000	0.000000e+000	0.000000e+000	0.000000e+000	0.000000e+000	0.000000e+000	0.000000e+000	0.000000e+000	0.000000e+000	0.000000e+000	0.000000e+000	0.000000e+000	0.000000e+000	0.000000e+000	-2.530171e-098	-2.656984e+303	0.000000e+000	1.171177e-173	8.226776e-306	0.000000e+000	2.121996e-314	-7.845908e+298	6.073097e-001	7.944652e-001	-2.530171e-098	-2.656984e+303	0.000000e+000	1.171192e-173	8.228427e-306	
0.000000e+000	0.000000e+000	0.000000e+000	0.000000e+000	0.000000e+000	0.000000e+000	0.000000e+000	0.000000e+000	0.000000e+000	0.000000e+000	0.000000e+000	0.000000e+000	0.000000e+000	0.000000e+000	0.000000e+000	-2.530171e-098	-2.656984e+303	0.000000e+000	1.171177e-173	8.229862e-306	0.000000e+000	2.121996e-314	-7.845908e+298	4.096612e-001	9.122377e-001	-2.530171e-098	-2.656984e+303	0.000000e+000	1.171192e-173	8.231513e-306	
0.000000e+000	0.000000e+000	0.000000e+000	0.000000e+000	0.000000e+000	0.000000e+000	0.000000e+000	0.000000e+000	0.000000e+000	0.000000e+000	0.000000e+000	0.000000e+000	0.000000e+000	0.000000e+000	0.000000e+000	-2.530171e-098	-2.656984e+303	0.000000e+000	1.171177e-173	8.232947e-306	0.000000e+000	2.121996e-314	-7.845908e+298	6.769279e-001	7.360494e-001	-2.530171e-098	-2.656984e+303	0.000000e+000	1.171192e-173	8.234599e-306	
0.000000e+000	0.000000e+000	0.000000e+000	0.000000e+000	0.000000e+000	0.000000e+000	0.000000e+000	0.000000e+000	0.000000e+000	0.000000e+000	0.000000e+000	0.000000e+000	0.000000e+000	0.000000e+000	0.000000e+000	-2.530171e-098	-2.656984e+303	0.000000e+000	1.171177e-173	8.236033e-306	0.000000e+000	2.121996e-314	-7.845908e+298	8.303776e-001	5.572011e-001	-2.530171e-098	-2.656984e+303	0.000000e+000	1.171192e-173	8.237684e-306	
0.000000e+000	0.000000e+000	0.000000e+000	0.000000e+000	0.000000e+000	0.000000e+000	0.000000e+000	0.000000e+000	0.000000e+000	0.000000e+000	0.000000e+000	0.000000e+000	0.000000e+000	0.000000e+000	0.000000e+000	-2.530171e-098	-2.656984e+303	0.000000e+000	1.171177e-173	8.239118e-306	0.000000e+000	2.121996e-314	-7.845908e+298	7.780261e-001	6.282319e-001	-2.530171e-098	-2.656984e+303	0.000000e+000	1.171192e-173	8.240770e-306	
0.000000e+000	0.000000e+000	0.000000e+000	0.000000e+000	0.000000e+000	0.000000e+000	0.000000e+000	0.000000e+000	0.000000e+000	0.000000e+000	0.000000e+000	0.000000e+000	0.000000e+000	0.000000e+000	0.000000e+000	-2.530171e-098	-2.656984e+303	0.000000e+000	1.171177e-173	8.242204e-306	0.000000e+000	2.121996e-314	-7.845908e+298	9.817983e-001	1.899265e-001	-2.530171e-098	-2.656984e+303	0.000000e+000	1.171192e-173	8.243855e-306	
0.000000e+000	0.000000e+000	0.000000e+000	0.000000e+000	0.000000e+000	0.000000e+000	0.000000e+000	0.000000e+000	0.000000e+000	0.000000e+000	0.000000e+000	0.000000e+000	0.000000e+000	0.000000e+000	0.000000e+000	-2.530171e-098	-2.656984e+303	0.000000e+000	1.171177e-173	8.245289e-306	0.000000e+000	2.121996e-314	-7.845908e+298	9.191397e-001	3.939318e-001	-2.530171e-098	-2.656984e+303	0.000000e+000	1.171192e-173	8.246941e-306	
0.000000e+000	0.000000e+000	0.000000e+000	0.000000e+000	0.000000e+000	0.000000e+000	0.000000e+000	0.000000e+000	0.000000e+000	0.000000e+000	0.000000e+000	0.000000e+000	0.000000e+000	0.000000e+000	0.000000e+000	-2.530171e-098	-2.656984e+303	0.000000e+000	1.171177e-173	8.248375e-306	0.000000e+000	2.121996e-314	-7.845908e+298	7.344122e-001	6.787037e-001	-2.530171e-098	-2.656984e+303	0.000000e+000	1.171192e-173	8.250026e-306	
0.000000e+000	0.000000e+000	0.000000e+000	0.000000e+000	0.000000e+000	0.000000e+000	0.000000e+000	0.000000e+000	0.000000e+000	0.000000e+000	0.000000e+000	0.000000e+000	0.000000e+000	0.000000e+000	0.000000e+000	-2.530171e-098	-2.656984e+303	0.000000e+000	1.171177e-173	8.251460e-306	0.000000e+000	2.121996e-314	-7.845908e+298	9.735239e-001	2.285851e-001	-2.530171e-098	-2.656984e+303	0.000000e+000	1.171192e-173	8.253112e-306	
0.000000e+000	0.000000e+000	0.000000e+000	0.000000e+000	0.000000e+000	0.000000e+000	0.000000e+000	0.000000e+000	0.000000e+000	0.000000e+000	0.000000e+000	0.000000e+000	0.000000e+000	0.000000e+000	0.000000e+000	-2.530171e-098	-2.656984e+303	0.000000e+000	1.171177e-173	8.254546e-306	0.000000e+000	2.121996e-314	-7.845908e+298	1.000000e+000	0.000000e+000	-2.530171e-098	-2.656984e+303	0.000000e+000	1.171192e-173	8.256197e-306	
0.000000e+000	0.000000e+000	0.000000e+000	0.000000e+000	0.000000e+000	0.000000e+000	0.000000e+000	0.000000e+000	0.000000e+000	0.000000e+000	0.000000e+000	0.000000e+000	0.000000e+000	0.000000e+000	0.000000e+000	-2.530171e-098	-2.656984e+303	0.000000e+000	1.171177e-173	8.257632e-306	0.000000e+000	2.121996e-314	-7.845908e+298	9.048259e-001	4.257818e-001	-2.530171e-098	-2.656984e+303	0.000000e+000	1.171192e-173	8.259283e-306	
0.000000e+000	0.000000e+000	0.000000e+000	0.000000e+000	0.000000e+000	0.000000e+000	0.000000e+000	0.000000e+000	0.000000e+000	0.000000e+000	0.000000e+000	0.000000e+000	0.000000e+000	0.000000e+000	0.000000e+000	-2.530171e-098	-2.656984e+303	0.000000e+000	1.171177e-173	8.260717e-306	0.000000e+000	2.121996e-314	-7.845908e+298	8.603182e-001	5.097574e-001	-2.530171e-098	-2.656984e+303	0.000000e+000	1.171192e-173	8.262369e-306	
0.000000e+000	0.000000e+000	0.000000e+000	0.000000e+000	0.000000e+000	0.000000e+000	0.000000e+000	0.000000e+000	0.000000e+000	0.000000e+000	0.000000e+000	0.000000e+000	0.000000e+000	0.000000e+000	0.000000e+000	-2.530171e-098	-2.656984e+303	0.000000e+000	1.171177e-173	8.263803e-306	0.000000e+000	2.121996e-314	-7.845908e+298	4.710371e-001	8.821134e-001	-2.530171e-098	-2.656984e+303	0.000000e+000	1.171192e-173	8.265454e-306	
0.000000e+000	0.000000e+000	0.000000e+000	0.000000e+000	0.000000e+000	0.000000e+000	0.000000e+000	0.000000e+000	0.000000e+000	0.000000e+000	0.000000e+000	0.000000e+000	0.000000e+000	0.000000e+000	0.000000e+000	-2.530171e-098	-2.656984e+303	0.000000e+000	1.171177e-173	8.266888e-306	0.000000e+000	2.121996e-314	-7.845908e+298	8.471011e-001	5.314317e-001	-2.530171e-098	-2.656984e+303	0.000000e+000	1.171192e-173	8.268540e-306	
0.000000e+000	0.000000e+000	0.000000e+000	0.000000e+000	0.000000e+000	0.000000e+000	0.000000e+000	0.000000e+000	0.000000e+000	0.000000e+000	0.000000e+000	0.000000e+000	0.000000e+000	0.000000e+000	0.000000e+000	-2.530171e-098	-2.656984e+303	0.000000e+000	1.171177e-173	8.269974e-306	0.000000e+000	2.121996e-314	-7.845908e+298	9.937969e-001	1.112100e-001	-2.530171e-098	-2.656984e+303	0.000000e+000	1.171192e-173	8.271625e-306	
0.000000e+000	0.000000e+000	0.000000e+000	0.000000e+000	0.000000e+000	0.000000e+000	0.000000e+000	0.000000e+000	0.000000e+000	0.000000e+000	0.000000e+000	0.000000e+000	0.000000e+000	0.000000e+000	0.000000e+000	-2.530171e-098	-2.656984e+303	0.000000e+000	1.171177e-173	8.273059e-306	0.000000e+000	2.121996e-314	-7.845908e+298	1.740741e-001	9.847326e-001	-2.530171e-098	-2.656984e+303	0.000000e+000	1.171192e-173	8.274711e-306	
0.000000e+000	0.000000e+000	0.000000e+000	0.000000e+000	0.000000e+000	0.000000e+000	0.000000e+000	0.000000e+000	0.000000e+000	0.000000e+000	0.000000e+000	0.000000e+000	0.000000e+000	0.000000e+000	0.000000e+000	-2.530171e-098	-2.656984e+303	0.000000e+000	1.171177e-173	8.276145e-306	0.000000e+000	2.121996e-314	-7.845908e+298	5.803791e-001	8.143464e-001	-2.530171e-098	-2.656984e+303	0.000000e+000	1.171192e-173	8.277796e-306	
0.000000e+000	0.000000e+000	0.000000e+000	0.000000e+000	0.000000e+000	0.000000e+000	0.000000e+000	0.000000e+000	0.000000e+000	0.000000e+000	0.000000e+000	0.000000e+000	0.000000e+000	0.000000e+000	0.000000e+000	-2.530171e-098	-2.656984e+303	0.000000e+000	1.171177e-173	8.279230e-306	0.000000e+000	2.121996e-314	-7.845908e+298	5.490819e-001	8.357685e-001	-2.530171e-098	-2.656984e+303	0.000000e+000	1.171192e-173	8.280882e-306	
0.000000e+000	0.000000e+000	0.000000e+000	0.000000e+000	0.000000e+000	0.000000e+000	0.000000e+000	0.000000e+000	0.000000e+000	0.000000e+000	0.000000e+000	0.000000e+000	0.000000e+000	0.000000e+000	0.000000e+000	-2.530171e-098	-2.656984e+303	0.000000e+000	1.171177e-173	8.282316e-306	0.000000e+000	2.121996e-314	-7.845908e+298	7.567374e-001	6.537190e-001	-2.530171e-098	-2.656984e+303	0.000000e+000	1.171192e-173	8.283967e-306	
0.000000e+000	0.000000e+000	0.000000e+000	0.000000e+000	0.000000e+000	0.000000e+000	0.000000e+000	0.000000e+000	0.000000e+000	0.000000e+000	0.000000e+000	0.000000e+000	0.000000e+000	0.000000e+000	0.000000e+000	-2.530171e-098	-2.656984e+303	0.000000e+000	1.171177e-173	8.285402e-306	0.000000e+000	2.121996e-314	-7.845908e+298	9.884317e-001	1.516668e-001	-2.530171e-098	-2.656984e+303	0.000000e+000	1.171192e-173	8.287053e-306	
0.000000e+000	0.000000e+000	0.000000e+000	0.000000e+000	0.000000e+000	0.000000e+000	0.000000e+000	0.000000e+000	0.000000e+000	0.000000e+000	0.000000e+000	0.000000e+000	0.000000e+000	0.000000e+000	0.000000e+000	-2.530171e-098	-2.656984e+303	0.000000e+000	1.171177e-173	8.288487e-306	0.000000e+000	2.121996e-314	-7.845908e+298	4.409668e-001	8.975234e-001	-2.530171e-098	-2.656984e+303	0.000000e+000	1.171192e-173	8.290138e-306	
0.000000e+000	0.000000e+000	0.000000e+000	0.000000e+000	0.000000e+000	0.000000e+000	0.000000e+000	0.000000e+000	0.000000e+000	0.000000e+000	0.000000e+000	0.000000e+000	0.000000e+000	0.000000e+000	0.000000e+000	-2.530171e-098	-2.656984e+303	0.000000e+000	1.171177e-173	8.291573e-306	0.000000e+000	2.121996e-314	-7.845908e+298	9.313499e-001	3.641254e-001	-2.530171e-098	-2.656984e+303	0.000000e+000	1.171192e-173	8.293224e-306	
0.000000e+000	0.000000e+000	0.000000e+000	0.000000e+000	0.000000e+000	0.000000e+000	0.000000e+000	0.000000e+000	0.000000e+000	0.000000e+000	0.000000e+000	0.000000e+000	0.000000e+000	0.000000e+000	0.000000e+000	-2.530171e-098	-2.656984e+303	0.000000e+000	1.171177e-173	8.294658e-306	0.000000e+000	2.121996e-314	-7.845908e+298	1.305268e-001	9.914448e-001	-2.530171e-098	-2.656984e+303	0.000000e+000	1.171192e-173	8.296310e-306	
