0.000000e+000	0.000000e+000	0.000000e+000	0.000000e+000	0.000000e+000	0.000000e+000	0.000000e+000	0.000000e+000	0.000000e+000	0.000000e+000	8.308264e-001	0.000000e+000	0.000000e+000	0.000000e+000	0.000000e+000	-2.530171e-098	-2.656984e+303	0.000000e+000	9.184789e-174	6.360299e-290	0.000000e+000	2.121996e-314	-7.845908e+298	2.626208e-001	9.648991e-001	-2.530171e-098	-2.656984e+303	0.000000e+000	9.184934e-174	6.361786e-290	
0.000000e+000	0.000000e+000	0.000000e+000	0.000000e+000	0.000000e+000	0.000000e+000	0.000000e+000	0.000000e+000	0.000000e+000	0.000000e+000	6.466325e-001	0.000000e+000	0.000000e+000	0.000000e+000	0.000000e+000	-2.530171e-098	-2.656984e+303	0.000000e+000	9.184789e-174	6.363078e-290	0.000000e+000	2.121996e-314	-7.845908e+298	5.270014e-001	8.498644e-001	-2.530171e-098	-2.656984e+303	0.000000e+000	9.184934e-174	6.364566e-290	
0.000000e+000	0.000000e+000	0.000000e+000	0.000000e+000	0.000000e+000	0.000000e+000	0.000000e+000	0.000000e+000	0.000000e+000	0.000000e+000	6.898129e-001	0.000000e+000	0.000000e+000	0.000000e+000	0.000000e+000	-2.530171e-098	-2.656984e+303	0.000000e+000	9.184789e-174	6.365857e-290	0.000000e+000	2.121996e-314	-7.845908e+298	4.681896e-001	8.836280e-001	-2.530171e-098	-2.656984e+303	0.000000e+000	9.184934e-174	6.367345e-290	
0.000000e+000	0.000000e+000	0.000000e+000	0.000000e+000	0.000000e+000	0.000000e+000	0.000000e+000	0.000000e+000	0.000000e+000	0.000000e+000	9.714705e-001	0.000000e+000	0.000000e+000	0.000000e+000	0.000000e+000	-2.530171e-098	-2.656984e+303	0.000000e+000	9.184789e-174	6.368636e-290	0.000000e+000	2.121996e-314	-7.845908e+298	4.479901e-002	9.989960e-001	-2.530171e-098	-2.656984e+303	0.000000e+000	9.184934e-174	6.370124e-290	
0.000000e+000	0.000000e+000	0.000000e+000	0.000000e+000	0.000000e+000	0.000000e+000	0.000000e+000	0.000000e+000	0.000000e+000	0.000000e+000	4.265452e-001	0.000000e+000	0.000000e+000	0.000000e+000	0.000000e+000	-2.530171e-098	-2.656984e+303	0.000000e+000	9.184789e-174	6.371416e-290	0.000000e+000	2.121996e-314	-7.845908e+298	7.838120e-001	6.209982e-001	-2.530171e-098	-2.656984e+303	0.000000e+000	9.184934e-174	6.372903e-290	
0.000000e+000	0.000000e+000	0.000000e+000	0.000000e+000	0.000000e+000	0.000000e+000	0.000000e+000	0.000000e+000	0.000000e+000	0.000000e+000	5.491459e-001	0.000000e+000	0.000000e+000	0.000000e+000	0.000000e+000	-2.530171e-098	-2.656984e+303	0.000000e+000	9.184789e-174	6.374195e-290	0.000000e+000	2.121996e-314	-7.845908e+298	6.504676e-001	7.595340e-001	-2.530171e-098	-2.656984e+303	0.000000e+000	9.184934e-174	6.375682e-290	
0.000000e+000	0.000000e+000	0.000000e+000	0.000000e+000	0.000000e+000	0.000000e+000	0.000000e+000	0.000000e+000	0.000000e+000	0.000000e+000	1.440194e-001	0.000000e+000	0.000000e+000	0.000000e+000	0.000000e+000	-2.530171e-098	-2.656984e+303	0.000000e+000	9.184789e-174	6.376974e-290	0.000000e+000	2.121996e-314	-7.845908e+298	9.745200e-001	2.243004e-001	-2.530171e-098	-2.656984e+303	0.000000e+000	9.184934e-174	6.378462e-290	
0.000000e+000	0.000000e+000	0.000000e+000	0.000000e+000	0.000000e+000	0.000000e+000	0.000000e+000	0.000000e+000	0.000000e+000	0.000000e+000	6.267312e-001	0.000000e+000	0.000000e+000	0.000000e+000	0.000000e+000	-2.530171e-098	-2.656984e+303	0.000000e+000	9.184789e-174	6.379753e-290	0.000000e+000	2.121996e-314	-7.845908e+298	5.533071e-001	8.329774e-001	-2.530171e-098	-2.656984e+303	0.000000e+000	9.184934e-174	6.381241e-290	
0.000000e+000	0.000000e+000	0.000000e+000	0.000000e+000	0.000000e+000	0.000000e+000	0.000000e+000	0.000000e+000	0.000000e+000	0.000000e+000	7.423570e-001	0.000000e+000	0.000000e+000	0.000000e+000	0.000000e+000	-2.530171e-098	-2.656984e+303	0.000000e+000	9.184789e-174	6.382533e-290	0.000000e+000	2.121996e-314	-7.845908e+298	3.937473e-001	9.192187e-001	-2.530171e-098	-2.656984e+303	0.000000e+000	9.184934e-174	6.384020e-290	
0.000000e+000	0.000000e+000	0.000000e+000	0.000000e+000	0.000000e+000	0.000000e+000	0.000000e+000	0.000000e+000	0.000000e+000	0.000000e+000	1.078937e-001	0.000000e+000	0.000000e+000	0.000000e+000	0.000000e+000	-2.530171e-098	-2.656984e+303	0.000000e+000	9.184789e-174	6.385312e-290	0.000000e+000	2.121996e-314	-7.845908e+298	9.856728e-001	1.686688e-001	-2.530171e-098	-2.656984e+303	0.000000e+000	9.184934e-174	6.386799e-290	
0.000000e+000	0.000000e+000	0.000000e+000	0.000000e+000	0.000000e+000	0.000000e+000	0.000000e+000	0.000000e+000	0.000000e+000	0.000000e+000	6.117981e-001	0.000000e+000	0.000000e+000	0.000000e+000	0.000000e+000	-2.530171e-098	-2.656984e+303	0.000000e+000	9.184789e-174	6.388091e-290	0.000000e+000	2.121996e-314	-7.845908e+298	5.726922e-001	8.197705e-001	-2.530171e-098	-2.656984e+303	0.000000e+000	9.184934e-174	6.389578e-290	
0.000000e+000	0.000000e+000	0.000000e+000	0.000000e+000	0.000000e+000	0.000000e+000	0.000000e+000	0.000000e+000	0.000000e+000	0.000000e+000	7.783594e-001	0.000000e+000	0.000000e+000	0.000000e+000	0.000000e+000	-2.530171e-098	-2.656984e+303	0.000000e+000	9.184789e-174	6.390870e-290	0.000000e+000	2.121996e-314	-7.845908e+298	3.411614e-001	9.400047e-001	-2.530171e-098	-2.656984e+303	0.000000e+000	9.184934e-174	6.392358e-290	
0.000000e+000	0.000000e+000	0.000000e+000	0.000000e+000	0.000000e+000	0.000000e+000	0.000000e+000	0.000000e+000	0.000000e+000	0.000000e+000	7.627608e-001	0.000000e+000	0.000000e+000	0.000000e+000	0.000000e+000	-2.530171e-098	-2.656984e+303	0.000000e+000	9.184789e-174	6.393649e-290	0.000000e+000	2.121996e-314	-7.845908e+298	3.640891e-001	9.313641e-001	-2.530171e-098	-2.656984e+303	0.000000e+000	9.184934e-174	6.395137e-290	
0.000000e+000	0.000000e+000	0.000000e+000	0.000000e+000	0.000000e+000	0.000000e+000	0.000000e+000	0.000000e+000	0.000000e+000	0.000000e+000	2.450946e-001	0.000000e+000	0.000000e+000	0.000000e+000	0.000000e+000	-2.530171e-098	-2.656984e+303	0.000000e+000	9.184789e-174	6.396429e-290	0.000000e+000	2.121996e-314	-7.845908e+298	9.268008e-001	3.755533e-001	-2.530171e-098	-2.656984e+303	0.000000e+000	9.184934e-174	6.397916e-290	
0.000000e+000	0.000000e+000	0.000000e+000	0.000000e+000	0.000000e+000	0.000000e+000	0.000000e+000	0.000000e+000	0.000000e+000	0.000000e+000	0.000000e+000	0.000000e+000	0.000000e+000	0.000000e+000	0.000000e+000	-2.530171e-098	-2.656984e+303	0.000000e+000	9.184789e-174	6.399208e-290	0.000000e+000	2.121996e-314	-7.845908e+298	1.000000e+000	0.000000e+000	-2.530171e-098	-2.656984e+303	0.000000e+000	9.184934e-174	6.400695e-290	
0.000000e+000	0.000000e+000	0.000000e+000	0.000000e+000	0.000000e+000	0.000000e+000	0.000000e+000	0.000000e+000	0.000000e+000	0.000000e+000	9.144963e-001	0.000000e+000	0.000000e+000	0.000000e+000	0.000000e+000	-2.530171e-098	-2.656984e+303	0.000000e+000	9.184789e-174	6.401987e-290	0.000000e+000	2.121996e-314	-7.845908e+298	1.339054e-001	9.909941e-001	-2.530171e-098	-2.656984e+303	0.000000e+000	9.184934e-174	6.403475e-290	
0.000000e+000	0.000000e+000	0.000000e+000	0.000000e+000	0.000000e+000	0.000000e+000	0.000000e+000	0.000000e+000	0.000000e+000	0.000000e+000	3.667943e-001	0.000000e+000	0.000000e+000	0.000000e+000	0.000000e+000	-2.530171e-098	-2.656984e+303	0.000000e+000	9.184789e-174	6.404766e-290	0.000000e+000	2.121996e-314	-7.845908e+298	8.385614e-001	5.448071e-001	-2.530171e-098	-2.656984e+303	0.000000e+000	9.184934e-174	6.406254e-290	
0.000000e+000	0.000000e+000	0.000000e+000	0.000000e+000	0.000000e+000	0.000000e+000	0.000000e+000	0.000000e+000	0.000000e+000	0.000000e+000	2.253946e-001	0.000000e+000	0.000000e+000	0.000000e+000	0.000000e+000	-2.530171e-098	-2.656984e+303	0.000000e+000	9.184789e-174	6.407546e-290	0.000000e+000	2.121996e-314	-7.845908e+298	9.379766e-001	3.466985e-001	-2.530171e-098	-2.656984e+303	0.000000e+000	9.184934e-174	6.409033e-290	
0.000000e+000	0.000000e+000	0.000000e+000	0.000000e+000	0.000000e+000	0.000000e+000	0.000000e+000	0.000000e+000	0.000000e+000	0.000000e+000	8.904590e-001	0.000000e+000	0.000000e+000	0.000000e+000	0.000000e+000	-2.530171e-098	-2.656984e+303	0.000000e+000	9.184789e-174	6.410325e-290	0.000000e+000	2.121996e-314	-7.845908e+298	1.712189e-001	9.852330e-001	-2.530171e-098	-2.656984e+303	0.000000e+000	9.184934e-174	6.411812e-290	
0.000000e+000	0.000000e+000	0.000000e+000	0.000000e+000	0.000000e+000	0.000000e+000	0.000000e+000	0.000000e+000	0.000000e+000	0.000000e+000	3.970591e-001	0.000000e+000	0.000000e+000	0.000000e+000	0.000000e+000	-2.530171e-098	-2.656984e+303	0.000000e+000	9.184789e-174	6.413104e-290	0.000000e+000	2.121996e-314	-7.845908e+298	8.117237e-001	5.840417e-001	-2.530171e-098	-2.656984e+303	0.000000e+000	9.184934e-174	6.414591e-290	
0.000000e+000	0.000000e+000	0.000000e+000	0.000000e+000	0.000000e+000	0.000000e+000	0.000000e+000	0.000000e+000	0.000000e+000	0.000000e+000	2.931068e-001	0.000000e+000	0.000000e+000	0.000000e+000	0.000000e+000	-2.530171e-098	-2.656984e+303	0.000000e+000	9.690186e-174	6.415883e-290	0.000000e+000	2.121996e-314	-7.845908e+298	8.958699e-001	4.443164e-001	-2.530171e-098	-2.656984e+303	0.000000e+000	9.690331e-174	6.417371e-290	
0.000000e+000	0.000000e+000	0.000000e+000	0.000000e+000	0.000000e+000	0.000000e+000	0.000000e+000	0.000000e+000	0.000000e+000	0.000000e+000	4.970768e-001	0.000000e+000	0.000000e+000	0.000000e+000	0.000000e+000	-2.530171e-098	-2.656984e+303	0.000000e+000	9.690186e-174	6.418662e-290	0.000000e+000	2.121996e-314	-7.845908e+298	7.103462e-001	7.038525e-001	-2.530171e-098	-2.656984e+303	0.000000e+000	9.690331e-174	6.420150e-290	
0.000000e+000	0.000000e+000	0.000000e+000	0.000000e+000	0.000000e+000	0.000000e+000	0.000000e+000	0.000000e+000	0.000000e+000	0.000000e+000	3.182303e-001	0.000000e+000	0.000000e+000	0.000000e+000	0.000000e+000	-2.530171e-098	-2.656984e+303	0.000000e+000	9.690186e-174	6.421442e-290	0.000000e+000	2.121996e-314	-7.845908e+298	8.776425e-001	4.793159e-001	-2.530171e-098	-2.656984e+303	0.000000e+000	9.690331e-174	6.422929e-290	
0.000000e+000	0.000000e+000	0.000000e+000	0.000000e+000	0.000000e+000	0.000000e+000	0.000000e+000	0.000000e+000	0.000000e+000	0.000000e+000	5.631325e-001	0.000000e+000	0.000000e+000	0.000000e+000	0.000000e+000	-2.530171e-098	-2.656984e+303	0.000000e+000	9.690186e-174	6.424221e-290	0.000000e+000	2.121996e-314	-7.845908e+298	6.336250e-001	7.736403e-001	-2.530171e-098	-2.656984e+303	0.000000e+000	9.690331e-174	6.425708e-290	
0.000000e+000	0.000000e+000	0.000000e+000	0.000000e+000	0.000000e+000	0.000000e+000	0.000000e+000	0.000000e+000	0.000000e+000	0.000000e+000	2.625572e-001	0.000000e+000	0.000000e+000	0.000000e+000	0.000000e+000	-2.530171e-098	-2.656984e+303	0.000000e+000	9.690186e-174	6.427000e-290	0.000000e+000	2.121996e-314	-7.845908e+298	9.161520e-001	4.008311e-001	-2.530171e-098	-2.656984e+303	0.000000e+000	9.690331e-174	6.428488e-290	
0.000000e+000	0.000000e+000	0.000000e+000	0.000000e+000	0.000000e+000	0.000000e+000	0.000000e+000	0.000000e+000	0.000000e+000	0.000000e+000	1.000000e+000	0.000000e+000	0.000000e+000	0.000000e+000	0.000000e+000	-2.530171e-098	-2.656984e+303	0.000000e+000	9.690186e-174	6.429779e-290	0.000000e+000	2.121996e-314	-7.845908e+298	6.123234e-017	1.000000e+000	-2.530171e-098	-2.656984e+303	0.000000e+000	9.690331e-174	6.431267e-290	
0.000000e+000	0.000000e+000	0.000000e+000	0.000000e+000	0.000000e+000	0.000000e+000	0.000000e+000	0.000000e+000	0.000000e+000	0.000000e+000	3.454637e-001	0.000000e+000	0.000000e+000	0.000000e+000	0.000000e+000	-2.530171e-098	-2.656984e+303	0.000000e+000	9.690186e-174	6.432558e-290	0.000000e+000	2.121996e-314	-7.845908e+298	8.563416e-001	5.164098e-001	-2.530171e-098	-2.656984e+303	0.000000e+000	9.690331e-174	6.434046e-290	
0.000000e+000	0.000000e+000	0.000000e+000	0.000000e+000	0.000000e+000	0.000000e+000	0.000000e+000	0.000000e+000	0.000000e+000	0.000000e+000	4.749140e-001	0.000000e+000	0.000000e+000	0.000000e+000	0.000000e+000	-2.530171e-098	-2.656984e+303	0.000000e+000	9.690186e-174	6.435338e-290	0.000000e+000	2.121996e-314	-7.845908e+298	7.344142e-001	6.787015e-001	-2.530171e-098	-2.656984e+303	0.000000e+000	9.690331e-174	6.436825e-290	
0.000000e+000	0.000000e+000	0.000000e+000	0.000000e+000	0.000000e+000	0.000000e+000	0.000000e+000	0.000000e+000	0.000000e+000	0.000000e+000	7.187514e-001	0.000000e+000	0.000000e+000	0.000000e+000	0.000000e+000	-2.530171e-098	-2.656984e+303	0.000000e+000	9.690186e-174	6.438117e-290	0.000000e+000	2.121996e-314	-7.845908e+298	4.275531e-001	9.039902e-001	-2.530171e-098	-2.656984e+303	0.000000e+000	9.690331e-174	6.439604e-290	
0.000000e+000	0.000000e+000	0.000000e+000	0.000000e+000	0.000000e+000	0.000000e+000	0.000000e+000	0.000000e+000	0.000000e+000	0.000000e+000	1.761072e-001	0.000000e+000	0.000000e+000	0.000000e+000	0.000000e+000	-2.530171e-098	-2.656984e+303	0.000000e+000	9.690186e-174	6.440896e-290	0.000000e+000	2.121996e-314	-7.845908e+298	9.619817e-001	2.731139e-001	-2.530171e-098	-2.656984e+303	0.000000e+000	9.690331e-174	6.442384e-290	
0.000000e+000	0.000000e+000	0.000000e+000	0.000000e+000	0.000000e+000	0.000000e+000	0.000000e+000	0.000000e+000	0.000000e+000	0.000000e+000	5.274163e-001	0.000000e+000	0.000000e+000	0.000000e+000	0.000000e+000	-2.530171e-098	-2.656984e+303	0.000000e+000	9.690186e-174	6.443675e-290	0.000000e+000	2.121996e-314	-7.845908e+298	6.760087e-001	7.368937e-001	-2.530171e-098	-2.656984e+303	0.000000e+000	9.690331e-174	6.445163e-290	
0.000000e+000	0.000000e+000	0.000000e+000	0.000000e+000	0.000000e+000	0.000000e+000	0.000000e+000	0.000000e+000	0.000000e+000	0.000000e+000	6.678705e-001	0.000000e+000	0.000000e+000	0.000000e+000	0.000000e+000	-2.530171e-098	-2.656984e+303	0.000000e+000	9.690186e-174	6.446455e-290	0.000000e+000	2.121996e-314	-7.845908e+298	4.983614e-001	8.669694e-001	-2.530171e-098	-2.656984e+303	0.000000e+000	9.690331e-174	6.447942e-290	
0.000000e+000	0.000000e+000	0.000000e+000	0.000000e+000	0.000000e+000	0.000000e+000	0.000000e+000	0.000000e+000	0.000000e+000	0.000000e+000	8.000432e-001	0.000000e+000	0.000000e+000	0.000000e+000	0.000000e+000	-2.530171e-098	-2.656984e+303	0.000000e+000	9.690186e-174	6.449234e-290	0.000000e+000	2.121996e-314	-7.845908e+298	3.089525e-001	9.510775e-001	-2.530171e-098	-2.656984e+303	0.000000e+000	9.690331e-174	6.450721e-290	
0.000000e+000	0.000000e+000	0.000000e+000	0.000000e+000	0.000000e+000	0.000000e+000	0.000000e+000	0.000000e+000	0.000000e+000	0.000000e+000	3.618806e-002	0.000000e+000	0.000000e+000	0.000000e+000	0.000000e+000	-2.530171e-098	-2.656984e+303	0.000000e+000	9.690186e-174	6.452013e-290	0.000000e+000	2.121996e-314	-7.845908e+298	9.983848e-001	5.681346e-002	-2.530171e-098	-2.656984e+303	0.000000e+000	9.690331e-174	6.453500e-290	
0.000000e+000	0.000000e+000	0.000000e+000	0.000000e+000	0.000000e+000	0.000000e+000	0.000000e+000	0.000000e+000	0.000000e+000	0.000000e+000	5.897114e-001	0.000000e+000	0.000000e+000	0.000000e+000	0.000000e+000	-2.530171e-098	-2.656984e+303	0.000000e+000	9.690186e-174	6.454792e-290	0.000000e+000	2.121996e-314	-7.845908e+298	6.007827e-001	7.994124e-001	-2.530171e-098	-2.656984e+303	0.000000e+000	9.690331e-174	6.456280e-290	
0.000000e+000	0.000000e+000	0.000000e+000	0.000000e+000	0.000000e+000	0.000000e+000	0.000000e+000	0.000000e+000	0.000000e+000	0.000000e+000	6.856007e-002	0.000000e+000	0.000000e+000	0.000000e+000	0.000000e+000	-2.530171e-098	-2.656984e+303	0.000000e+000	9.690186e-174	6.457571e-290	0.000000e+000	2.121996e-314	-7.845908e+298	9.942066e-001	1.074859e-001	-2.530171e-098	-2.656984e+303	0.000000e+000	9.690331e-174	6.459059e-290	
0.000000e+000	0.000000e+000	0.000000e+000	0.000000e+000	0.000000e+000	0.000000e+000	0.000000e+000	0.000000e+000	0.000000e+000	0.000000e+000	4.530925e-001	0.000000e+000	0.000000e+000	0.000000e+000	0.000000e+000	-2.530171e-098	-2.656984e+303	0.000000e+000	9.690186e-174	6.460351e-290	0.000000e+000	2.121996e-314	-7.845908e+298	7.572422e-001	6.531342e-001	-2.530171e-098	-2.656984e+303	0.000000e+000	9.690331e-174	6.461838e-290	
0.000000e+000	0.000000e+000	0.000000e+000	0.000000e+000	0.000000e+000	0.000000e+000	0.000000e+000	0.000000e+000	0.000000e+000	0.000000e+000	9.416042e-001	0.000000e+000	0.000000e+000	0.000000e+000	0.000000e+000	-2.530171e-098	-2.656984e+303	0.000000e+000	9.690186e-174	6.463130e-290	0.000000e+000	2.121996e-314	-7.845908e+298	9.159938e-002	9.957959e-001	-2.530171e-098	-2.656984e+303	0.000000e+000	9.690331e-174	6.464617e-290	
0.000000e+000	0.000000e+000	0.000000e+000	0.000000e+000	0.000000e+000	0.000000e+000	0.000000e+000	0.000000e+000	0.000000e+000	0.000000e+000	8.653369e-001	0.000000e+000	0.000000e+000	0.000000e+000	0.000000e+000	-2.530171e-098	-2.656984e+303	0.000000e+000	9.690186e-174	6.465909e-290	0.000000e+000	2.121996e-314	-7.845908e+298	2.099544e-001	9.777112e-001	-2.530171e-098	-2.656984e+303	0.000000e+000	9.690331e-174	6.467397e-290	
0.000000e+000	0.000000e+000	0.000000e+000	0.000000e+000	0.000000e+000	0.000000e+000	0.000000e+000	0.000000e+000	0.000000e+000	0.000000e+000	2.016792e-001	0.000000e+000	0.000000e+000	0.000000e+000	0.000000e+000	-2.530171e-098	-2.656984e+303	0.000000e+000	9.690186e-174	6.468688e-290	0.000000e+000	2.121996e-314	-7.845908e+298	9.502381e-001	3.115245e-001	-2.530171e-098	-2.656984e+303	0.000000e+000	9.690331e-174	6.470176e-290	
0.000000e+000	0.000000e+000	0.000000e+000	0.000000e+000	0.000000e+000	0.000000e+000	0.000000e+000	0.000000e+000	0.000000e+000	0.000000e+000	0.000000e+000	0.000000e+000	0.000000e+000	0.000000e+000	0.000000e+000	-2.530171e-098	-2.656984e+303	0.000000e+000	9.690186e-174	6.471468e-290	0.000000e+000	2.121996e-314	-7.845908e+298	2.626208e-001	9.648991e-001	-2.530171e-098	-2.656984e+303	0.000000e+000	9.690331e-174	6.472955e-290	
0.000000e+000	0.000000e+000	0.000000e+000	0.000000e+000	0.000000e+000	0.000000e+000	0.000000e+000	0.000000e+000	0.000000e+000	0.000000e+000	0.000000e+000	0.000000e+000	0.000000e+000	0.000000e+000	0.000000e+000	-2.530171e-098	-2.656984e+303	0.000000e+000	9.690186e-174	6.474247e-290	0.000000e+000	2.121996e-314	-7.845908e+298	9.983848e-001	5.681346e-002	-2.530171e-098	-2.656984e+303	0.000000e+000	9.690331e-174	6.475734e-290	
0.000000e+000	0.000000e+000	0.000000e+000	0.000000e+000	0.000000e+000	0.000000e+000	0.000000e+000	0.000000e+000	0.000000e+000	0.000000e+000	0.000000e+000	0.000000e+000	0.000000e+000	0.000000e+000	0.000000e+000	-2.530171e-098	-2.656984e+303	0.000000e+000	9.690186e-174	6.477026e-290	0.000000e+000	2.121996e-314	-7.845908e+298	8.672395e-001	4.978913e-001	-2.530171e-098	-2.656984e+303	0.000000e+000	9.690331e-174	6.478513e-290	
0.000000e+000	0.000000e+000	0.000000e+000	0.000000e+000	0.000000e+000	0.000000e+000	0.000000e+000	0.000000e+000	0.000000e+000	0.000000e+000	0.000000e+000	0.000000e+000	0.000000e+000	0.000000e+000	0.000000e+000	-2.530171e-098	-2.656984e+303	0.000000e+000	9.690186e-174	6.479805e-290	0.000000e+000	2.121996e-314	-7.845908e+298	5.714473e-001	8.206388e-001	-2.530171e-098	-2.656984e+303	0.000000e+000	9.690331e-174	6.481293e-290	
0.000000e+000	0.000000e+000	0.000000e+000	0.000000e+000	0.000000e+000	0.000000e+000	0.000000e+000	0.000000e+000	0.000000e+000	0.000000e+000	0.000000e+000	0.000000e+000	0.000000e+000	0.000000e+000	0.000000e+000	-2.530171e-098	-2.656984e+303	0.000000e+000	9.690186e-174	6.482584e-290	0.000000e+000	2.121996e-314	-7.845908e+298	9.905421e-001	1.372089e-001	-2.530171e-098	-2.656984e+303	0.000000e+000	9.690331e-174	6.484072e-290	
0.000000e+000	0.000000e+000	0.000000e+000	0.000000e+000	0.000000e+000	0.000000e+000	0.000000e+000	0.000000e+000	0.000000e+000	0.000000e+000	0.000000e+000	0.000000e+000	0.000000e+000	0.000000e+000	0.000000e+000	-2.530171e-098	-2.656984e+303	0.000000e+000	9.690186e-174	6.485364e-290	0.000000e+000	2.121996e-314	-7.845908e+298	4.163410e-001	9.092085e-001	-2.530171e-098	-2.656984e+303	0.000000e+000	9.690331e-174	6.486851e-290	
0.000000e+000	0.000000e+000	0.000000e+000	0.000000e+000	0.000000e+000	0.000000e+000	0.000000e+000	0.000000e+000	0.000000e+000	0.000000e+000	0.000000e+000	0.000000e+000	0.000000e+000	0.000000e+000	0.000000e+000	-2.530171e-098	-2.656984e+303	0.000000e+000	9.690186e-174	6.488143e-290	0.000000e+000	2.121996e-314	-7.845908e+298	8.117237e-001	5.840417e-001	-2.530171e-098	-2.656984e+303	0.000000e+000	9.690331e-174	6.489630e-290	
0.000000e+000	0.000000e+000	0.000000e+000	0.000000e+000	0.000000e+000	0.000000e+000	0.000000e+000	0.000000e+000	0.000000e+000	0.000000e+000	0.000000e+000	0.000000e+000	0.000000e+000	0.000000e+000	0.000000e+000	-2.530171e-098	-2.656984e+303	0.000000e+000	9.690186e-174	6.490922e-290	0.000000e+000	2.121996e-314	-7.845908e+298	3.602849e-001	9.328423e-001	-2.530171e-098	-2.656984e+303	0.000000e+000	9.690331e-174	6.492410e-290	
0.000000e+000	0.000000e+000	0.000000e+000	0.000000e+000	0.000000e+000	0.000000e+000	0.000000e+000	0.000000e+000	0.000000e+000	0.000000e+000	0.000000e+000	0.000000e+000	0.000000e+000	0.000000e+000	0.000000e+000	-2.530171e-098	-2.656984e+303	0.000000e+000	9.690186e-174	6.493701e-290	0.000000e+000	2.121996e-314	-7.845908e+298	9.523717e-001	3.049396e-001	-2.530171e-098	-2.656984e+303	0.000000e+000	9.690331e-174	6.495189e-290	
0.000000e+000	0.000000e+000	0.000000e+000	0.000000e+000	0.000000e+000	0.000000e+000	0.000000e+000	0.000000e+000	0.000000e+000	0.000000e+000	0.000000e+000	0.000000e+000	0.000000e+000	0.000000e+000	0.000000e+000	-2.530171e-098	-2.656984e+303	0.000000e+000	9.690186e-174	6.496480e-290	0.000000e+000	2.121996e-314	-7.845908e+298	6.007827e-001	7.994124e-001	-2.530171e-098	-2.656984e+303	0.000000e+000	9.690331e-174	6.497968e-290	
0.000000e+000	0.000000e+000	0.000000e+000	0.000000e+000	0.000000e+000	0.000000e+000	0.000000e+000	0.000000e+000	0.000000e+000	0.000000e+000	0.000000e+000	0.000000e+000	0.000000e+000	0.000000e+000	0.000000e+000	-2.530171e-098	-2.656984e+303	0.000000e+000	9.690186e-174	6.499260e-290	0.000000e+000	2.121996e-314	-7.845908e+298	8.523742e-001	5.229323e-001	-2.530171e-098	-2.656984e+303	0.000000e+000	9.690331e-174	6.500747e-290	
0.000000e+000	0.000000e+000	0.000000e+000	0.000000e+000	0.000000e+000	0.000000e+000	0.000000e+000	0.000000e+000	0.000000e+000	0.000000e+000	0.000000e+000	0.000000e+000	0.000000e+000	0.000000e+000	0.000000e+000	-2.530171e-098	-2.656984e+303	0.000000e+000	9.690186e-174	6.502039e-290	0.000000e+000	2.121996e-314	-7.845908e+298	8.324345e-001	5.541234e-001	-2.530171e-098	-2.656984e+303	0.000000e+000	9.690331e-174	6.503526e-290	
0.000000e+000	0.000000e+000	0.000000e+000	0.000000e+000	0.000000e+000	0.000000e+000	0.000000e+000	0.000000e+000	0.000000e+000	0.000000e+000	0.000000e+000	0.000000e+000	0.000000e+000	0.000000e+000	0.000000e+000	-2.530171e-098	-2.656984e+303	0.000000e+000	9.690186e-174	6.504818e-290	0.000000e+000	2.121996e-314	-7.845908e+298	7.555760e-001	6.550610e-001	-2.530171e-098	-2.656984e+303	0.000000e+000	9.690331e-174	6.506306e-290	
0.000000e+000	0.000000e+000	0.000000e+000	0.000000e+000	0.000000e+000	0.000000e+000	0.000000e+000	0.000000e+000	0.000000e+000	0.000000e+000	0.000000e+000	0.000000e+000	0.000000e+000	0.000000e+000	0.000000e+000	-2.530171e-098	-2.656984e+303	0.000000e+000	9.690186e-174	6.507597e-290	0.000000e+000	2.121996e-314	-7.845908e+298	5.270014e-001	8.498644e-001	-2.530171e-098	-2.656984e+303	0.000000e+000	9.690331e-174	6.509085e-290	
0.000000e+000	0.000000e+000	0.000000e+000	0.000000e+000	0.000000e+000	0.000000e+000	0.000000e+000	0.000000e+000	0.000000e+000	0.000000e+000	0.000000e+000	0.000000e+000	0.000000e+000	0.000000e+000	0.000000e+000	-2.530171e-098	-2.656984e+303	0.000000e+000	9.690186e-174	6.510377e-290	0.000000e+000	2.121996e-314	-7.845908e+298	4.740045e-001	8.805224e-001	-2.530171e-098	-2.656984e+303	0.000000e+000	9.690331e-174	6.511864e-290	
0.000000e+000	0.000000e+000	0.000000e+000	0.000000e+000	0.000000e+000	0.000000e+000	0.000000e+000	0.000000e+000	0.000000e+000	0.000000e+000	0.000000e+000	0.000000e+000	0.000000e+000	0.000000e+000	0.000000e+000	-2.530171e-098	-2.656984e+303	0.000000e+000	9.690186e-174	6.513156e-290	0.000000e+000	2.121996e-314	-7.845908e+298	9.425861e-001	3.339633e-001	-2.530171e-098	-2.656984e+303	0.000000e+000	9.690331e-174	6.514643e-290	
0.000000e+000	0.000000e+000	0.000000e+000	0.000000e+000	0.000000e+000	0.000000e+000	0.000000e+000	0.000000e+000	0.000000e+000	0.000000e+000	0.000000e+000	0.000000e+000	0.000000e+000	0.000000e+000	0.000000e+000	-2.530171e-098	-2.656984e+303	0.000000e+000	9.690186e-174	6.515935e-290	0.000000e+000	2.121996e-314	-7.845908e+298	9.643309e-001	2.646998e-001	-2.530171e-098	-2.656984e+303	0.000000e+000	9.690331e-174	6.517422e-290	
0.000000e+000	0.000000e+000	0.000000e+000	0.000000e+000	0.000000e+000	0.000000e+000	0.000000e+000	0.000000e+000	0.000000e+000	0.000000e+000	0.000000e+000	0.000000e+000	0.000000e+000	0.000000e+000	0.000000e+000	-2.530171e-098	-2.656984e+303	0.000000e+000	9.690186e-174	6.518714e-290	0.000000e+000	2.121996e-314	-7.845908e+298	2.257182e-001	9.741926e-001	-2.530171e-098	-2.656984e+303	0.000000e+000	9.690331e-174	6.520202e-290	
0.000000e+000	0.000000e+000	0.000000e+000	0.000000e+000	0.000000e+000	0.000000e+000	0.000000e+000	0.000000e+000	0.000000e+000	0.000000e+000	0.000000e+000	0.000000e+000	0.000000e+000	0.000000e+000	0.000000e+000	-2.530171e-098	-2.656984e+303	0.000000e+000	9.690186e-174	6.521493e-290	0.000000e+000	2.121996e-314	-7.845908e+298	4.476284e-001	8.942197e-001	-2.530171e-098	-2.656984e+303	0.000000e+000	9.690331e-174	6.522981e-290	
0.000000e+000	0.000000e+000	0.000000e+000	0.000000e+000	0.000000e+000	0.000000e+000	0.000000e+000	0.000000e+000	0.000000e+000	0.000000e+000	0.000000e+000	0.000000e+000	0.000000e+000	0.000000e+000	0.000000e+000	-2.530171e-098	-2.656984e+303	0.000000e+000	9.690186e-174	6.524273e-290	0.000000e+000	2.121996e-314	-7.845908e+298	3.937473e-001	9.192187e-001	-2.530171e-098	-2.656984e+303	0.000000e+000	9.690331e-174	6.525760e-290	
0.000000e+000	0.000000e+000	0.000000e+000	0.000000e+000	0.000000e+000	0.000000e+000	0.000000e+000	0.000000e+000	0.000000e+000	0.000000e+000	0.000000e+000	0.000000e+000	0.000000e+000	0.000000e+000	0.000000e+000	-2.530171e-098	-2.656984e+303	0.000000e+000	9.690186e-174	6.527052e-290	0.000000e+000	2.121996e-314	-7.845908e+298	4.479901e-002	9.989960e-001	-2.530171e-098	-2.656984e+303	0.000000e+000	9.690331e-174	6.528539e-290	
0.000000e+000	0.000000e+000	0.000000e+000	0.000000e+000	0.000000e+000	0.000000e+000	0.000000e+000	0.000000e+000	0.000000e+000	0.000000e+000	0.000000e+000	0.000000e+000	0.000000e+000	0.000000e+000	0.000000e+000	-2.530171e-098	-2.656984e+303	0.000000e+000	9.690186e-174	6.529831e-290	0.000000e+000	2.121996e-314	-7.845908e+298	9.955411e-001	9.432858e-002	-2.530171e-098	-2.656984e+303	0.000000e+000	9.690331e-174	6.531319e-290	
0.000000e+000	0.000000e+000	0.000000e+000	0.000000e+000	0.000000e+000	0.000000e+000	0.000000e+000	0.000000e+000	0.000000e+000	0.000000e+000	0.000000e+000	0.000000e+000	0.000000e+000	0.000000e+000	0.000000e+000	-2.530171e-098	-2.656984e+303	0.000000e+000	9.690186e-174	6.532610e-290	0.000000e+000	2.121996e-314	-7.845908e+298	6.504676e-001	7.595340e-001	-2.530171e-098	-2.656984e+303	0.000000e+000	9.690331e-174	6.534098e-290	
0.000000e+000	0.000000e+000	0.000000e+000	0.000000e+000	0.000000e+000	0.000000e+000	0.000000e+000	0.000000e+000	0.000000e+000	0.000000e+000	0.000000e+000	0.000000e+000	0.000000e+000	0.000000e+000	0.000000e+000	-2.530171e-098	-2.656984e+303	0.000000e+000	9.690186e-174	6.535390e-290	0.000000e+000	2.121996e-314	-7.845908e+298	9.161520e-001	4.008311e-001	-2.530171e-098	-2.656984e+303	0.000000e+000	9.690331e-174	6.536877e-290	
0.000000e+000	0.000000e+000	0.000000e+000	0.000000e+000	0.000000e+000	0.000000e+000	0.000000e+000	0.000000e+000	0.000000e+000	0.000000e+000	0.000000e+000	0.000000e+000	0.000000e+000	0.000000e+000	0.000000e+000	-2.530171e-098	-2.656984e+303	0.000000e+000	9.690186e-174	6.538169e-290	0.000000e+000	2.121996e-314	-7.845908e+298	9.758627e-001	2.183849e-001	-2.530171e-098	-2.656984e+303	0.000000e+000	9.690331e-174	6.539656e-290	
0.000000e+000	0.000000e+000	0.000000e+000	0.000000e+000	0.000000e+000	0.000000e+000	0.000000e+000	0.000000e+000	0.000000e+000	0.000000e+000	0.000000e+000	0.000000e+000	0.000000e+000	0.000000e+000	0.000000e+000	-2.530171e-098	-2.656984e+303	0.000000e+000	9.690186e-174	6.540948e-290	0.000000e+000	2.121996e-314	-7.845908e+298	3.089525e-001	9.510775e-001	-2.530171e-098	-2.656984e+303	0.000000e+000	9.690331e-174	6.542435e-290	
0.000000e+000	0.000000e+000	0.000000e+000	0.000000e+000	0.000000e+000	0.000000e+000	0.000000e+000	0.000000e+000	0.000000e+000	0.000000e+000	0.000000e+000	0.000000e+000	0.000000e+000	0.000000e+000	0.000000e+000	-2.530171e-098	-2.656984e+303	0.000000e+000	9.690186e-174	6.543727e-290	0.000000e+000	2.121996e-314	-7.845908e+298	1.339054e-001	9.909941e-001	-2.530171e-098	-2.656984e+303	0.000000e+000	9.690331e-174	6.545215e-290	
0.000000e+000	0.000000e+000	0.000000e+000	0.000000e+000	0.000000e+000	0.000000e+000	0.000000e+000	0.000000e+000	0.000000e+000	0.000000e+000	0.000000e+000	0.000000e+000	0.000000e+000	0.000000e+000	0.000000e+000	-2.530171e-098	-2.656984e+303	0.000000e+000	9.690186e-174	6.546506e-290	0.000000e+000	2.121996e-314	-7.845908e+298	8.958699e-001	4.443164e-001	-2.530171e-098	-2.656984e+303	0.000000e+000	9.690331e-174	6.547994e-290	
0.000000e+000	0.000000e+000	0.000000e+000	0.000000e+000	0.000000e+000	0.000000e+000	0.000000e+000	0.000000e+000	0.000000e+000	0.000000e+000	0.000000e+000	0.000000e+000	0.000000e+000	0.000000e+000	0.000000e+000	-2.530171e-098	-2.656984e+303	0.000000e+000	9.690186e-174	6.549286e-290	0.000000e+000	2.121996e-314	-7.845908e+298	6.760087e-001	7.368937e-001	-2.530171e-098	-2.656984e+303	0.000000e+000	9.690331e-174	6.550773e-290	
0.000000e+000	0.000000e+000	0.000000e+000	0.000000e+000	0.000000e+000	0.000000e+000	0.000000e+000	0.000000e+000	0.000000e+000	0.000000e+000	0.000000e+000	0.000000e+000	0.000000e+000	0.000000e+000	0.000000e+000	-2.530171e-098	-2.656984e+303	0.000000e+000	9.690186e-174	6.552065e-290	0.000000e+000	2.121996e-314	-7.845908e+298	1.814424e-001	9.834016e-001	-2.530171e-098	-2.656984e+303	0.000000e+000	9.690331e-174	6.553552e-290	
0.000000e+000	0.000000e+000	0.000000e+000	0.000000e+000	0.000000e+000	0.000000e+000	0.000000e+000	0.000000e+000	0.000000e+000	0.000000e+000	0.000000e+000	0.000000e+000	0.000000e+000	0.000000e+000	0.000000e+000	-2.530171e-098	-2.656984e+303	0.000000e+000	9.690186e-174	6.554844e-290	0.000000e+000	2.121996e-314	-7.845908e+298	7.103462e-001	7.038525e-001	-2.530171e-098	-2.656984e+303	0.000000e+000	9.690331e-174	6.556332e-290	
0.000000e+000	0.000000e+000	0.000000e+000	0.000000e+000	0.000000e+000	0.000000e+000	0.000000e+000	0.000000e+000	0.000000e+000	0.000000e+000	0.000000e+000	0.000000e+000	0.000000e+000	0.000000e+000	0.000000e+000	-2.530171e-098	-2.656984e+303	0.000000e+000	9.690186e-174	6.557623e-290	0.000000e+000	2.121996e-314	-7.845908e+298	9.843884e-001	1.760101e-001	-2.530171e-098	-2.656984e+303	0.000000e+000	9.690331e-174	6.559111e-290	
0.000000e+000	0.000000e+000	0.000000e+000	0.000000e+000	0.000000e+000	0.000000e+000	0.000000e+000	0.000000e+000	0.000000e+000	0.000000e+000	0.000000e+000	0.000000e+000	0.000000e+000	0.000000e+000	0.000000e+000	-2.530171e-098	-2.656984e+303	0.000000e+000	9.690186e-174	6.560403e-290	0.000000e+000	2.121996e-314	-7.845908e+298	9.159938e-002	9.957959e-001	-2.530171e-098	-2.656984e+303	0.000000e+000	9.690331e-174	6.561890e-290	
0.000000e+000	0.000000e+000	0.000000e+000	0.000000e+000	0.000000e+000	0.000000e+000	0.000000e+000	0.000000e+000	0.000000e+000	0.000000e+000	0.000000e+000	0.000000e+000	0.000000e+000	0.000000e+000	0.000000e+000	-2.530171e-098	-2.656984e+303	0.000000e+000	9.690186e-174	6.563182e-290	0.000000e+000	2.121996e-314	-7.845908e+298	8.806981e-001	4.736781e-001	-2.530171e-098	-2.656984e+303	0.000000e+000	9.690331e-174	6.564669e-290	
0.000000e+000	0.000000e+000	0.000000e+000	0.000000e+000	0.000000e+000	0.000000e+000	0.000000e+000	0.000000e+000	0.000000e+000	0.000000e+000	0.000000e+000	0.000000e+000	0.000000e+000	0.000000e+000	0.000000e+000	-2.530171e-098	-2.656984e+303	0.000000e+000	9.690186e-174	6.565961e-290	0.000000e+000	2.121996e-314	-7.845908e+298	7.344142e-001	6.787015e-001	-2.530171e-098	-2.656984e+303	0.000000e+000	9.690331e-174	6.567448e-290	
0.000000e+000	0.000000e+000	0.000000e+000	0.000000e+000	0.000000e+000	0.000000e+000	0.000000e+000	0.000000e+000	0.000000e+000	0.000000e+000	0.000000e+000	0.000000e+000	0.000000e+000	0.000000e+000	0.000000e+000	-2.530171e-098	-2.656984e+303	0.000000e+000	9.690186e-174	6.568740e-290	0.000000e+000	2.121996e-314	-7.845908e+298	4.983614e-001	8.669694e-001	-2.530171e-098	-2.656984e+303	0.000000e+000	9.690331e-174	6.570228e-290	
0.000000e+000	0.000000e+000	0.000000e+000	0.000000e+000	0.000000e+000	0.000000e+000	0.000000e+000	0.000000e+000	0.000000e+000	0.000000e+000	0.000000e+000	0.000000e+000	0.000000e+000	0.000000e+000	0.000000e+000	-2.530171e-098	-2.656984e+303	0.000000e+000	9.690186e-174	6.571519e-290	0.000000e+000	2.121996e-314	-7.845908e+298	1.000000e+000	0.000000e+000	-2.530171e-098	-2.656984e+303	0.000000e+000	9.690331e-174	6.573007e-290	
0.000000e+000	0.000000e+000	0.000000e+000	0.000000e+000	0.000000e+000	0.000000e+000	0.000000e+000	0.000000e+000	0.000000e+000	0.000000e+000	0.000000e+000	0.000000e+000	0.000000e+000	0.000000e+000	0.000000e+000	-2.530171e-098	-2.656984e+303	0.000000e+000	9.690186e-174	6.574299e-290	0.000000e+000	2.121996e-314	-7.845908e+298	9.325515e-001	3.610369e-001	-2.530171e-098	-2.656984e+303	0.000000e+000	9.690331e-174	6.575786e-290	
0.000000e+000	0.000000e+000	0.000000e+000	0.000000e+000	0.000000e+000	0.000000e+000	0.000000e+000	0.000000e+000	0.000000e+000	0.000000e+000	0.000000e+000	0.000000e+000	0.000000e+000	0.000000e+000	0.000000e+000	-2.530171e-098	-2.656984e+303	0.000000e+000	9.690186e-174	6.577078e-290	0.000000e+000	2.121996e-314	-7.845908e+298	6.289199e-001	7.774701e-001	-2.530171e-098	-2.656984e+303	0.000000e+000	9.690331e-174	6.578565e-290	
0.000000e+000	0.000000e+000	0.000000e+000	0.000000e+000	0.000000e+000	0.000000e+000	0.000000e+000	0.000000e+000	0.000000e+000	0.000000e+000	0.000000e+000	0.000000e+000	0.000000e+000	0.000000e+000	0.000000e+000	-2.530171e-098	-2.656984e+303	0.000000e+000	9.690186e-174	6.579857e-290	0.000000e+000	2.121996e-314	-7.845908e+298	6.123234e-017	1.000000e+000	-2.530171e-098	-2.656984e+303	0.000000e+000	9.690331e-174	6.581345e-290	
