0.000000e+000	0.000000e+000	0.000000e+000	0.000000e+000	0.000000e+000	0.000000e+000	0.000000e+000	0.000000e+000	0.000000e+000	0.000000e+000	0.000000e+000	0.000000e+000	0.000000e+000	0.000000e+000	4.699564e-001	-2.530171e-098	-2.656984e+303	0.000000e+000	1.322796e-173	9.410324e-306	0.000000e+000	2.121996e-314	-7.845908e+298	7.396772e-001	6.729619e-001	-2.530171e-098	-2.656984e+303	0.000000e+000	1.322811e-173	9.411976e-306	
0.000000e+000	0.000000e+000	0.000000e+000	0.000000e+000	0.000000e+000	0.000000e+000	0.000000e+000	0.000000e+000	0.000000e+000	0.000000e+000	0.000000e+000	0.000000e+000	0.000000e+000	0.000000e+000	2.987170e-001	-2.530171e-098	-2.656984e+303	0.000000e+000	1.322796e-173	9.413410e-306	0.000000e+000	2.121996e-314	-7.845908e+298	8.919196e-001	4.521939e-001	-2.530171e-098	-2.656984e+303	0.000000e+000	1.322811e-173	9.415061e-306	
0.000000e+000	0.000000e+000	0.000000e+000	0.000000e+000	0.000000e+000	0.000000e+000	0.000000e+000	0.000000e+000	0.000000e+000	0.000000e+000	0.000000e+000	0.000000e+000	0.000000e+000	0.000000e+000	8.397987e-001	-2.530171e-098	-2.656984e+303	0.000000e+000	1.322796e-173	9.416495e-306	0.000000e+000	2.121996e-314	-7.845908e+298	2.489961e-001	9.685045e-001	-2.530171e-098	-2.656984e+303	0.000000e+000	1.322811e-173	9.418147e-306	
0.000000e+000	0.000000e+000	0.000000e+000	0.000000e+000	0.000000e+000	0.000000e+000	0.000000e+000	0.000000e+000	0.000000e+000	0.000000e+000	0.000000e+000	0.000000e+000	0.000000e+000	0.000000e+000	5.493672e-001	-2.530171e-098	-2.656984e+303	0.000000e+000	1.322796e-173	9.419581e-306	0.000000e+000	2.121996e-314	-7.845908e+298	6.502036e-001	7.597600e-001	-2.530171e-098	-2.656984e+303	0.000000e+000	1.322811e-173	9.421232e-306	
0.000000e+000	0.000000e+000	0.000000e+000	0.000000e+000	0.000000e+000	0.000000e+000	0.000000e+000	0.000000e+000	0.000000e+000	0.000000e+000	0.000000e+000	0.000000e+000	0.000000e+000	0.000000e+000	6.345975e-001	-2.530171e-098	-2.656984e+303	0.000000e+000	1.322796e-173	9.422666e-306	0.000000e+000	2.121996e-314	-7.845908e+298	5.429726e-001	8.397504e-001	-2.530171e-098	-2.656984e+303	0.000000e+000	1.322811e-173	9.424318e-306	
0.000000e+000	0.000000e+000	0.000000e+000	0.000000e+000	0.000000e+000	0.000000e+000	0.000000e+000	0.000000e+000	0.000000e+000	0.000000e+000	0.000000e+000	0.000000e+000	0.000000e+000	0.000000e+000	7.753867e-001	-2.530171e-098	-2.656984e+303	0.000000e+000	1.322796e-173	9.425752e-306	0.000000e+000	2.121996e-314	-7.845908e+298	3.455472e-001	9.384014e-001	-2.530171e-098	-2.656984e+303	0.000000e+000	1.322811e-173	9.427403e-306	
0.000000e+000	0.000000e+000	0.000000e+000	0.000000e+000	0.000000e+000	0.000000e+000	0.000000e+000	0.000000e+000	0.000000e+000	0.000000e+000	0.000000e+000	0.000000e+000	0.000000e+000	0.000000e+000	4.240186e-001	-2.530171e-098	-2.656984e+303	0.000000e+000	1.322796e-173	9.428837e-306	0.000000e+000	2.121996e-314	-7.845908e+298	7.862704e-001	6.178826e-001	-2.530171e-098	-2.656984e+303	0.000000e+000	1.322811e-173	9.430489e-306	
0.000000e+000	0.000000e+000	0.000000e+000	0.000000e+000	0.000000e+000	0.000000e+000	0.000000e+000	0.000000e+000	0.000000e+000	0.000000e+000	0.000000e+000	0.000000e+000	0.000000e+000	0.000000e+000	7.541975e-001	-2.530171e-098	-2.656984e+303	0.000000e+000	1.322796e-173	9.431923e-306	0.000000e+000	2.121996e-314	-7.845908e+298	3.765837e-001	9.263826e-001	-2.530171e-098	-2.656984e+303	0.000000e+000	1.322811e-173	9.433574e-306	
0.000000e+000	0.000000e+000	0.000000e+000	0.000000e+000	0.000000e+000	0.000000e+000	0.000000e+000	0.000000e+000	0.000000e+000	0.000000e+000	0.000000e+000	0.000000e+000	0.000000e+000	0.000000e+000	5.578248e-002	-2.530171e-098	-2.656984e+303	0.000000e+000	1.322796e-173	9.435009e-306	0.000000e+000	2.121996e-314	-7.845908e+298	9.961636e-001	8.751084e-002	-2.530171e-098	-2.656984e+303	0.000000e+000	1.322811e-173	9.436660e-306	
0.000000e+000	0.000000e+000	0.000000e+000	0.000000e+000	0.000000e+000	0.000000e+000	0.000000e+000	0.000000e+000	0.000000e+000	0.000000e+000	0.000000e+000	0.000000e+000	0.000000e+000	0.000000e+000	8.660790e-001	-2.530171e-098	-2.656984e+303	0.000000e+000	1.322796e-173	9.438094e-306	0.000000e+000	2.121996e-314	-7.845908e+298	2.088145e-001	9.779553e-001	-2.530171e-098	-2.656984e+303	0.000000e+000	1.322811e-173	9.439745e-306	
0.000000e+000	0.000000e+000	0.000000e+000	0.000000e+000	0.000000e+000	0.000000e+000	0.000000e+000	0.000000e+000	0.000000e+000	0.000000e+000	0.000000e+000	0.000000e+000	0.000000e+000	0.000000e+000	2.817011e-001	-2.530171e-098	-2.656984e+303	0.000000e+000	1.322796e-173	9.441180e-306	0.000000e+000	2.121996e-314	-7.845908e+298	9.036861e-001	4.281955e-001	-2.530171e-098	-2.656984e+303	0.000000e+000	1.322811e-173	9.442831e-306	
0.000000e+000	0.000000e+000	0.000000e+000	0.000000e+000	0.000000e+000	0.000000e+000	0.000000e+000	0.000000e+000	0.000000e+000	0.000000e+000	0.000000e+000	0.000000e+000	0.000000e+000	0.000000e+000	0.000000e+000	-2.530171e-098	-2.656984e+303	0.000000e+000	1.322796e-173	9.444265e-306	0.000000e+000	2.121996e-314	-7.845908e+298	1.000000e+000	0.000000e+000	-2.530171e-098	-2.656984e+303	0.000000e+000	1.322811e-173	9.445917e-306	
0.000000e+000	0.000000e+000	0.000000e+000	0.000000e+000	0.000000e+000	0.000000e+000	0.000000e+000	0.000000e+000	0.000000e+000	0.000000e+000	0.000000e+000	0.000000e+000	0.000000e+000	0.000000e+000	1.000000e+000	-2.530171e-098	-2.656984e+303	0.000000e+000	1.322796e-173	9.447351e-306	0.000000e+000	2.121996e-314	-7.845908e+298	6.123234e-017	1.000000e+000	-2.530171e-098	-2.656984e+303	0.000000e+000	1.322811e-173	9.449002e-306	
0.000000e+000	0.000000e+000	0.000000e+000	0.000000e+000	0.000000e+000	0.000000e+000	0.000000e+000	0.000000e+000	0.000000e+000	0.000000e+000	0.000000e+000	0.000000e+000	0.000000e+000	0.000000e+000	2.111228e-002	-2.530171e-098	-2.656984e+303	0.000000e+000	1.322796e-173	9.450436e-306	0.000000e+000	2.121996e-314	-7.845908e+298	9.994502e-001	3.315701e-002	-2.530171e-098	-2.656984e+303	0.000000e+000	1.322811e-173	9.452088e-306	
0.000000e+000	0.000000e+000	0.000000e+000	0.000000e+000	0.000000e+000	0.000000e+000	0.000000e+000	0.000000e+000	0.000000e+000	0.000000e+000	0.000000e+000	0.000000e+000	0.000000e+000	0.000000e+000	1.939227e-001	-2.530171e-098	-2.656984e+303	0.000000e+000	1.322796e-173	9.453522e-306	0.000000e+000	2.121996e-314	-7.845908e+298	9.539631e-001	2.999241e-001	-2.530171e-098	-2.656984e+303	0.000000e+000	1.322811e-173	9.455173e-306	
0.000000e+000	0.000000e+000	0.000000e+000	0.000000e+000	0.000000e+000	0.000000e+000	0.000000e+000	0.000000e+000	0.000000e+000	0.000000e+000	0.000000e+000	0.000000e+000	0.000000e+000	0.000000e+000	5.559185e-001	-2.530171e-098	-2.656984e+303	0.000000e+000	1.322796e-173	9.456607e-306	0.000000e+000	2.121996e-314	-7.845908e+298	6.423507e-001	7.664108e-001	-2.530171e-098	-2.656984e+303	0.000000e+000	1.322811e-173	9.458259e-306	
0.000000e+000	0.000000e+000	0.000000e+000	0.000000e+000	0.000000e+000	0.000000e+000	0.000000e+000	0.000000e+000	0.000000e+000	0.000000e+000	0.000000e+000	0.000000e+000	0.000000e+000	0.000000e+000	6.140960e-001	-2.530171e-098	-2.656984e+303	0.000000e+000	1.322796e-173	9.459693e-306	0.000000e+000	2.121996e-314	-7.845908e+298	5.697295e-001	8.218323e-001	-2.530171e-098	-2.656984e+303	0.000000e+000	1.322811e-173	9.461344e-306	
0.000000e+000	0.000000e+000	0.000000e+000	0.000000e+000	0.000000e+000	0.000000e+000	0.000000e+000	0.000000e+000	0.000000e+000	0.000000e+000	0.000000e+000	0.000000e+000	0.000000e+000	0.000000e+000	5.161058e-001	-2.530171e-098	-2.656984e+303	0.000000e+000	1.322796e-173	9.462778e-306	0.000000e+000	2.121996e-314	-7.845908e+298	6.889933e-001	7.247677e-001	-2.530171e-098	-2.656984e+303	0.000000e+000	1.322811e-173	9.464430e-306	
0.000000e+000	0.000000e+000	0.000000e+000	0.000000e+000	0.000000e+000	0.000000e+000	0.000000e+000	0.000000e+000	0.000000e+000	0.000000e+000	0.000000e+000	0.000000e+000	0.000000e+000	0.000000e+000	6.814442e-001	-2.530171e-098	-2.656984e+303	0.000000e+000	1.322796e-173	9.465864e-306	0.000000e+000	2.121996e-314	-7.845908e+298	4.797645e-001	8.773973e-001	-2.530171e-098	-2.656984e+303	0.000000e+000	1.322811e-173	9.467515e-306	
0.000000e+000	0.000000e+000	0.000000e+000	0.000000e+000	0.000000e+000	0.000000e+000	0.000000e+000	0.000000e+000	0.000000e+000	0.000000e+000	0.000000e+000	0.000000e+000	0.000000e+000	0.000000e+000	8.950020e-002	-2.530171e-098	-2.656984e+303	0.000000e+000	1.322796e-173	9.468950e-306	0.000000e+000	2.121996e-314	-7.845908e+298	9.901340e-001	1.401239e-001	-2.530171e-098	-2.656984e+303	0.000000e+000	1.322811e-173	9.470601e-306	
0.000000e+000	0.000000e+000	0.000000e+000	0.000000e+000	0.000000e+000	0.000000e+000	0.000000e+000	0.000000e+000	0.000000e+000	0.000000e+000	0.000000e+000	0.000000e+000	0.000000e+000	0.000000e+000	1.150201e-001	-2.530171e-098	-2.656984e+303	0.000000e+000	1.322796e-173	9.472035e-306	0.000000e+000	2.121996e-314	-7.845908e+298	9.837229e-001	1.796919e-001	-2.530171e-098	-2.656984e+303	0.000000e+000	1.322811e-173	9.473687e-306	
0.000000e+000	0.000000e+000	0.000000e+000	0.000000e+000	0.000000e+000	0.000000e+000	0.000000e+000	0.000000e+000	0.000000e+000	0.000000e+000	0.000000e+000	0.000000e+000	0.000000e+000	0.000000e+000	4.916268e-001	-2.530171e-098	-2.656984e+303	0.000000e+000	1.322796e-173	9.475121e-306	0.000000e+000	2.121996e-314	-7.845908e+298	7.163457e-001	6.977456e-001	-2.530171e-098	-2.656984e+303	0.000000e+000	1.322811e-173	9.476772e-306	
0.000000e+000	0.000000e+000	0.000000e+000	0.000000e+000	0.000000e+000	0.000000e+000	0.000000e+000	0.000000e+000	0.000000e+000	0.000000e+000	0.000000e+000	0.000000e+000	0.000000e+000	0.000000e+000	9.670897e-001	-2.530171e-098	-2.656984e+303	0.000000e+000	1.322796e-173	9.478206e-306	0.000000e+000	2.121996e-314	-7.845908e+298	5.167237e-002	9.986641e-001	-2.530171e-098	-2.656984e+303	0.000000e+000	1.322811e-173	9.479858e-306	
0.000000e+000	0.000000e+000	0.000000e+000	0.000000e+000	0.000000e+000	0.000000e+000	0.000000e+000	0.000000e+000	0.000000e+000	0.000000e+000	0.000000e+000	0.000000e+000	0.000000e+000	0.000000e+000	2.628252e-001	-2.530171e-098	-2.656984e+303	0.000000e+000	1.322796e-173	9.481292e-306	0.000000e+000	2.121996e-314	-7.845908e+298	9.159831e-001	4.012168e-001	-2.530171e-098	-2.656984e+303	0.000000e+000	1.322811e-173	9.482943e-306	
0.000000e+000	0.000000e+000	0.000000e+000	0.000000e+000	0.000000e+000	0.000000e+000	0.000000e+000	0.000000e+000	0.000000e+000	0.000000e+000	0.000000e+000	0.000000e+000	0.000000e+000	0.000000e+000	4.483652e-001	-2.530171e-098	-2.656984e+303	0.000000e+000	1.322796e-173	9.484377e-306	0.000000e+000	2.121996e-314	-7.845908e+298	7.620712e-001	6.474932e-001	-2.530171e-098	-2.656984e+303	0.000000e+000	1.322811e-173	9.486029e-306	
0.000000e+000	0.000000e+000	0.000000e+000	0.000000e+000	0.000000e+000	0.000000e+000	0.000000e+000	0.000000e+000	0.000000e+000	0.000000e+000	0.000000e+000	0.000000e+000	0.000000e+000	0.000000e+000	2.463438e-001	-2.530171e-098	-2.656984e+303	0.000000e+000	1.322796e-173	9.487463e-306	0.000000e+000	2.121996e-314	-7.845908e+298	9.260621e-001	3.773711e-001	-2.530171e-098	-2.656984e+303	0.000000e+000	1.322811e-173	9.489114e-306	
0.000000e+000	0.000000e+000	0.000000e+000	0.000000e+000	0.000000e+000	0.000000e+000	0.000000e+000	0.000000e+000	0.000000e+000	0.000000e+000	0.000000e+000	0.000000e+000	0.000000e+000	0.000000e+000	1.488205e-001	-2.530171e-098	-2.656984e+303	0.000000e+000	1.322796e-173	9.490548e-306	0.000000e+000	2.121996e-314	-7.845908e+298	9.728008e-001	2.316434e-001	-2.530171e-098	-2.656984e+303	0.000000e+000	1.322811e-173	9.492200e-306	
0.000000e+000	0.000000e+000	0.000000e+000	0.000000e+000	0.000000e+000	0.000000e+000	0.000000e+000	0.000000e+000	0.000000e+000	0.000000e+000	0.000000e+000	0.000000e+000	0.000000e+000	0.000000e+000	8.075248e-001	-2.530171e-098	-2.656984e+303	0.000000e+000	1.322796e-173	9.493634e-306	0.000000e+000	2.121996e-314	-7.845908e+298	2.977542e-001	9.546426e-001	-2.530171e-098	-2.656984e+303	0.000000e+000	1.322811e-173	9.495285e-306	
0.000000e+000	0.000000e+000	0.000000e+000	0.000000e+000	0.000000e+000	0.000000e+000	0.000000e+000	0.000000e+000	0.000000e+000	0.000000e+000	0.000000e+000	0.000000e+000	0.000000e+000	0.000000e+000	3.470735e-001	-2.530171e-098	-2.656984e+303	0.000000e+000	1.322796e-173	9.496720e-306	0.000000e+000	2.121996e-314	-7.845908e+298	8.550331e-001	5.185735e-001	-2.530171e-098	-2.656984e+303	0.000000e+000	1.322811e-173	9.498371e-306	
0.000000e+000	0.000000e+000	0.000000e+000	0.000000e+000	0.000000e+000	0.000000e+000	0.000000e+000	0.000000e+000	0.000000e+000	0.000000e+000	0.000000e+000	0.000000e+000	0.000000e+000	0.000000e+000	6.591210e-001	-2.530171e-098	-2.656984e+303	0.000000e+000	1.322796e-173	9.499805e-306	0.000000e+000	2.121996e-314	-7.845908e+298	5.102294e-001	8.600384e-001	-2.530171e-098	-2.656984e+303	0.000000e+000	1.322811e-173	9.501457e-306	
0.000000e+000	0.000000e+000	0.000000e+000	0.000000e+000	0.000000e+000	0.000000e+000	0.000000e+000	0.000000e+000	0.000000e+000	0.000000e+000	0.000000e+000	0.000000e+000	0.000000e+000	0.000000e+000	5.949578e-001	-2.530171e-098	-2.656984e+303	0.000000e+000	1.322796e-173	9.502891e-306	0.000000e+000	2.121996e-314	-7.845908e+298	5.941743e-001	8.043363e-001	-2.530171e-098	-2.656984e+303	0.000000e+000	1.322811e-173	9.504542e-306	
0.000000e+000	0.000000e+000	0.000000e+000	0.000000e+000	0.000000e+000	0.000000e+000	0.000000e+000	0.000000e+000	0.000000e+000	0.000000e+000	0.000000e+000	0.000000e+000	0.000000e+000	0.000000e+000	3.986570e-001	-2.530171e-098	-2.656984e+303	0.000000e+000	1.322796e-173	9.505976e-306	0.000000e+000	2.121996e-314	-7.845908e+298	8.102552e-001	5.860773e-001	-2.530171e-098	-2.656984e+303	0.000000e+000	1.322811e-173	9.507628e-306	
0.000000e+000	0.000000e+000	0.000000e+000	0.000000e+000	0.000000e+000	0.000000e+000	0.000000e+000	0.000000e+000	0.000000e+000	0.000000e+000	0.000000e+000	0.000000e+000	0.000000e+000	0.000000e+000	7.393813e-001	-2.530171e-098	-2.656984e+303	0.000000e+000	1.322796e-173	9.509062e-306	0.000000e+000	2.121996e-314	-7.845908e+298	3.980397e-001	9.173682e-001	-2.530171e-098	-2.656984e+303	0.000000e+000	1.322811e-173	9.510713e-306	
0.000000e+000	0.000000e+000	0.000000e+000	0.000000e+000	0.000000e+000	0.000000e+000	0.000000e+000	0.000000e+000	0.000000e+000	0.000000e+000	0.000000e+000	0.000000e+000	0.000000e+000	0.000000e+000	9.394967e-001	-2.530171e-098	-2.656984e+303	0.000000e+000	1.322796e-173	9.512147e-306	0.000000e+000	2.121996e-314	-7.845908e+298	9.489536e-002	9.954873e-001	-2.530171e-098	-2.656984e+303	0.000000e+000	1.322811e-173	9.513799e-306	
0.000000e+000	0.000000e+000	0.000000e+000	0.000000e+000	0.000000e+000	0.000000e+000	0.000000e+000	0.000000e+000	0.000000e+000	0.000000e+000	0.000000e+000	0.000000e+000	0.000000e+000	0.000000e+000	8.906621e-001	-2.530171e-098	-2.656984e+303	0.000000e+000	1.322796e-173	9.515233e-306	0.000000e+000	2.121996e-314	-7.845908e+298	1.709045e-001	9.852876e-001	-2.530171e-098	-2.656984e+303	0.000000e+000	1.322811e-173	9.516884e-306	
0.000000e+000	0.000000e+000	0.000000e+000	0.000000e+000	0.000000e+000	0.000000e+000	0.000000e+000	0.000000e+000	0.000000e+000	0.000000e+000	0.000000e+000	0.000000e+000	0.000000e+000	0.000000e+000	3.254557e-001	-2.530171e-098	-2.656984e+303	0.000000e+000	1.322796e-173	9.518318e-306	0.000000e+000	2.121996e-314	-7.845908e+298	8.721460e-001	4.892457e-001	-2.530171e-098	-2.656984e+303	0.000000e+000	1.322811e-173	9.519970e-306	
0.000000e+000	0.000000e+000	0.000000e+000	0.000000e+000	0.000000e+000	0.000000e+000	0.000000e+000	0.000000e+000	0.000000e+000	0.000000e+000	0.000000e+000	0.000000e+000	0.000000e+000	0.000000e+000	9.202762e-001	-2.530171e-098	-2.656984e+303	0.000000e+000	1.322796e-173	9.521404e-306	0.000000e+000	2.121996e-314	-7.845908e+298	1.249027e-001	9.921690e-001	-2.530171e-098	-2.656984e+303	0.000000e+000	1.322811e-173	9.523055e-306	
0.000000e+000	0.000000e+000	0.000000e+000	0.000000e+000	0.000000e+000	0.000000e+000	0.000000e+000	0.000000e+000	0.000000e+000	0.000000e+000	0.000000e+000	0.000000e+000	0.000000e+000	0.000000e+000	2.233749e-001	-2.530171e-098	-2.656984e+303	0.000000e+000	1.322796e-173	9.524490e-306	0.000000e+000	2.121996e-314	-7.845908e+298	9.390718e-001	3.437210e-001	-2.530171e-098	-2.656984e+303	0.000000e+000	1.322811e-173	9.526141e-306	
0.000000e+000	0.000000e+000	0.000000e+000	0.000000e+000	0.000000e+000	0.000000e+000	0.000000e+000	0.000000e+000	0.000000e+000	0.000000e+000	0.000000e+000	0.000000e+000	0.000000e+000	0.000000e+000	3.672338e-001	-2.530171e-098	-2.656984e+303	0.000000e+000	1.322796e-173	9.527575e-306	0.000000e+000	2.121996e-314	-7.845908e+298	8.381851e-001	5.453859e-001	-2.530171e-098	-2.656984e+303	0.000000e+000	1.322811e-173	9.529226e-306	
0.000000e+000	0.000000e+000	0.000000e+000	0.000000e+000	0.000000e+000	0.000000e+000	0.000000e+000	0.000000e+000	0.000000e+000	0.000000e+000	0.000000e+000	0.000000e+000	0.000000e+000	0.000000e+000	7.109414e-001	-2.530171e-098	-2.656984e+303	0.000000e+000	1.322796e-173	9.530661e-306	0.000000e+000	2.121996e-314	-7.845908e+298	4.386107e-001	8.986772e-001	-2.530171e-098	-2.656984e+303	0.000000e+000	1.322811e-173	9.532312e-306	
0.000000e+000	0.000000e+000	0.000000e+000	0.000000e+000	0.000000e+000	0.000000e+000	0.000000e+000	0.000000e+000	0.000000e+000	0.000000e+000	0.000000e+000	0.000000e+000	0.000000e+000	0.000000e+000	0.000000e+000	-2.530171e-098	-2.656984e+303	0.000000e+000	1.322796e-173	9.533746e-306	0.000000e+000	2.121996e-314	-7.845908e+298	8.718211e-001	4.898244e-001	-2.530171e-098	-2.656984e+303	0.000000e+000	1.322811e-173	9.535398e-306	
0.000000e+000	0.000000e+000	0.000000e+000	0.000000e+000	0.000000e+000	0.000000e+000	0.000000e+000	0.000000e+000	0.000000e+000	0.000000e+000	0.000000e+000	0.000000e+000	0.000000e+000	0.000000e+000	0.000000e+000	-2.530171e-098	-2.656984e+303	0.000000e+000	1.322796e-173	9.536832e-306	0.000000e+000	2.121996e-314	-7.845908e+298	6.635476e-001	7.481340e-001	-2.530171e-098	-2.656984e+303	0.000000e+000	1.322811e-173	9.538483e-306	
0.000000e+000	0.000000e+000	0.000000e+000	0.000000e+000	0.000000e+000	0.000000e+000	0.000000e+000	0.000000e+000	0.000000e+000	0.000000e+000	0.000000e+000	0.000000e+000	0.000000e+000	0.000000e+000	0.000000e+000	-2.530171e-098	-2.656984e+303	0.000000e+000	1.322796e-173	9.539917e-306	0.000000e+000	2.121996e-314	-7.845908e+298	6.062982e-001	7.952374e-001	-2.530171e-098	-2.656984e+303	0.000000e+000	1.322811e-173	9.541569e-306	
0.000000e+000	0.000000e+000	0.000000e+000	0.000000e+000	0.000000e+000	0.000000e+000	0.000000e+000	0.000000e+000	0.000000e+000	0.000000e+000	0.000000e+000	0.000000e+000	0.000000e+000	0.000000e+000	0.000000e+000	-2.530171e-098	-2.656984e+303	0.000000e+000	1.322796e-173	9.543003e-306	0.000000e+000	2.121996e-314	-7.845908e+298	9.036861e-001	4.281955e-001	-2.530171e-098	-2.656984e+303	0.000000e+000	1.322811e-173	9.544654e-306	
0.000000e+000	0.000000e+000	0.000000e+000	0.000000e+000	0.000000e+000	0.000000e+000	0.000000e+000	0.000000e+000	0.000000e+000	0.000000e+000	0.000000e+000	0.000000e+000	0.000000e+000	0.000000e+000	0.000000e+000	-2.530171e-098	-2.656984e+303	0.000000e+000	1.322796e-173	9.546088e-306	0.000000e+000	2.121996e-314	-7.845908e+298	9.424489e-001	3.343501e-001	-2.530171e-098	-2.656984e+303	0.000000e+000	1.322811e-173	9.547740e-306	
0.000000e+000	0.000000e+000	0.000000e+000	0.000000e+000	0.000000e+000	0.000000e+000	0.000000e+000	0.000000e+000	0.000000e+000	0.000000e+000	0.000000e+000	0.000000e+000	0.000000e+000	0.000000e+000	0.000000e+000	-2.530171e-098	-2.656984e+303	0.000000e+000	1.322796e-173	9.549174e-306	0.000000e+000	2.121996e-314	-7.845908e+298	9.994502e-001	3.315701e-002	-2.530171e-098	-2.656984e+303	0.000000e+000	1.322811e-173	9.550825e-306	
0.000000e+000	0.000000e+000	0.000000e+000	0.000000e+000	0.000000e+000	0.000000e+000	0.000000e+000	0.000000e+000	0.000000e+000	0.000000e+000	0.000000e+000	0.000000e+000	0.000000e+000	0.000000e+000	0.000000e+000	-2.530171e-098	-2.656984e+303	0.000000e+000	1.322796e-173	9.552259e-306	0.000000e+000	2.121996e-314	-7.845908e+298	6.889933e-001	7.247677e-001	-2.530171e-098	-2.656984e+303	0.000000e+000	1.322811e-173	9.553911e-306	
0.000000e+000	0.000000e+000	0.000000e+000	0.000000e+000	0.000000e+000	0.000000e+000	0.000000e+000	0.000000e+000	0.000000e+000	0.000000e+000	0.000000e+000	0.000000e+000	0.000000e+000	0.000000e+000	0.000000e+000	-2.530171e-098	-2.656984e+303	0.000000e+000	1.322796e-173	9.555345e-306	0.000000e+000	2.121996e-314	-7.845908e+298	9.558610e-001	2.938193e-001	-2.530171e-098	-2.656984e+303	0.000000e+000	1.322811e-173	9.556996e-306	
0.000000e+000	0.000000e+000	0.000000e+000	0.000000e+000	0.000000e+000	0.000000e+000	0.000000e+000	0.000000e+000	0.000000e+000	0.000000e+000	0.000000e+000	0.000000e+000	0.000000e+000	0.000000e+000	0.000000e+000	-2.530171e-098	-2.656984e+303	0.000000e+000	1.322796e-173	9.558431e-306	0.000000e+000	2.121996e-314	-7.845908e+298	7.163457e-001	6.977456e-001	-2.530171e-098	-2.656984e+303	0.000000e+000	1.322811e-173	9.560082e-306	
0.000000e+000	0.000000e+000	0.000000e+000	0.000000e+000	0.000000e+000	0.000000e+000	0.000000e+000	0.000000e+000	0.000000e+000	0.000000e+000	0.000000e+000	0.000000e+000	0.000000e+000	0.000000e+000	0.000000e+000	-2.530171e-098	-2.656984e+303	0.000000e+000	1.322796e-173	9.561516e-306	0.000000e+000	2.121996e-314	-7.845908e+298	7.396772e-001	6.729619e-001	-2.530171e-098	-2.656984e+303	0.000000e+000	1.322811e-173	9.563168e-306	
0.000000e+000	0.000000e+000	0.000000e+000	0.000000e+000	0.000000e+000	0.000000e+000	0.000000e+000	0.000000e+000	0.000000e+000	0.000000e+000	0.000000e+000	0.000000e+000	0.000000e+000	0.000000e+000	0.000000e+000	-2.530171e-098	-2.656984e+303	0.000000e+000	1.322796e-173	9.564602e-306	0.000000e+000	2.121996e-314	-7.845908e+298	9.901340e-001	1.401239e-001	-2.530171e-098	-2.656984e+303	0.000000e+000	1.322811e-173	9.566253e-306	
0.000000e+000	0.000000e+000	0.000000e+000	0.000000e+000	0.000000e+000	0.000000e+000	0.000000e+000	0.000000e+000	0.000000e+000	0.000000e+000	0.000000e+000	0.000000e+000	0.000000e+000	0.000000e+000	0.000000e+000	-2.530171e-098	-2.656984e+303	0.000000e+000	1.322796e-173	9.567687e-306	0.000000e+000	2.121996e-314	-7.845908e+298	2.510855e-001	9.679649e-001	-2.530171e-098	-2.656984e+303	0.000000e+000	1.322811e-173	9.569339e-306	
0.000000e+000	0.000000e+000	0.000000e+000	0.000000e+000	0.000000e+000	0.000000e+000	0.000000e+000	0.000000e+000	0.000000e+000	0.000000e+000	0.000000e+000	0.000000e+000	0.000000e+000	0.000000e+000	0.000000e+000	-2.530171e-098	-2.656984e+303	0.000000e+000	1.322796e-173	9.570773e-306	0.000000e+000	2.121996e-314	-7.845908e+298	5.102294e-001	8.600384e-001	-2.530171e-098	-2.656984e+303	0.000000e+000	1.322811e-173	9.572424e-306	
0.000000e+000	0.000000e+000	0.000000e+000	0.000000e+000	0.000000e+000	0.000000e+000	0.000000e+000	0.000000e+000	0.000000e+000	0.000000e+000	0.000000e+000	0.000000e+000	0.000000e+000	0.000000e+000	0.000000e+000	-2.530171e-098	-2.656984e+303	0.000000e+000	1.322796e-173	9.573858e-306	0.000000e+000	2.121996e-314	-7.845908e+298	5.697295e-001	8.218323e-001	-2.530171e-098	-2.656984e+303	0.000000e+000	1.322811e-173	9.575510e-306	
0.000000e+000	0.000000e+000	0.000000e+000	0.000000e+000	0.000000e+000	0.000000e+000	0.000000e+000	0.000000e+000	0.000000e+000	0.000000e+000	0.000000e+000	0.000000e+000	0.000000e+000	0.000000e+000	0.000000e+000	-2.530171e-098	-2.656984e+303	0.000000e+000	1.322796e-173	9.576944e-306	0.000000e+000	2.121996e-314	-7.845908e+298	7.754286e-001	6.314352e-001	-2.530171e-098	-2.656984e+303	0.000000e+000	1.322811e-173	9.578595e-306	
0.000000e+000	0.000000e+000	0.000000e+000	0.000000e+000	0.000000e+000	0.000000e+000	0.000000e+000	0.000000e+000	0.000000e+000	0.000000e+000	0.000000e+000	0.000000e+000	0.000000e+000	0.000000e+000	0.000000e+000	-2.530171e-098	-2.656984e+303	0.000000e+000	1.322796e-173	9.580029e-306	0.000000e+000	2.121996e-314	-7.845908e+298	8.102552e-001	5.860773e-001	-2.530171e-098	-2.656984e+303	0.000000e+000	1.322811e-173	9.581681e-306	
0.000000e+000	0.000000e+000	0.000000e+000	0.000000e+000	0.000000e+000	0.000000e+000	0.000000e+000	0.000000e+000	0.000000e+000	0.000000e+000	0.000000e+000	0.000000e+000	0.000000e+000	0.000000e+000	0.000000e+000	-2.530171e-098	-2.656984e+303	0.000000e+000	1.322796e-173	9.583115e-306	0.000000e+000	2.121996e-314	-7.845908e+298	9.726705e-001	2.321897e-001	-2.530171e-098	-2.656984e+303	0.000000e+000	1.322811e-173	9.584766e-306	
0.000000e+000	0.000000e+000	0.000000e+000	0.000000e+000	0.000000e+000	0.000000e+000	0.000000e+000	0.000000e+000	0.000000e+000	0.000000e+000	0.000000e+000	0.000000e+000	0.000000e+000	0.000000e+000	0.000000e+000	-2.530171e-098	-2.656984e+303	0.000000e+000	1.322796e-173	9.586201e-306	0.000000e+000	2.121996e-314	-7.845908e+298	4.797645e-001	8.773973e-001	-2.530171e-098	-2.656984e+303	0.000000e+000	1.322811e-173	9.587852e-306	
0.000000e+000	0.000000e+000	0.000000e+000	0.000000e+000	0.000000e+000	0.000000e+000	0.000000e+000	0.000000e+000	0.000000e+000	0.000000e+000	0.000000e+000	0.000000e+000	0.000000e+000	0.000000e+000	0.000000e+000	-2.530171e-098	-2.656984e+303	0.000000e+000	1.322796e-173	9.589286e-306	0.000000e+000	2.121996e-314	-7.845908e+298	2.088145e-001	9.779553e-001	-2.530171e-098	-2.656984e+303	0.000000e+000	1.322811e-173	9.590938e-306	
0.000000e+000	0.000000e+000	0.000000e+000	0.000000e+000	0.000000e+000	0.000000e+000	0.000000e+000	0.000000e+000	0.000000e+000	0.000000e+000	0.000000e+000	0.000000e+000	0.000000e+000	0.000000e+000	0.000000e+000	-2.530171e-098	-2.656984e+303	0.000000e+000	1.322796e-173	9.592372e-306	0.000000e+000	2.121996e-314	-7.845908e+298	8.315051e-001	5.555170e-001	-2.530171e-098	-2.656984e+303	0.000000e+000	1.322811e-173	9.594023e-306	
0.000000e+000	0.000000e+000	0.000000e+000	0.000000e+000	0.000000e+000	0.000000e+000	0.000000e+000	0.000000e+000	0.000000e+000	0.000000e+000	0.000000e+000	0.000000e+000	0.000000e+000	0.000000e+000	0.000000e+000	-2.530171e-098	-2.656984e+303	0.000000e+000	1.322796e-173	9.595457e-306	0.000000e+000	2.121996e-314	-7.845908e+298	5.167237e-002	9.986641e-001	-2.530171e-098	-2.656984e+303	0.000000e+000	1.322811e-173	9.597109e-306	
0.000000e+000	0.000000e+000	0.000000e+000	0.000000e+000	0.000000e+000	0.000000e+000	0.000000e+000	0.000000e+000	0.000000e+000	0.000000e+000	0.000000e+000	0.000000e+000	0.000000e+000	0.000000e+000	0.000000e+000	-2.530171e-098	-2.656984e+303	0.000000e+000	1.322796e-173	9.598543e-306	0.000000e+000	2.121996e-314	-7.845908e+298	8.550331e-001	5.185735e-001	-2.530171e-098	-2.656984e+303	0.000000e+000	1.322811e-173	9.600194e-306	
0.000000e+000	0.000000e+000	0.000000e+000	0.000000e+000	0.000000e+000	0.000000e+000	0.000000e+000	0.000000e+000	0.000000e+000	0.000000e+000	0.000000e+000	0.000000e+000	0.000000e+000	0.000000e+000	0.000000e+000	-2.530171e-098	-2.656984e+303	0.000000e+000	1.322796e-173	9.601628e-306	0.000000e+000	2.121996e-314	-7.845908e+298	2.977542e-001	9.546426e-001	-2.530171e-098	-2.656984e+303	0.000000e+000	1.322811e-173	9.603280e-306	
0.000000e+000	0.000000e+000	0.000000e+000	0.000000e+000	0.000000e+000	0.000000e+000	0.000000e+000	0.000000e+000	0.000000e+000	0.000000e+000	0.000000e+000	0.000000e+000	0.000000e+000	0.000000e+000	0.000000e+000	-2.530171e-098	-2.656984e+303	0.000000e+000	1.322796e-173	9.604714e-306	0.000000e+000	2.121996e-314	-7.845908e+298	8.892600e-001	4.574021e-001	-2.530171e-098	-2.656984e+303	0.000000e+000	1.322811e-173	9.606365e-306	
0.000000e+000	0.000000e+000	0.000000e+000	0.000000e+000	0.000000e+000	0.000000e+000	0.000000e+000	0.000000e+000	0.000000e+000	0.000000e+000	0.000000e+000	0.000000e+000	0.000000e+000	0.000000e+000	0.000000e+000	-2.530171e-098	-2.656984e+303	0.000000e+000	1.322796e-173	9.607799e-306	0.000000e+000	2.121996e-314	-7.845908e+298	1.709045e-001	9.852876e-001	-2.530171e-098	-2.656984e+303	0.000000e+000	1.322811e-173	9.609451e-306	
0.000000e+000	0.000000e+000	0.000000e+000	0.000000e+000	0.000000e+000	0.000000e+000	0.000000e+000	0.000000e+000	0.000000e+000	0.000000e+000	0.000000e+000	0.000000e+000	0.000000e+000	0.000000e+000	0.000000e+000	-2.530171e-098	-2.656984e+303	0.000000e+000	1.322796e-173	9.610885e-306	0.000000e+000	2.121996e-314	-7.845908e+298	1.249027e-001	9.921690e-001	-2.530171e-098	-2.656984e+303	0.000000e+000	1.322811e-173	9.612536e-306	
0.000000e+000	0.000000e+000	0.000000e+000	0.000000e+000	0.000000e+000	0.000000e+000	0.000000e+000	0.000000e+000	0.000000e+000	0.000000e+000	0.000000e+000	0.000000e+000	0.000000e+000	0.000000e+000	0.000000e+000	-2.530171e-098	-2.656984e+303	0.000000e+000	1.373336e-173	9.613971e-306	0.000000e+000	2.121996e-314	-7.845908e+298	5.429726e-001	8.397504e-001	-2.530171e-098	-2.656984e+303	0.000000e+000	1.373351e-173	9.615622e-306	
0.000000e+000	0.000000e+000	0.000000e+000	0.000000e+000	0.000000e+000	0.000000e+000	0.000000e+000	0.000000e+000	0.000000e+000	0.000000e+000	0.000000e+000	0.000000e+000	0.000000e+000	0.000000e+000	0.000000e+000	-2.530171e-098	-2.656984e+303	0.000000e+000	1.373336e-173	9.617056e-306	0.000000e+000	2.121996e-314	-7.845908e+298	9.260621e-001	3.773711e-001	-2.530171e-098	-2.656984e+303	0.000000e+000	1.373351e-173	9.618707e-306	
0.000000e+000	0.000000e+000	0.000000e+000	0.000000e+000	0.000000e+000	0.000000e+000	0.000000e+000	0.000000e+000	0.000000e+000	0.000000e+000	0.000000e+000	0.000000e+000	0.000000e+000	0.000000e+000	0.000000e+000	-2.530171e-098	-2.656984e+303	0.000000e+000	1.373336e-173	9.620142e-306	0.000000e+000	2.121996e-314	-7.845908e+298	3.734987e-001	9.276307e-001	-2.530171e-098	-2.656984e+303	0.000000e+000	1.373351e-173	9.621793e-306	
0.000000e+000	0.000000e+000	0.000000e+000	0.000000e+000	0.000000e+000	0.000000e+000	0.000000e+000	0.000000e+000	0.000000e+000	0.000000e+000	0.000000e+000	0.000000e+000	0.000000e+000	0.000000e+000	0.000000e+000	-2.530171e-098	-2.656984e+303	0.000000e+000	1.373336e-173	9.623227e-306	0.000000e+000	2.121996e-314	-7.845908e+298	9.961636e-001	8.751084e-002	-2.530171e-098	-2.656984e+303	0.000000e+000	1.373351e-173	9.624879e-306	
0.000000e+000	0.000000e+000	0.000000e+000	0.000000e+000	0.000000e+000	0.000000e+000	0.000000e+000	0.000000e+000	0.000000e+000	0.000000e+000	0.000000e+000	0.000000e+000	0.000000e+000	0.000000e+000	0.000000e+000	-2.530171e-098	-2.656984e+303	0.000000e+000	1.373336e-173	9.626313e-306	0.000000e+000	2.121996e-314	-7.845908e+298	4.386107e-001	8.986772e-001	-2.530171e-098	-2.656984e+303	0.000000e+000	1.373351e-173	9.627964e-306	
0.000000e+000	0.000000e+000	0.000000e+000	0.000000e+000	0.000000e+000	0.000000e+000	0.000000e+000	0.000000e+000	0.000000e+000	0.000000e+000	0.000000e+000	0.000000e+000	0.000000e+000	0.000000e+000	0.000000e+000	-2.530171e-098	-2.656984e+303	0.000000e+000	1.373336e-173	9.629398e-306	0.000000e+000	2.121996e-314	-7.845908e+298	7.980637e-001	6.025730e-001	-2.530171e-098	-2.656984e+303	0.000000e+000	1.373351e-173	9.631050e-306	
0.000000e+000	0.000000e+000	0.000000e+000	0.000000e+000	0.000000e+000	0.000000e+000	0.000000e+000	0.000000e+000	0.000000e+000	0.000000e+000	0.000000e+000	0.000000e+000	0.000000e+000	0.000000e+000	0.000000e+000	-2.530171e-098	-2.656984e+303	0.000000e+000	1.373336e-173	9.632484e-306	0.000000e+000	2.121996e-314	-7.845908e+298	4.108825e-001	9.116883e-001	-2.530171e-098	-2.656984e+303	0.000000e+000	1.373351e-173	9.634135e-306	
0.000000e+000	0.000000e+000	0.000000e+000	0.000000e+000	0.000000e+000	0.000000e+000	0.000000e+000	0.000000e+000	0.000000e+000	0.000000e+000	0.000000e+000	0.000000e+000	0.000000e+000	0.000000e+000	0.000000e+000	-2.530171e-098	-2.656984e+303	0.000000e+000	1.373336e-173	9.635569e-306	0.000000e+000	2.121996e-314	-7.845908e+298	6.123234e-017	1.000000e+000	-2.530171e-098	-2.656984e+303	0.000000e+000	1.373351e-173	9.637221e-306	
0.000000e+000	0.000000e+000	0.000000e+000	0.000000e+000	0.000000e+000	0.000000e+000	0.000000e+000	0.000000e+000	0.000000e+000	0.000000e+000	0.000000e+000	0.000000e+000	0.000000e+000	0.000000e+000	0.000000e+000	-2.530171e-098	-2.656984e+303	0.000000e+000	1.373336e-173	9.638655e-306	0.000000e+000	2.121996e-314	-7.845908e+298	9.637173e-001	2.669249e-001	-2.530171e-098	-2.656984e+303	0.000000e+000	1.373351e-173	9.640306e-306	
0.000000e+000	0.000000e+000	0.000000e+000	0.000000e+000	0.000000e+000	0.000000e+000	0.000000e+000	0.000000e+000	0.000000e+000	0.000000e+000	0.000000e+000	0.000000e+000	0.000000e+000	0.000000e+000	0.000000e+000	-2.530171e-098	-2.656984e+303	0.000000e+000	1.373336e-173	9.641740e-306	0.000000e+000	2.121996e-314	-7.845908e+298	9.489536e-002	9.954873e-001	-2.530171e-098	-2.656984e+303	0.000000e+000	1.373351e-173	9.643392e-306	
0.000000e+000	0.000000e+000	0.000000e+000	0.000000e+000	0.000000e+000	0.000000e+000	0.000000e+000	0.000000e+000	0.000000e+000	0.000000e+000	0.000000e+000	0.000000e+000	0.000000e+000	0.000000e+000	0.000000e+000	-2.530171e-098	-2.656984e+303	0.000000e+000	1.373336e-173	9.644826e-306	0.000000e+000	2.121996e-314	-7.845908e+298	1.000000e+000	0.000000e+000	-2.530171e-098	-2.656984e+303	0.000000e+000	1.373351e-173	9.646477e-306	
0.000000e+000	0.000000e+000	0.000000e+000	0.000000e+000	0.000000e+000	0.000000e+000	0.000000e+000	0.000000e+000	0.000000e+000	0.000000e+000	0.000000e+000	0.000000e+000	0.000000e+000	0.000000e+000	0.000000e+000	-2.530171e-098	-2.656984e+303	0.000000e+000	1.373336e-173	9.647912e-306	0.000000e+000	2.121996e-314	-7.845908e+298	6.306767e-001	7.760457e-001	-2.530171e-098	-2.656984e+303	0.000000e+000	1.373351e-173	9.649563e-306	
0.000000e+000	0.000000e+000	0.000000e+000	0.000000e+000	0.000000e+000	0.000000e+000	0.000000e+000	0.000000e+000	0.000000e+000	0.000000e+000	0.000000e+000	0.000000e+000	0.000000e+000	0.000000e+000	0.000000e+000	-2.530171e-098	-2.656984e+303	0.000000e+000	1.373336e-173	9.650997e-306	0.000000e+000	2.121996e-314	-7.845908e+298	9.799198e-001	1.993918e-001	-2.530171e-098	-2.656984e+303	0.000000e+000	1.373351e-173	9.652649e-306	
0.000000e+000	0.000000e+000	0.000000e+000	0.000000e+000	0.000000e+000	0.000000e+000	0.000000e+000	0.000000e+000	0.000000e+000	0.000000e+000	0.000000e+000	0.000000e+000	0.000000e+000	0.000000e+000	0.000000e+000	-2.530171e-098	-2.656984e+303	0.000000e+000	1.373336e-173	9.654083e-306	0.000000e+000	2.121996e-314	-7.845908e+298	3.455472e-001	9.384014e-001	-2.530171e-098	-2.656984e+303	0.000000e+000	1.373351e-173	9.655734e-306	
