0.000000e+000	0.000000e+000	0.000000e+000	0.000000e+000	0.000000e+000	0.000000e+000	0.000000e+000	0.000000e+000	0.000000e+000	0.000000e+000	0.000000e+000	0.000000e+000	0.000000e+000	0.000000e+000	0.000000e+000	-2.530171e-098	-2.656984e+303	0.000000e+000	1.423876e-173	1.022595e-305	0.000000e+000	2.121996e-314	-7.845908e+298	4.576434e-001	8.891358e-001	-2.530171e-098	-2.656984e+303	0.000000e+000	1.423890e-173	1.022760e-305	
0.000000e+000	0.000000e+000	0.000000e+000	0.000000e+000	0.000000e+000	0.000000e+000	0.000000e+000	0.000000e+000	0.000000e+000	0.000000e+000	0.000000e+000	0.000000e+000	0.000000e+000	0.000000e+000	0.000000e+000	-2.530171e-098	-2.656984e+303	0.000000e+000	1.423876e-173	1.022904e-305	0.000000e+000	2.121996e-314	-7.845908e+298	7.074017e-001	7.068118e-001	-2.530171e-098	-2.656984e+303	0.000000e+000	1.423890e-173	1.023069e-305	
0.000000e+000	0.000000e+000	0.000000e+000	0.000000e+000	0.000000e+000	0.000000e+000	0.000000e+000	0.000000e+000	0.000000e+000	0.000000e+000	0.000000e+000	0.000000e+000	0.000000e+000	0.000000e+000	0.000000e+000	-2.530171e-098	-2.656984e+303	0.000000e+000	1.423876e-173	1.023212e-305	0.000000e+000	2.121996e-314	-7.845908e+298	9.019382e-001	4.318652e-001	-2.530171e-098	-2.656984e+303	0.000000e+000	1.423890e-173	1.023378e-305	
0.000000e+000	0.000000e+000	0.000000e+000	0.000000e+000	0.000000e+000	0.000000e+000	0.000000e+000	0.000000e+000	0.000000e+000	0.000000e+000	0.000000e+000	0.000000e+000	0.000000e+000	0.000000e+000	0.000000e+000	-2.530171e-098	-2.656984e+303	0.000000e+000	1.423876e-173	1.023521e-305	0.000000e+000	2.121996e-314	-7.845908e+298	9.975037e-001	7.061409e-002	-2.530171e-098	-2.656984e+303	0.000000e+000	1.423890e-173	1.023686e-305	
0.000000e+000	0.000000e+000	0.000000e+000	0.000000e+000	0.000000e+000	0.000000e+000	0.000000e+000	0.000000e+000	0.000000e+000	0.000000e+000	0.000000e+000	0.000000e+000	0.000000e+000	0.000000e+000	0.000000e+000	-2.530171e-098	-2.656984e+303	0.000000e+000	1.423876e-173	1.023829e-305	0.000000e+000	2.121996e-314	-7.845908e+298	1.000000e+000	0.000000e+000	-2.530171e-098	-2.656984e+303	0.000000e+000	1.423890e-173	1.023995e-305	
0.000000e+000	0.000000e+000	0.000000e+000	0.000000e+000	0.000000e+000	0.000000e+000	0.000000e+000	0.000000e+000	0.000000e+000	0.000000e+000	0.000000e+000	0.000000e+000	0.000000e+000	0.000000e+000	0.000000e+000	-2.530171e-098	-2.656984e+303	0.000000e+000	1.423876e-173	1.024138e-305	0.000000e+000	2.121996e-314	-7.845908e+298	8.436862e-001	5.368367e-001	-2.530171e-098	-2.656984e+303	0.000000e+000	1.423890e-173	1.024303e-305	
0.000000e+000	0.000000e+000	0.000000e+000	0.000000e+000	0.000000e+000	0.000000e+000	0.000000e+000	0.000000e+000	0.000000e+000	0.000000e+000	0.000000e+000	0.000000e+000	0.000000e+000	0.000000e+000	0.000000e+000	-2.530171e-098	-2.656984e+303	0.000000e+000	1.423876e-173	1.024447e-305	0.000000e+000	2.121996e-314	-7.845908e+298	4.209940e-001	9.070634e-001	-2.530171e-098	-2.656984e+303	0.000000e+000	1.423890e-173	1.024612e-305	
0.000000e+000	0.000000e+000	0.000000e+000	0.000000e+000	0.000000e+000	0.000000e+000	0.000000e+000	0.000000e+000	0.000000e+000	0.000000e+000	0.000000e+000	0.000000e+000	0.000000e+000	0.000000e+000	0.000000e+000	-2.530171e-098	-2.656984e+303	0.000000e+000	1.423876e-173	1.024755e-305	0.000000e+000	2.121996e-314	-7.845908e+298	6.525821e-001	7.577180e-001	-2.530171e-098	-2.656984e+303	0.000000e+000	1.423890e-173	1.024920e-305	
0.000000e+000	0.000000e+000	0.000000e+000	0.000000e+000	0.000000e+000	0.000000e+000	0.000000e+000	0.000000e+000	0.000000e+000	0.000000e+000	0.000000e+000	0.000000e+000	0.000000e+000	0.000000e+000	0.000000e+000	-2.530171e-098	-2.656984e+303	0.000000e+000	1.423876e-173	1.025064e-305	0.000000e+000	2.121996e-314	-7.845908e+298	2.787508e-001	9.603635e-001	-2.530171e-098	-2.656984e+303	0.000000e+000	1.423890e-173	1.025229e-305	
0.000000e+000	0.000000e+000	0.000000e+000	0.000000e+000	0.000000e+000	0.000000e+000	0.000000e+000	0.000000e+000	0.000000e+000	0.000000e+000	0.000000e+000	0.000000e+000	0.000000e+000	0.000000e+000	0.000000e+000	-2.530171e-098	-2.656984e+303	0.000000e+000	1.423876e-173	1.025372e-305	0.000000e+000	2.121996e-314	-7.845908e+298	3.199302e-001	9.474411e-001	-2.530171e-098	-2.656984e+303	0.000000e+000	1.423890e-173	1.025537e-305	
0.000000e+000	0.000000e+000	0.000000e+000	0.000000e+000	0.000000e+000	0.000000e+000	0.000000e+000	0.000000e+000	0.000000e+000	0.000000e+000	0.000000e+000	0.000000e+000	0.000000e+000	0.000000e+000	0.000000e+000	-2.530171e-098	-2.656984e+303	0.000000e+000	1.423876e-173	1.025681e-305	0.000000e+000	2.121996e-314	-7.845908e+298	8.268819e-001	5.623756e-001	-2.530171e-098	-2.656984e+303	0.000000e+000	1.423890e-173	1.025846e-305	
0.000000e+000	0.000000e+000	0.000000e+000	0.000000e+000	0.000000e+000	0.000000e+000	0.000000e+000	0.000000e+000	0.000000e+000	0.000000e+000	0.000000e+000	0.000000e+000	0.000000e+000	0.000000e+000	0.000000e+000	-2.530171e-098	-2.656984e+303	0.000000e+000	1.423876e-173	1.025989e-305	0.000000e+000	2.121996e-314	-7.845908e+298	5.617008e-001	8.273405e-001	-2.530171e-098	-2.656984e+303	0.000000e+000	1.423890e-173	1.026155e-305	
0.000000e+000	0.000000e+000	0.000000e+000	0.000000e+000	0.000000e+000	0.000000e+000	0.000000e+000	0.000000e+000	0.000000e+000	0.000000e+000	0.000000e+000	0.000000e+000	0.000000e+000	0.000000e+000	0.000000e+000	-2.530171e-098	-2.656984e+303	0.000000e+000	1.423876e-173	1.026298e-305	0.000000e+000	2.121996e-314	-7.845908e+298	7.269921e-001	6.866458e-001	-2.530171e-098	-2.656984e+303	0.000000e+000	1.423890e-173	1.026463e-305	
0.000000e+000	0.000000e+000	0.000000e+000	0.000000e+000	0.000000e+000	0.000000e+000	0.000000e+000	0.000000e+000	0.000000e+000	0.000000e+000	0.000000e+000	0.000000e+000	0.000000e+000	0.000000e+000	0.000000e+000	-2.530171e-098	-2.656984e+303	0.000000e+000	1.423876e-173	1.026606e-305	0.000000e+000	2.121996e-314	-7.845908e+298	7.588210e-001	6.512992e-001	-2.530171e-098	-2.656984e+303	0.000000e+000	1.423890e-173	1.026772e-305	
0.000000e+000	0.000000e+000	0.000000e+000	0.000000e+000	0.000000e+000	0.000000e+000	0.000000e+000	0.000000e+000	0.000000e+000	0.000000e+000	0.000000e+000	0.000000e+000	0.000000e+000	0.000000e+000	0.000000e+000	-2.530171e-098	-2.656984e+303	0.000000e+000	1.423876e-173	1.026915e-305	0.000000e+000	2.121996e-314	-7.845908e+298	8.618396e-001	5.071809e-001	-2.530171e-098	-2.656984e+303	0.000000e+000	1.423890e-173	1.027080e-305	
0.000000e+000	0.000000e+000	0.000000e+000	0.000000e+000	0.000000e+000	0.000000e+000	0.000000e+000	0.000000e+000	0.000000e+000	0.000000e+000	0.000000e+000	0.000000e+000	0.000000e+000	0.000000e+000	0.000000e+000	-2.530171e-098	-2.656984e+303	0.000000e+000	1.423876e-173	1.027224e-305	0.000000e+000	2.121996e-314	-7.845908e+298	8.053889e-001	5.927468e-001	-2.530171e-098	-2.656984e+303	0.000000e+000	1.423890e-173	1.027389e-305	
0.000000e+000	0.000000e+000	0.000000e+000	0.000000e+000	0.000000e+000	0.000000e+000	0.000000e+000	0.000000e+000	0.000000e+000	0.000000e+000	0.000000e+000	0.000000e+000	0.000000e+000	0.000000e+000	0.000000e+000	-2.530171e-098	-2.656984e+303	0.000000e+000	1.423876e-173	1.027532e-305	0.000000e+000	2.121996e-314	-7.845908e+298	9.426965e-001	3.336515e-001	-2.530171e-098	-2.656984e+303	0.000000e+000	1.423890e-173	1.027697e-305	
0.000000e+000	0.000000e+000	0.000000e+000	0.000000e+000	0.000000e+000	0.000000e+000	0.000000e+000	0.000000e+000	0.000000e+000	0.000000e+000	0.000000e+000	0.000000e+000	0.000000e+000	0.000000e+000	0.000000e+000	-2.530171e-098	-2.656984e+303	0.000000e+000	1.423876e-173	1.027841e-305	0.000000e+000	2.121996e-314	-7.845908e+298	6.123234e-017	1.000000e+000	-2.530171e-098	-2.656984e+303	0.000000e+000	1.423890e-173	1.028006e-305	
0.000000e+000	0.000000e+000	0.000000e+000	0.000000e+000	0.000000e+000	0.000000e+000	0.000000e+000	0.000000e+000	0.000000e+000	0.000000e+000	0.000000e+000	0.000000e+000	0.000000e+000	0.000000e+000	0.000000e+000	-2.530171e-098	-2.656984e+303	0.000000e+000	1.423876e-173	1.028149e-305	0.000000e+000	2.121996e-314	-7.845908e+298	3.648503e-001	9.310662e-001	-2.530171e-098	-2.656984e+303	0.000000e+000	1.423890e-173	1.028314e-305	
0.000000e+000	0.000000e+000	0.000000e+000	0.000000e+000	0.000000e+000	0.000000e+000	0.000000e+000	0.000000e+000	0.000000e+000	0.000000e+000	0.000000e+000	0.000000e+000	0.000000e+000	0.000000e+000	0.000000e+000	-2.530171e-098	-2.656984e+303	0.000000e+000	1.423876e-173	1.028458e-305	0.000000e+000	2.121996e-314	-7.845908e+298	1.175013e-001	9.930727e-001	-2.530171e-098	-2.656984e+303	0.000000e+000	1.423890e-173	1.028623e-305	
0.000000e+000	0.000000e+000	0.000000e+000	0.000000e+000	0.000000e+000	0.000000e+000	0.000000e+000	0.000000e+000	0.000000e+000	0.000000e+000	0.000000e+000	0.000000e+000	0.000000e+000	0.000000e+000	0.000000e+000	-2.530171e-098	-2.656984e+303	0.000000e+000	1.423876e-173	1.028766e-305	0.000000e+000	2.121996e-314	-7.845908e+298	6.331981e-001	7.739898e-001	-2.530171e-098	-2.656984e+303	0.000000e+000	1.423890e-173	1.028932e-305	
0.000000e+000	0.000000e+000	0.000000e+000	0.000000e+000	0.000000e+000	0.000000e+000	0.000000e+000	0.000000e+000	0.000000e+000	0.000000e+000	0.000000e+000	0.000000e+000	0.000000e+000	0.000000e+000	0.000000e+000	-2.530171e-098	-2.656984e+303	0.000000e+000	1.423876e-173	1.029075e-305	0.000000e+000	2.121996e-314	-7.845908e+298	2.360998e-001	9.717288e-001	-2.530171e-098	-2.656984e+303	0.000000e+000	1.423890e-173	1.029240e-305	
0.000000e+000	0.000000e+000	0.000000e+000	0.000000e+000	0.000000e+000	0.000000e+000	0.000000e+000	0.000000e+000	0.000000e+000	0.000000e+000	0.000000e+000	0.000000e+000	0.000000e+000	0.000000e+000	0.000000e+000	-2.530171e-098	-2.656984e+303	0.000000e+000	1.423876e-173	1.029383e-305	0.000000e+000	2.121996e-314	-7.845908e+298	5.811774e-001	8.137769e-001	-2.530171e-098	-2.656984e+303	0.000000e+000	1.423890e-173	1.029549e-305	
0.000000e+000	0.000000e+000	0.000000e+000	0.000000e+000	0.000000e+000	0.000000e+000	0.000000e+000	0.000000e+000	0.000000e+000	0.000000e+000	0.000000e+000	0.000000e+000	0.000000e+000	0.000000e+000	0.000000e+000	-2.530171e-098	-2.656984e+303	0.000000e+000	1.423876e-173	1.029692e-305	0.000000e+000	2.121996e-314	-7.845908e+298	9.651399e-001	2.617346e-001	-2.530171e-098	-2.656984e+303	0.000000e+000	1.423890e-173	1.029857e-305	
0.000000e+000	0.000000e+000	0.000000e+000	0.000000e+000	0.000000e+000	0.000000e+000	0.000000e+000	0.000000e+000	0.000000e+000	0.000000e+000	0.000000e+000	0.000000e+000	0.000000e+000	0.000000e+000	0.000000e+000	-2.530171e-098	-2.656984e+303	0.000000e+000	1.423876e-173	1.030001e-305	0.000000e+000	2.121996e-314	-7.845908e+298	6.837541e-001	7.297125e-001	-2.530171e-098	-2.656984e+303	0.000000e+000	1.423890e-173	1.030166e-305	
0.000000e+000	0.000000e+000	0.000000e+000	0.000000e+000	0.000000e+000	0.000000e+000	0.000000e+000	0.000000e+000	0.000000e+000	0.000000e+000	0.000000e+000	0.000000e+000	0.000000e+000	0.000000e+000	0.000000e+000	-2.530171e-098	-2.656984e+303	0.000000e+000	1.423876e-173	1.030309e-305	0.000000e+000	2.121996e-314	-7.845908e+298	6.084101e-001	7.936228e-001	-2.530171e-098	-2.656984e+303	0.000000e+000	1.423890e-173	1.030474e-305	
0.000000e+000	0.000000e+000	0.000000e+000	0.000000e+000	0.000000e+000	0.000000e+000	0.000000e+000	0.000000e+000	0.000000e+000	0.000000e+000	0.000000e+000	0.000000e+000	0.000000e+000	0.000000e+000	0.000000e+000	-2.530171e-098	-2.656984e+303	0.000000e+000	1.423876e-173	1.030618e-305	0.000000e+000	2.121996e-314	-7.845908e+298	1.998664e-001	9.798232e-001	-2.530171e-098	-2.656984e+303	0.000000e+000	1.423890e-173	1.030783e-305	
0.000000e+000	0.000000e+000	0.000000e+000	0.000000e+000	0.000000e+000	0.000000e+000	0.000000e+000	0.000000e+000	0.000000e+000	0.000000e+000	0.000000e+000	0.000000e+000	0.000000e+000	0.000000e+000	0.000000e+000	-2.530171e-098	-2.656984e+303	0.000000e+000	1.423876e-173	1.030926e-305	0.000000e+000	2.121996e-314	-7.845908e+298	4.906270e-001	8.713697e-001	-2.530171e-098	-2.656984e+303	0.000000e+000	1.423890e-173	1.031091e-305	
0.000000e+000	0.000000e+000	0.000000e+000	0.000000e+000	0.000000e+000	0.000000e+000	0.000000e+000	0.000000e+000	0.000000e+000	0.000000e+000	0.000000e+000	0.000000e+000	0.000000e+000	0.000000e+000	0.000000e+000	-2.530171e-098	-2.656984e+303	0.000000e+000	1.423876e-173	1.031235e-305	0.000000e+000	2.121996e-314	-7.845908e+298	9.308903e-001	3.652988e-001	-2.530171e-098	-2.656984e+303	0.000000e+000	1.423890e-173	1.031400e-305	
0.000000e+000	0.000000e+000	0.000000e+000	0.000000e+000	0.000000e+000	0.000000e+000	0.000000e+000	0.000000e+000	0.000000e+000	0.000000e+000	0.000000e+000	0.000000e+000	0.000000e+000	0.000000e+000	0.000000e+000	-2.530171e-098	-2.656984e+303	0.000000e+000	1.423876e-173	1.031543e-305	0.000000e+000	2.121996e-314	-7.845908e+298	8.804920e-001	4.740610e-001	-2.530171e-098	-2.656984e+303	0.000000e+000	1.423890e-173	1.031709e-305	
0.000000e+000	0.000000e+000	0.000000e+000	0.000000e+000	0.000000e+000	0.000000e+000	0.000000e+000	0.000000e+000	0.000000e+000	0.000000e+000	0.000000e+000	0.000000e+000	0.000000e+000	0.000000e+000	0.000000e+000	-2.530171e-098	-2.656984e+303	0.000000e+000	1.423876e-173	1.031852e-305	0.000000e+000	2.121996e-314	-7.845908e+298	9.992915e-001	3.763708e-002	-2.530171e-098	-2.656984e+303	0.000000e+000	1.423890e-173	1.032017e-305	
0.000000e+000	0.000000e+000	0.000000e+000	0.000000e+000	0.000000e+000	0.000000e+000	0.000000e+000	0.000000e+000	0.000000e+000	0.000000e+000	0.000000e+000	0.000000e+000	0.000000e+000	0.000000e+000	0.000000e+000	-2.530171e-098	-2.656984e+303	0.000000e+000	1.423876e-173	1.032160e-305	0.000000e+000	2.121996e-314	-7.845908e+298	9.945367e-001	1.043878e-001	-2.530171e-098	-2.656984e+303	0.000000e+000	1.423890e-173	1.032326e-305	
0.000000e+000	0.000000e+000	0.000000e+000	0.000000e+000	0.000000e+000	0.000000e+000	0.000000e+000	0.000000e+000	0.000000e+000	0.000000e+000	0.000000e+000	0.000000e+000	0.000000e+000	0.000000e+000	0.000000e+000	-2.530171e-098	-2.656984e+303	0.000000e+000	1.423876e-173	1.032469e-305	0.000000e+000	2.121996e-314	-7.845908e+298	9.733535e-001	2.293099e-001	-2.530171e-098	-2.656984e+303	0.000000e+000	1.474430e-173	1.032634e-305	
0.000000e+000	0.000000e+000	0.000000e+000	0.000000e+000	0.000000e+000	0.000000e+000	0.000000e+000	0.000000e+000	0.000000e+000	0.000000e+000	0.000000e+000	0.000000e+000	0.000000e+000	0.000000e+000	0.000000e+000	-2.530171e-098	-2.656984e+303	0.000000e+000	1.474415e-173	1.032778e-305	0.000000e+000	2.121996e-314	-7.845908e+298	5.393587e-002	9.985444e-001	-2.530171e-098	-2.656984e+303	0.000000e+000	1.474430e-173	1.032943e-305	
0.000000e+000	0.000000e+000	0.000000e+000	0.000000e+000	0.000000e+000	0.000000e+000	0.000000e+000	0.000000e+000	0.000000e+000	0.000000e+000	0.000000e+000	0.000000e+000	0.000000e+000	0.000000e+000	0.000000e+000	-2.530171e-098	-2.656984e+303	0.000000e+000	1.474415e-173	1.033086e-305	0.000000e+000	2.121996e-314	-7.845908e+298	9.541277e-001	2.993999e-001	-2.530171e-098	-2.656984e+303	0.000000e+000	1.474430e-173	1.033251e-305	
0.000000e+000	0.000000e+000	0.000000e+000	0.000000e+000	0.000000e+000	0.000000e+000	0.000000e+000	0.000000e+000	0.000000e+000	0.000000e+000	0.000000e+000	0.000000e+000	0.000000e+000	0.000000e+000	0.000000e+000	-2.530171e-098	-2.656984e+303	0.000000e+000	1.474415e-173	1.033395e-305	0.000000e+000	2.121996e-314	-7.845908e+298	9.894213e-001	1.450710e-001	-2.530171e-098	-2.656984e+303	0.000000e+000	1.474430e-173	1.033560e-305	
0.000000e+000	0.000000e+000	0.000000e+000	0.000000e+000	0.000000e+000	0.000000e+000	0.000000e+000	0.000000e+000	0.000000e+000	0.000000e+000	0.000000e+000	0.000000e+000	0.000000e+000	0.000000e+000	0.000000e+000	-2.530171e-098	-2.656984e+303	0.000000e+000	1.474415e-173	1.033703e-305	0.000000e+000	2.121996e-314	-7.845908e+298	9.815578e-001	1.911655e-001	-2.530171e-098	-2.656984e+303	0.000000e+000	1.474430e-173	1.033868e-305	
0.000000e+000	0.000000e+000	0.000000e+000	0.000000e+000	0.000000e+000	0.000000e+000	0.000000e+000	0.000000e+000	0.000000e+000	0.000000e+000	0.000000e+000	0.000000e+000	0.000000e+000	0.000000e+000	0.000000e+000	-2.530171e-098	-2.656984e+303	0.000000e+000	1.474415e-173	1.034012e-305	0.000000e+000	2.121996e-314	-7.845908e+298	7.772245e-001	6.292234e-001	-2.530171e-098	-2.656984e+303	0.000000e+000	1.474430e-173	1.034177e-305	
0.000000e+000	0.000000e+000	0.000000e+000	0.000000e+000	0.000000e+000	0.000000e+000	0.000000e+000	0.000000e+000	0.000000e+000	0.000000e+000	0.000000e+000	0.000000e+000	0.000000e+000	0.000000e+000	0.000000e+000	-2.530171e-098	-2.656984e+303	0.000000e+000	1.474415e-173	1.034320e-305	0.000000e+000	2.121996e-314	-7.845908e+298	1.631452e-001	9.866021e-001	-2.530171e-098	-2.656984e+303	0.000000e+000	1.474430e-173	1.034486e-305	
0.000000e+000	0.000000e+000	0.000000e+000	0.000000e+000	0.000000e+000	0.000000e+000	0.000000e+000	0.000000e+000	0.000000e+000	0.000000e+000	0.000000e+000	0.000000e+000	0.000000e+000	0.000000e+000	0.000000e+000	-2.530171e-098	-2.656984e+303	0.000000e+000	1.474415e-173	1.034629e-305	0.000000e+000	2.121996e-314	-7.845908e+298	5.297996e-001	8.481228e-001	-2.530171e-098	-2.656984e+303	0.000000e+000	1.474430e-173	1.034794e-305	
0.000000e+000	0.000000e+000	0.000000e+000	0.000000e+000	0.000000e+000	0.000000e+000	0.000000e+000	0.000000e+000	0.000000e+000	0.000000e+000	3.144248e-001	0.000000e+000	0.000000e+000	0.000000e+000	0.000000e+000	-2.530171e-098	-2.656984e+303	0.000000e+000	1.474415e-173	1.034937e-305	0.000000e+000	2.121996e-314	-7.845908e+298	8.804920e-001	4.740610e-001	-2.530171e-098	-2.656984e+303	0.000000e+000	1.474430e-173	1.035103e-305	
0.000000e+000	0.000000e+000	0.000000e+000	0.000000e+000	0.000000e+000	0.000000e+000	0.000000e+000	0.000000e+000	0.000000e+000	0.000000e+000	0.000000e+000	0.000000e+000	0.000000e+000	0.000000e+000	0.000000e+000	-2.530171e-098	-2.656984e+303	0.000000e+000	1.474415e-173	1.035246e-305	0.000000e+000	2.121996e-314	-7.845908e+298	1.000000e+000	0.000000e+000	-2.530171e-098	-2.656984e+303	0.000000e+000	1.474430e-173	1.035411e-305	
0.000000e+000	0.000000e+000	0.000000e+000	0.000000e+000	0.000000e+000	0.000000e+000	0.000000e+000	0.000000e+000	0.000000e+000	0.000000e+000	4.499177e-002	0.000000e+000	0.000000e+000	0.000000e+000	0.000000e+000	-2.530171e-098	-2.656984e+303	0.000000e+000	1.474415e-173	1.035555e-305	0.000000e+000	2.121996e-314	-7.845908e+298	9.975037e-001	7.061409e-002	-2.530171e-098	-2.656984e+303	0.000000e+000	1.474430e-173	1.035720e-305	
0.000000e+000	0.000000e+000	0.000000e+000	0.000000e+000	0.000000e+000	0.000000e+000	0.000000e+000	0.000000e+000	0.000000e+000	0.000000e+000	1.000000e+000	0.000000e+000	0.000000e+000	0.000000e+000	0.000000e+000	-2.530171e-098	-2.656984e+303	0.000000e+000	1.474415e-173	1.035863e-305	0.000000e+000	2.121996e-314	-7.845908e+298	6.123234e-017	1.000000e+000	-2.530171e-098	-2.656984e+303	0.000000e+000	1.474430e-173	1.036028e-305	
0.000000e+000	0.000000e+000	0.000000e+000	0.000000e+000	0.000000e+000	0.000000e+000	0.000000e+000	0.000000e+000	0.000000e+000	0.000000e+000	5.035323e-001	0.000000e+000	0.000000e+000	0.000000e+000	0.000000e+000	-2.530171e-098	-2.656984e+303	0.000000e+000	1.474415e-173	1.036172e-305	0.000000e+000	2.121996e-314	-7.845908e+298	7.031726e-001	7.110192e-001	-2.530171e-098	-2.656984e+303	0.000000e+000	1.474430e-173	1.036337e-305	
0.000000e+000	0.000000e+000	0.000000e+000	0.000000e+000	0.000000e+000	0.000000e+000	0.000000e+000	0.000000e+000	0.000000e+000	0.000000e+000	4.515514e-001	0.000000e+000	0.000000e+000	0.000000e+000	0.000000e+000	-2.530171e-098	-2.656984e+303	0.000000e+000	1.474415e-173	1.036480e-305	0.000000e+000	2.121996e-314	-7.845908e+298	7.588210e-001	6.512992e-001	-2.530171e-098	-2.656984e+303	0.000000e+000	1.474430e-173	1.036645e-305	
0.000000e+000	0.000000e+000	0.000000e+000	0.000000e+000	0.000000e+000	0.000000e+000	0.000000e+000	0.000000e+000	0.000000e+000	0.000000e+000	3.013490e-001	0.000000e+000	0.000000e+000	0.000000e+000	0.000000e+000	-2.530171e-098	-2.656984e+303	0.000000e+000	1.474415e-173	1.036789e-305	0.000000e+000	2.121996e-314	-7.845908e+298	8.900426e-001	4.558775e-001	-2.530171e-098	-2.656984e+303	0.000000e+000	1.474430e-173	1.036954e-305	
0.000000e+000	0.000000e+000	0.000000e+000	0.000000e+000	0.000000e+000	0.000000e+000	0.000000e+000	0.000000e+000	0.000000e+000	0.000000e+000	6.973873e-001	0.000000e+000	0.000000e+000	0.000000e+000	0.000000e+000	-2.530171e-098	-2.656984e+303	0.000000e+000	1.474415e-173	1.037097e-305	0.000000e+000	2.121996e-314	-7.845908e+298	4.576434e-001	8.891358e-001	-2.530171e-098	-2.656984e+303	0.000000e+000	1.474430e-173	1.037263e-305	
0.000000e+000	0.000000e+000	0.000000e+000	0.000000e+000	0.000000e+000	0.000000e+000	0.000000e+000	0.000000e+000	0.000000e+000	0.000000e+000	8.721722e-001	0.000000e+000	0.000000e+000	0.000000e+000	0.000000e+000	-2.530171e-098	-2.656984e+303	0.000000e+000	1.474415e-173	1.037406e-305	0.000000e+000	2.121996e-314	-7.845908e+298	1.994449e-001	9.799090e-001	-2.530171e-098	-2.656984e+303	0.000000e+000	1.474430e-173	1.037571e-305	
0.000000e+000	0.000000e+000	0.000000e+000	0.000000e+000	0.000000e+000	0.000000e+000	0.000000e+000	0.000000e+000	0.000000e+000	0.000000e+000	7.678187e-001	0.000000e+000	0.000000e+000	0.000000e+000	0.000000e+000	-2.530171e-098	-2.656984e+303	0.000000e+000	1.474415e-173	1.037714e-305	0.000000e+000	2.121996e-314	-7.845908e+298	3.566779e-001	9.342274e-001	-2.530171e-098	-2.656984e+303	0.000000e+000	1.474430e-173	1.037880e-305	
0.000000e+000	0.000000e+000	0.000000e+000	0.000000e+000	0.000000e+000	0.000000e+000	0.000000e+000	0.000000e+000	0.000000e+000	0.000000e+000	1.472939e-001	0.000000e+000	0.000000e+000	0.000000e+000	0.000000e+000	-2.530171e-098	-2.656984e+303	0.000000e+000	1.474415e-173	1.038023e-305	0.000000e+000	2.121996e-314	-7.845908e+298	9.733535e-001	2.293099e-001	-2.530171e-098	-2.656984e+303	0.000000e+000	1.474430e-173	1.038188e-305	
0.000000e+000	0.000000e+000	0.000000e+000	0.000000e+000	0.000000e+000	0.000000e+000	0.000000e+000	0.000000e+000	0.000000e+000	0.000000e+000	1.224535e-001	0.000000e+000	0.000000e+000	0.000000e+000	0.000000e+000	-2.530171e-098	-2.656984e+303	0.000000e+000	1.474415e-173	1.038332e-305	0.000000e+000	2.121996e-314	-7.845908e+298	9.815578e-001	1.911655e-001	-2.530171e-098	-2.656984e+303	0.000000e+000	1.474430e-173	1.038497e-305	
0.000000e+000	0.000000e+000	0.000000e+000	0.000000e+000	0.000000e+000	0.000000e+000	0.000000e+000	0.000000e+000	0.000000e+000	0.000000e+000	5.473715e-001	0.000000e+000	0.000000e+000	0.000000e+000	0.000000e+000	-2.530171e-098	-2.656984e+303	0.000000e+000	1.474415e-173	1.038640e-305	0.000000e+000	2.121996e-314	-7.845908e+298	6.525821e-001	7.577180e-001	-2.530171e-098	-2.656984e+303	0.000000e+000	1.474430e-173	1.038805e-305	
0.000000e+000	0.000000e+000	0.000000e+000	0.000000e+000	0.000000e+000	0.000000e+000	0.000000e+000	0.000000e+000	0.000000e+000	0.000000e+000	2.396617e-002	0.000000e+000	0.000000e+000	0.000000e+000	0.000000e+000	-2.530171e-098	-2.656984e+303	0.000000e+000	1.474415e-173	1.038949e-305	0.000000e+000	2.121996e-314	-7.845908e+298	9.992915e-001	3.763708e-002	-2.530171e-098	-2.656984e+303	0.000000e+000	1.474430e-173	1.039114e-305	
0.000000e+000	0.000000e+000	0.000000e+000	0.000000e+000	0.000000e+000	0.000000e+000	0.000000e+000	0.000000e+000	0.000000e+000	0.000000e+000	6.657664e-002	0.000000e+000	0.000000e+000	0.000000e+000	0.000000e+000	-2.530171e-098	-2.656984e+303	0.000000e+000	1.474415e-173	1.039257e-305	0.000000e+000	2.121996e-314	-7.845908e+298	9.945367e-001	1.043878e-001	-2.530171e-098	-2.656984e+303	0.000000e+000	1.474430e-173	1.039422e-305	
0.000000e+000	0.000000e+000	0.000000e+000	0.000000e+000	0.000000e+000	0.000000e+000	0.000000e+000	0.000000e+000	0.000000e+000	0.000000e+000	4.039130e-001	0.000000e+000	0.000000e+000	0.000000e+000	0.000000e+000	-2.530171e-098	-2.656984e+303	0.000000e+000	1.474415e-173	1.039566e-305	0.000000e+000	2.121996e-314	-7.845908e+298	8.053889e-001	5.927468e-001	-2.530171e-098	-2.656984e+303	0.000000e+000	1.474430e-173	1.039731e-305	
0.000000e+000	0.000000e+000	0.000000e+000	0.000000e+000	0.000000e+000	0.000000e+000	0.000000e+000	0.000000e+000	0.000000e+000	0.000000e+000	9.268209e-002	0.000000e+000	0.000000e+000	0.000000e+000	0.000000e+000	-2.530171e-098	-2.656984e+303	0.000000e+000	1.474415e-173	1.039874e-305	0.000000e+000	2.121996e-314	-7.845908e+298	9.894213e-001	1.450710e-001	-2.530171e-098	-2.656984e+303	0.000000e+000	1.474430e-173	1.040040e-305	
0.000000e+000	0.000000e+000	0.000000e+000	0.000000e+000	0.000000e+000	0.000000e+000	0.000000e+000	0.000000e+000	0.000000e+000	0.000000e+000	6.226701e-001	0.000000e+000	0.000000e+000	0.000000e+000	0.000000e+000	-2.530171e-098	-2.656984e+303	0.000000e+000	1.474415e-173	1.040183e-305	0.000000e+000	2.121996e-314	-7.845908e+298	5.586095e-001	8.294308e-001	-2.530171e-098	-2.656984e+303	0.000000e+000	1.474430e-173	1.040348e-305	
0.000000e+000	0.000000e+000	0.000000e+000	0.000000e+000	0.000000e+000	0.000000e+000	0.000000e+000	0.000000e+000	0.000000e+000	0.000000e+000	5.836152e-001	0.000000e+000	0.000000e+000	0.000000e+000	0.000000e+000	-2.530171e-098	-2.656984e+303	0.000000e+000	1.474415e-173	1.040491e-305	0.000000e+000	2.121996e-314	-7.845908e+298	6.084101e-001	7.936228e-001	-2.530171e-098	-2.656984e+303	0.000000e+000	1.474430e-173	1.040657e-305	
0.000000e+000	0.000000e+000	0.000000e+000	0.000000e+000	0.000000e+000	0.000000e+000	0.000000e+000	0.000000e+000	0.000000e+000	0.000000e+000	6.492044e-001	0.000000e+000	0.000000e+000	0.000000e+000	0.000000e+000	-2.530171e-098	-2.656984e+303	0.000000e+000	1.474415e-173	1.040800e-305	0.000000e+000	2.121996e-314	-7.845908e+298	5.235637e-001	8.519865e-001	-2.530171e-098	-2.656984e+303	0.000000e+000	1.474430e-173	1.040965e-305	
0.000000e+000	0.000000e+000	0.000000e+000	0.000000e+000	0.000000e+000	0.000000e+000	0.000000e+000	0.000000e+000	0.000000e+000	0.000000e+000	5.264943e-001	0.000000e+000	0.000000e+000	0.000000e+000	0.000000e+000	-2.530171e-098	-2.656984e+303	0.000000e+000	1.474415e-173	1.041109e-305	0.000000e+000	2.121996e-314	-7.845908e+298	6.770753e-001	7.359138e-001	-2.530171e-098	-2.656984e+303	0.000000e+000	1.474430e-173	1.041274e-305	
0.000000e+000	0.000000e+000	0.000000e+000	0.000000e+000	0.000000e+000	0.000000e+000	0.000000e+000	0.000000e+000	0.000000e+000	0.000000e+000	8.482616e-001	0.000000e+000	0.000000e+000	0.000000e+000	0.000000e+000	-2.530171e-098	-2.656984e+303	0.000000e+000	1.474415e-173	1.041417e-305	0.000000e+000	2.121996e-314	-7.845908e+298	2.360998e-001	9.717288e-001	-2.530171e-098	-2.656984e+303	0.000000e+000	1.474430e-173	1.041582e-305	
0.000000e+000	0.000000e+000	0.000000e+000	0.000000e+000	0.000000e+000	0.000000e+000	0.000000e+000	0.000000e+000	0.000000e+000	0.000000e+000	3.607617e-001	0.000000e+000	0.000000e+000	0.000000e+000	0.000000e+000	-2.530171e-098	-2.656984e+303	0.000000e+000	1.474415e-173	1.041726e-305	0.000000e+000	2.121996e-314	-7.845908e+298	8.436862e-001	5.368367e-001	-2.530171e-098	-2.656984e+303	0.000000e+000	1.474430e-173	1.041891e-305	
0.000000e+000	0.000000e+000	0.000000e+000	0.000000e+000	0.000000e+000	0.000000e+000	0.000000e+000	0.000000e+000	0.000000e+000	0.000000e+000	1.935729e-001	0.000000e+000	0.000000e+000	0.000000e+000	0.000000e+000	-2.530171e-098	-2.656984e+303	0.000000e+000	1.474415e-173	1.042034e-305	0.000000e+000	2.121996e-314	-7.845908e+298	9.541277e-001	2.993999e-001	-2.530171e-098	-2.656984e+303	0.000000e+000	1.474430e-173	1.042199e-305	
0.000000e+000	0.000000e+000	0.000000e+000	0.000000e+000	0.000000e+000	0.000000e+000	0.000000e+000	0.000000e+000	0.000000e+000	0.000000e+000	1.685890e-001	0.000000e+000	0.000000e+000	0.000000e+000	0.000000e+000	-2.530171e-098	-2.656984e+303	0.000000e+000	1.474415e-173	1.042343e-305	0.000000e+000	2.121996e-314	-7.845908e+298	9.651399e-001	2.617346e-001	-2.530171e-098	-2.656984e+303	0.000000e+000	1.474430e-173	1.042508e-305	
0.000000e+000	0.000000e+000	0.000000e+000	0.000000e+000	0.000000e+000	0.000000e+000	0.000000e+000	0.000000e+000	0.000000e+000	0.000000e+000	9.365183e-001	0.000000e+000	0.000000e+000	0.000000e+000	0.000000e+000	-2.530171e-098	-2.656984e+303	0.000000e+000	1.474415e-173	1.042651e-305	0.000000e+000	2.121996e-314	-7.845908e+298	9.955161e-002	9.950324e-001	-2.530171e-098	-2.656984e+303	0.000000e+000	1.474430e-173	1.042817e-305	
0.000000e+000	0.000000e+000	0.000000e+000	0.000000e+000	0.000000e+000	0.000000e+000	0.000000e+000	0.000000e+000	0.000000e+000	0.000000e+000	3.802250e-001	0.000000e+000	0.000000e+000	0.000000e+000	0.000000e+000	-2.530171e-098	-2.656984e+303	0.000000e+000	1.474415e-173	1.042960e-305	0.000000e+000	2.121996e-314	-7.845908e+298	8.268819e-001	5.623756e-001	-2.530171e-098	-2.656984e+303	0.000000e+000	1.474430e-173	1.043125e-305	
0.000000e+000	0.000000e+000	0.000000e+000	0.000000e+000	0.000000e+000	0.000000e+000	0.000000e+000	0.000000e+000	0.000000e+000	0.000000e+000	2.842888e-001	0.000000e+000	0.000000e+000	0.000000e+000	0.000000e+000	-2.530171e-098	-2.656984e+303	0.000000e+000	1.474415e-173	1.043268e-305	0.000000e+000	2.121996e-314	-7.845908e+298	9.019382e-001	4.318652e-001	-2.530171e-098	-2.656984e+303	0.000000e+000	1.474430e-173	1.043434e-305	
0.000000e+000	0.000000e+000	0.000000e+000	0.000000e+000	0.000000e+000	0.000000e+000	0.000000e+000	0.000000e+000	0.000000e+000	0.000000e+000	3.381003e-001	0.000000e+000	0.000000e+000	0.000000e+000	0.000000e+000	-2.530171e-098	-2.656984e+303	0.000000e+000	1.474415e-173	1.043577e-305	0.000000e+000	2.121996e-314	-7.845908e+298	8.622572e-001	5.064706e-001	-2.530171e-098	-2.656984e+303	0.000000e+000	1.474430e-173	1.043742e-305	
0.000000e+000	0.000000e+000	0.000000e+000	0.000000e+000	0.000000e+000	0.000000e+000	0.000000e+000	0.000000e+000	0.000000e+000	0.000000e+000	4.332539e-001	0.000000e+000	0.000000e+000	0.000000e+000	0.000000e+000	-2.530171e-098	-2.656984e+303	0.000000e+000	1.474415e-173	1.043886e-305	0.000000e+000	2.121996e-314	-7.845908e+298	7.772245e-001	6.292234e-001	-2.530171e-098	-2.656984e+303	0.000000e+000	1.474430e-173	1.044051e-305	
0.000000e+000	0.000000e+000	0.000000e+000	0.000000e+000	0.000000e+000	0.000000e+000	0.000000e+000	0.000000e+000	0.000000e+000	0.000000e+000	6.051844e-001	0.000000e+000	0.000000e+000	0.000000e+000	0.000000e+000	-2.530171e-098	-2.656984e+303	0.000000e+000	1.474415e-173	1.044194e-305	0.000000e+000	2.121996e-314	-7.845908e+298	5.811774e-001	8.137769e-001	-2.530171e-098	-2.656984e+303	0.000000e+000	1.474430e-173	1.044359e-305	
0.000000e+000	0.000000e+000	0.000000e+000	0.000000e+000	0.000000e+000	0.000000e+000	0.000000e+000	0.000000e+000	0.000000e+000	0.000000e+000	2.165617e-001	0.000000e+000	0.000000e+000	0.000000e+000	0.000000e+000	-2.530171e-098	-2.656984e+303	0.000000e+000	1.474415e-173	1.044503e-305	0.000000e+000	2.121996e-314	-7.845908e+298	9.426965e-001	3.336515e-001	-2.530171e-098	-2.656984e+303	0.000000e+000	1.474430e-173	1.044668e-305	
0.000000e+000	0.000000e+000	0.000000e+000	0.000000e+000	0.000000e+000	0.000000e+000	0.000000e+000	0.000000e+000	0.000000e+000	0.000000e+000	6.401178e-001	0.000000e+000	0.000000e+000	0.000000e+000	0.000000e+000	-2.530171e-098	-2.656984e+303	0.000000e+000	1.474415e-173	1.044811e-305	0.000000e+000	2.121996e-314	-7.845908e+298	5.356706e-001	8.444271e-001	-2.530171e-098	-2.656984e+303	0.000000e+000	1.474430e-173	1.044976e-305	
0.000000e+000	0.000000e+000	0.000000e+000	0.000000e+000	0.000000e+000	0.000000e+000	0.000000e+000	0.000000e+000	0.000000e+000	0.000000e+000	8.201593e-001	0.000000e+000	0.000000e+000	0.000000e+000	0.000000e+000	-2.530171e-098	-2.656984e+303	0.000000e+000	1.474415e-173	1.045120e-305	0.000000e+000	2.121996e-314	-7.845908e+298	2.787508e-001	9.603635e-001	-2.530171e-098	-2.656984e+303	0.000000e+000	1.474430e-173	1.045285e-305	
0.000000e+000	0.000000e+000	0.000000e+000	0.000000e+000	0.000000e+000	0.000000e+000	0.000000e+000	0.000000e+000	0.000000e+000	0.000000e+000	9.656467e-001	0.000000e+000	0.000000e+000	0.000000e+000	0.000000e+000	-2.530171e-098	-2.656984e+303	0.000000e+000	1.474415e-173	1.045428e-305	0.000000e+000	2.121996e-314	-7.845908e+298	5.393587e-002	9.985444e-001	-2.530171e-098	-2.656984e+303	0.000000e+000	1.474430e-173	1.045593e-305	
0.000000e+000	0.000000e+000	0.000000e+000	0.000000e+000	0.000000e+000	0.000000e+000	0.000000e+000	0.000000e+000	0.000000e+000	0.000000e+000	4.776104e-001	0.000000e+000	0.000000e+000	0.000000e+000	0.000000e+000	-2.530171e-098	-2.656984e+303	0.000000e+000	1.474415e-173	1.045737e-305	0.000000e+000	2.121996e-314	-7.845908e+298	7.315330e-001	6.818060e-001	-2.530171e-098	-2.656984e+303	0.000000e+000	1.474430e-173	1.045902e-305	
0.000000e+000	0.000000e+000	0.000000e+000	0.000000e+000	0.000000e+000	0.000000e+000	0.000000e+000	0.000000e+000	0.000000e+000	0.000000e+000	7.233627e-001	0.000000e+000	0.000000e+000	0.000000e+000	0.000000e+000	-2.530171e-098	-2.656984e+303	0.000000e+000	1.474415e-173	1.046045e-305	0.000000e+000	2.121996e-314	-7.845908e+298	4.209940e-001	9.070634e-001	-2.530171e-098	-2.656984e+303	0.000000e+000	1.474430e-173	1.046211e-305	
0.000000e+000	0.000000e+000	0.000000e+000	0.000000e+000	0.000000e+000	0.000000e+000	0.000000e+000	0.000000e+000	0.000000e+000	0.000000e+000	2.613475e-001	0.000000e+000	0.000000e+000	0.000000e+000	0.000000e+000	-2.530171e-098	-2.656984e+303	0.000000e+000	1.474415e-173	1.046354e-305	0.000000e+000	2.121996e-314	-7.845908e+298	9.169120e-001	3.990895e-001	-2.530171e-098	-2.656984e+303	0.000000e+000	1.474430e-173	1.046519e-305	
0.000000e+000	0.000000e+000	0.000000e+000	0.000000e+000	0.000000e+000	0.000000e+000	0.000000e+000	0.000000e+000	0.000000e+000	0.000000e+000	2.401342e-001	0.000000e+000	0.000000e+000	0.000000e+000	0.000000e+000	-2.530171e-098	-2.656984e+303	0.000000e+000	1.474415e-173	1.046663e-305	0.000000e+000	2.121996e-314	-7.845908e+298	9.296989e-001	3.683205e-001	-2.530171e-098	-2.656984e+303	0.000000e+000	1.474430e-173	1.046828e-305	
0.000000e+000	0.000000e+000	0.000000e+000	0.000000e+000	0.000000e+000	0.000000e+000	0.000000e+000	0.000000e+000	0.000000e+000	0.000000e+000	7.926811e-001	0.000000e+000	0.000000e+000	0.000000e+000	0.000000e+000	-2.530171e-098	-2.656984e+303	0.000000e+000	1.474415e-173	1.046971e-305	0.000000e+000	2.121996e-314	-7.845908e+298	3.199302e-001	9.474411e-001	-2.530171e-098	-2.656984e+303	0.000000e+000	1.474430e-173	1.047136e-305	
