0.000000e+000	0.000000e+000	0.000000e+000	0.000000e+000	0.000000e+000	0.000000e+000	0.000000e+000	0.000000e+000	0.000000e+000	0.000000e+000	0.000000e+000	0.000000e+000	0.000000e+000	0.000000e+000	0.000000e+000	-2.530171e-098	-2.656984e+303	0.000000e+000	1.070098e-173	7.779023e-306	0.000000e+000	2.121996e-314	-7.845908e+298	6.717530e-001	7.407752e-001	-2.530171e-098	-2.656984e+303	0.000000e+000	1.070112e-173	7.780675e-306	
0.000000e+000	0.000000e+000	0.000000e+000	0.000000e+000	0.000000e+000	0.000000e+000	0.000000e+000	0.000000e+000	0.000000e+000	0.000000e+000	0.000000e+000	0.000000e+000	0.000000e+000	0.000000e+000	0.000000e+000	-2.530171e-098	-2.656984e+303	0.000000e+000	1.070098e-173	7.782109e-306	0.000000e+000	2.121996e-314	-7.845908e+298	7.672073e-001	6.413993e-001	-2.530171e-098	-2.656984e+303	0.000000e+000	1.070112e-173	7.783760e-306	
0.000000e+000	0.000000e+000	0.000000e+000	0.000000e+000	0.000000e+000	0.000000e+000	0.000000e+000	0.000000e+000	0.000000e+000	0.000000e+000	0.000000e+000	0.000000e+000	0.000000e+000	0.000000e+000	0.000000e+000	-2.530171e-098	-2.656984e+303	0.000000e+000	1.070098e-173	7.785194e-306	0.000000e+000	2.121996e-314	-7.845908e+298	8.306706e-001	5.567642e-001	-2.530171e-098	-2.656984e+303	0.000000e+000	1.070112e-173	7.786846e-306	
0.000000e+000	0.000000e+000	0.000000e+000	0.000000e+000	0.000000e+000	0.000000e+000	0.000000e+000	0.000000e+000	0.000000e+000	0.000000e+000	0.000000e+000	0.000000e+000	0.000000e+000	0.000000e+000	0.000000e+000	-2.530171e-098	-2.656984e+303	0.000000e+000	1.070098e-173	7.788280e-306	0.000000e+000	2.121996e-314	-7.845908e+298	9.309947e-001	3.650327e-001	-2.530171e-098	-2.656984e+303	0.000000e+000	1.070112e-173	7.789931e-306	
0.000000e+000	0.000000e+000	0.000000e+000	0.000000e+000	0.000000e+000	0.000000e+000	0.000000e+000	0.000000e+000	0.000000e+000	0.000000e+000	0.000000e+000	0.000000e+000	0.000000e+000	0.000000e+000	0.000000e+000	-2.530171e-098	-2.656984e+303	0.000000e+000	1.070098e-173	7.791366e-306	0.000000e+000	2.121996e-314	-7.845908e+298	3.614982e-001	9.323728e-001	-2.530171e-098	-2.656984e+303	0.000000e+000	1.070112e-173	7.793017e-306	
0.000000e+000	0.000000e+000	0.000000e+000	0.000000e+000	0.000000e+000	0.000000e+000	0.000000e+000	0.000000e+000	0.000000e+000	0.000000e+000	0.000000e+000	0.000000e+000	0.000000e+000	0.000000e+000	0.000000e+000	-2.530171e-098	-2.656984e+303	0.000000e+000	1.070098e-173	7.794451e-306	0.000000e+000	2.121996e-314	-7.845908e+298	1.091192e-001	9.940287e-001	-2.530171e-098	-2.656984e+303	0.000000e+000	1.070112e-173	7.796103e-306	
0.000000e+000	0.000000e+000	0.000000e+000	0.000000e+000	0.000000e+000	0.000000e+000	0.000000e+000	0.000000e+000	0.000000e+000	0.000000e+000	0.000000e+000	0.000000e+000	0.000000e+000	0.000000e+000	0.000000e+000	-2.530171e-098	-2.656984e+303	0.000000e+000	1.070098e-173	7.797537e-306	0.000000e+000	2.121996e-314	-7.845908e+298	9.434362e-001	3.315541e-001	-2.530171e-098	-2.656984e+303	0.000000e+000	1.070112e-173	7.799188e-306	
0.000000e+000	0.000000e+000	0.000000e+000	0.000000e+000	0.000000e+000	0.000000e+000	0.000000e+000	0.000000e+000	0.000000e+000	0.000000e+000	0.000000e+000	0.000000e+000	0.000000e+000	0.000000e+000	0.000000e+000	-2.530171e-098	-2.656984e+303	0.000000e+000	1.070098e-173	7.800622e-306	0.000000e+000	2.121996e-314	-7.845908e+298	8.487553e-001	5.287858e-001	-2.530171e-098	-2.656984e+303	0.000000e+000	1.070112e-173	7.802274e-306	
0.000000e+000	0.000000e+000	0.000000e+000	0.000000e+000	0.000000e+000	0.000000e+000	0.000000e+000	0.000000e+000	0.000000e+000	0.000000e+000	0.000000e+000	0.000000e+000	0.000000e+000	0.000000e+000	0.000000e+000	-2.530171e-098	-2.656984e+303	0.000000e+000	1.070098e-173	7.803708e-306	0.000000e+000	2.121996e-314	-7.845908e+298	9.148488e-001	4.037966e-001	-2.530171e-098	-2.656984e+303	0.000000e+000	1.070112e-173	7.805359e-306	
0.000000e+000	0.000000e+000	0.000000e+000	0.000000e+000	0.000000e+000	0.000000e+000	0.000000e+000	0.000000e+000	0.000000e+000	0.000000e+000	0.000000e+000	0.000000e+000	0.000000e+000	0.000000e+000	0.000000e+000	-2.530171e-098	-2.656984e+303	0.000000e+000	1.070098e-173	7.806793e-306	0.000000e+000	2.121996e-314	-7.845908e+298	1.000000e+000	0.000000e+000	-2.530171e-098	-2.656984e+303	0.000000e+000	1.070112e-173	7.808445e-306	
0.000000e+000	0.000000e+000	0.000000e+000	0.000000e+000	0.000000e+000	0.000000e+000	0.000000e+000	0.000000e+000	0.000000e+000	0.000000e+000	0.000000e+000	0.000000e+000	0.000000e+000	0.000000e+000	0.000000e+000	-2.530171e-098	-2.656984e+303	0.000000e+000	1.070098e-173	7.809879e-306	0.000000e+000	2.121996e-314	-7.845908e+298	9.946543e-001	1.032608e-001	-2.530171e-098	-2.656984e+303	0.000000e+000	1.070112e-173	7.811530e-306	
0.000000e+000	0.000000e+000	0.000000e+000	0.000000e+000	0.000000e+000	0.000000e+000	0.000000e+000	0.000000e+000	0.000000e+000	0.000000e+000	0.000000e+000	0.000000e+000	0.000000e+000	0.000000e+000	0.000000e+000	-2.530171e-098	-2.656984e+303	0.000000e+000	1.070098e-173	7.812964e-306	0.000000e+000	2.121996e-314	-7.845908e+298	5.093113e-001	8.605824e-001	-2.530171e-098	-2.656984e+303	0.000000e+000	1.070112e-173	7.814616e-306	
0.000000e+000	0.000000e+000	0.000000e+000	0.000000e+000	0.000000e+000	0.000000e+000	0.000000e+000	0.000000e+000	0.000000e+000	0.000000e+000	0.000000e+000	0.000000e+000	0.000000e+000	0.000000e+000	0.000000e+000	-2.530171e-098	-2.656984e+303	0.000000e+000	1.070098e-173	7.816050e-306	0.000000e+000	2.121996e-314	-7.845908e+298	6.433911e-001	7.655376e-001	-2.530171e-098	-2.656984e+303	0.000000e+000	1.070112e-173	7.817701e-306	
0.000000e+000	0.000000e+000	0.000000e+000	0.000000e+000	0.000000e+000	0.000000e+000	0.000000e+000	0.000000e+000	0.000000e+000	0.000000e+000	0.000000e+000	0.000000e+000	0.000000e+000	0.000000e+000	0.000000e+000	-2.530171e-098	-2.656984e+303	0.000000e+000	1.070098e-173	7.819136e-306	0.000000e+000	2.121996e-314	-7.845908e+298	9.832327e-001	1.823551e-001	-2.530171e-098	-2.656984e+303	0.000000e+000	1.070112e-173	7.820787e-306	
0.000000e+000	0.000000e+000	0.000000e+000	0.000000e+000	0.000000e+000	0.000000e+000	0.000000e+000	0.000000e+000	0.000000e+000	0.000000e+000	0.000000e+000	0.000000e+000	0.000000e+000	0.000000e+000	0.000000e+000	-2.530171e-098	-2.656984e+303	0.000000e+000	1.070098e-173	7.822221e-306	0.000000e+000	2.121996e-314	-7.845908e+298	8.824930e-001	4.703255e-001	-2.530171e-098	-2.656984e+303	0.000000e+000	1.070112e-173	7.823873e-306	
0.000000e+000	0.000000e+000	0.000000e+000	0.000000e+000	0.000000e+000	0.000000e+000	0.000000e+000	0.000000e+000	0.000000e+000	0.000000e+000	0.000000e+000	0.000000e+000	0.000000e+000	0.000000e+000	0.000000e+000	-2.530171e-098	-2.656984e+303	0.000000e+000	1.070098e-173	7.825307e-306	0.000000e+000	2.121996e-314	-7.845908e+298	4.266849e-001	9.044003e-001	-2.530171e-098	-2.656984e+303	0.000000e+000	1.070112e-173	7.826958e-306	
0.000000e+000	0.000000e+000	0.000000e+000	0.000000e+000	0.000000e+000	0.000000e+000	0.000000e+000	0.000000e+000	0.000000e+000	0.000000e+000	0.000000e+000	0.000000e+000	0.000000e+000	0.000000e+000	0.000000e+000	-2.530171e-098	-2.656984e+303	0.000000e+000	1.070098e-173	7.828392e-306	0.000000e+000	2.121996e-314	-7.845908e+298	9.981691e-001	6.048559e-002	-2.530171e-098	-2.656984e+303	0.000000e+000	1.070112e-173	7.830044e-306	
0.000000e+000	0.000000e+000	0.000000e+000	0.000000e+000	0.000000e+000	0.000000e+000	0.000000e+000	0.000000e+000	0.000000e+000	0.000000e+000	0.000000e+000	0.000000e+000	0.000000e+000	0.000000e+000	0.000000e+000	-2.530171e-098	-2.656984e+303	0.000000e+000	1.070098e-173	7.831478e-306	0.000000e+000	2.121996e-314	-7.845908e+298	8.120753e-001	5.835526e-001	-2.530171e-098	-2.656984e+303	0.000000e+000	1.070112e-173	7.833129e-306	
0.000000e+000	0.000000e+000	0.000000e+000	0.000000e+000	0.000000e+000	0.000000e+000	0.000000e+000	0.000000e+000	0.000000e+000	0.000000e+000	0.000000e+000	0.000000e+000	0.000000e+000	0.000000e+000	0.000000e+000	-2.530171e-098	-2.656984e+303	0.000000e+000	1.120638e-173	7.834563e-306	0.000000e+000	2.121996e-314	-7.845908e+298	7.902597e-001	6.127721e-001	-2.530171e-098	-2.656984e+303	0.000000e+000	1.120652e-173	7.836215e-306	
0.000000e+000	0.000000e+000	0.000000e+000	0.000000e+000	0.000000e+000	0.000000e+000	0.000000e+000	0.000000e+000	0.000000e+000	0.000000e+000	0.000000e+000	0.000000e+000	0.000000e+000	0.000000e+000	0.000000e+000	-2.530171e-098	-2.656984e+303	0.000000e+000	1.120638e-173	7.837649e-306	0.000000e+000	2.121996e-314	-7.845908e+298	5.726282e-001	8.198152e-001	-2.530171e-098	-2.656984e+303	0.000000e+000	1.120652e-173	7.839300e-306	
0.000000e+000	0.000000e+000	0.000000e+000	0.000000e+000	0.000000e+000	0.000000e+000	0.000000e+000	0.000000e+000	0.000000e+000	0.000000e+000	0.000000e+000	0.000000e+000	0.000000e+000	0.000000e+000	0.000000e+000	-2.530171e-098	-2.656984e+303	0.000000e+000	1.120638e-173	7.840734e-306	0.000000e+000	2.121996e-314	-7.845908e+298	6.837859e-002	9.976594e-001	-2.530171e-098	-2.656984e+303	0.000000e+000	1.120652e-173	7.842386e-306	
0.000000e+000	0.000000e+000	0.000000e+000	0.000000e+000	0.000000e+000	0.000000e+000	0.000000e+000	0.000000e+000	0.000000e+000	0.000000e+000	0.000000e+000	0.000000e+000	0.000000e+000	0.000000e+000	0.000000e+000	-2.530171e-098	-2.656984e+303	0.000000e+000	1.120638e-173	7.843820e-306	0.000000e+000	2.121996e-314	-7.845908e+298	6.960649e-001	7.179789e-001	-2.530171e-098	-2.656984e+303	0.000000e+000	1.120652e-173	7.845471e-306	
0.000000e+000	0.000000e+000	0.000000e+000	0.000000e+000	0.000000e+000	0.000000e+000	0.000000e+000	0.000000e+000	0.000000e+000	0.000000e+000	0.000000e+000	0.000000e+000	0.000000e+000	0.000000e+000	0.000000e+000	-2.530171e-098	-2.656984e+303	0.000000e+000	1.120638e-173	7.846906e-306	0.000000e+000	2.121996e-314	-7.845908e+298	9.756644e-001	2.192693e-001	-2.530171e-098	-2.656984e+303	0.000000e+000	1.120652e-173	7.848557e-306	
0.000000e+000	0.000000e+000	0.000000e+000	0.000000e+000	0.000000e+000	0.000000e+000	0.000000e+000	0.000000e+000	0.000000e+000	0.000000e+000	0.000000e+000	0.000000e+000	0.000000e+000	0.000000e+000	0.000000e+000	-2.530171e-098	-2.656984e+303	0.000000e+000	1.120638e-173	7.849991e-306	0.000000e+000	2.121996e-314	-7.845908e+298	8.654585e-001	5.009806e-001	-2.530171e-098	-2.656984e+303	0.000000e+000	1.120652e-173	7.851642e-306	
0.000000e+000	0.000000e+000	0.000000e+000	0.000000e+000	0.000000e+000	0.000000e+000	0.000000e+000	0.000000e+000	0.000000e+000	0.000000e+000	0.000000e+000	0.000000e+000	0.000000e+000	0.000000e+000	0.000000e+000	-2.530171e-098	-2.656984e+303	0.000000e+000	1.120638e-173	7.853077e-306	0.000000e+000	2.121996e-314	-7.845908e+298	2.912413e-001	9.566496e-001	-2.530171e-098	-2.656984e+303	0.000000e+000	1.120652e-173	7.854728e-306	
0.000000e+000	0.000000e+000	0.000000e+000	0.000000e+000	0.000000e+000	0.000000e+000	0.000000e+000	0.000000e+000	0.000000e+000	0.000000e+000	0.000000e+000	0.000000e+000	0.000000e+000	0.000000e+000	0.000000e+000	-2.530171e-098	-2.656984e+303	0.000000e+000	1.120638e-173	7.856162e-306	0.000000e+000	2.121996e-314	-7.845908e+298	2.273347e-001	9.738167e-001	-2.530171e-098	-2.656984e+303	0.000000e+000	1.120652e-173	7.857814e-306	
0.000000e+000	0.000000e+000	0.000000e+000	0.000000e+000	0.000000e+000	0.000000e+000	0.000000e+000	0.000000e+000	0.000000e+000	0.000000e+000	0.000000e+000	0.000000e+000	0.000000e+000	0.000000e+000	0.000000e+000	-2.530171e-098	-2.656984e+303	0.000000e+000	1.120638e-173	7.859248e-306	0.000000e+000	2.121996e-314	-7.845908e+298	5.996692e-001	8.002480e-001	-2.530171e-098	-2.656984e+303	0.000000e+000	1.120652e-173	7.860899e-306	
0.000000e+000	0.000000e+000	0.000000e+000	0.000000e+000	0.000000e+000	0.000000e+000	0.000000e+000	0.000000e+000	0.000000e+000	0.000000e+000	0.000000e+000	0.000000e+000	0.000000e+000	0.000000e+000	0.000000e+000	-2.530171e-098	-2.656984e+303	0.000000e+000	1.120638e-173	7.862333e-306	0.000000e+000	2.121996e-314	-7.845908e+298	4.504657e-001	8.927937e-001	-2.530171e-098	-2.656984e+303	0.000000e+000	1.120652e-173	7.863985e-306	
0.000000e+000	0.000000e+000	0.000000e+000	0.000000e+000	0.000000e+000	0.000000e+000	0.000000e+000	0.000000e+000	0.000000e+000	0.000000e+000	0.000000e+000	0.000000e+000	0.000000e+000	0.000000e+000	0.000000e+000	-2.530171e-098	-2.656984e+303	0.000000e+000	1.120638e-173	7.865419e-306	0.000000e+000	2.121996e-314	-7.845908e+298	7.180471e-001	6.959945e-001	-2.530171e-098	-2.656984e+303	0.000000e+000	1.120652e-173	7.867070e-306	
0.000000e+000	0.000000e+000	0.000000e+000	0.000000e+000	0.000000e+000	0.000000e+000	0.000000e+000	0.000000e+000	0.000000e+000	0.000000e+000	0.000000e+000	0.000000e+000	0.000000e+000	0.000000e+000	0.000000e+000	-2.530171e-098	-2.656984e+303	0.000000e+000	1.120638e-173	7.868504e-306	0.000000e+000	2.121996e-314	-7.845908e+298	3.228541e-001	9.464487e-001	-2.530171e-098	-2.656984e+303	0.000000e+000	1.120652e-173	7.870156e-306	
0.000000e+000	0.000000e+000	0.000000e+000	0.000000e+000	0.000000e+000	0.000000e+000	0.000000e+000	0.000000e+000	0.000000e+000	0.000000e+000	0.000000e+000	0.000000e+000	0.000000e+000	0.000000e+000	0.000000e+000	-2.530171e-098	-2.656984e+303	0.000000e+000	1.120638e-173	7.871590e-306	0.000000e+000	2.121996e-314	-7.845908e+298	7.423326e-001	6.700315e-001	-2.530171e-098	-2.656984e+303	0.000000e+000	1.120652e-173	7.873241e-306	
0.000000e+000	0.000000e+000	0.000000e+000	0.000000e+000	0.000000e+000	0.000000e+000	0.000000e+000	0.000000e+000	0.000000e+000	0.000000e+000	0.000000e+000	0.000000e+000	0.000000e+000	0.000000e+000	0.000000e+000	-2.530171e-098	-2.656984e+303	0.000000e+000	1.120638e-173	7.874675e-306	0.000000e+000	2.121996e-314	-7.845908e+298	4.903904e-001	8.715029e-001	-2.530171e-098	-2.656984e+303	0.000000e+000	1.120652e-173	7.876327e-306	
0.000000e+000	0.000000e+000	0.000000e+000	0.000000e+000	0.000000e+000	0.000000e+000	0.000000e+000	0.000000e+000	0.000000e+000	0.000000e+000	0.000000e+000	0.000000e+000	0.000000e+000	0.000000e+000	0.000000e+000	-2.530171e-098	-2.656984e+303	0.000000e+000	1.120638e-173	7.877761e-306	0.000000e+000	2.121996e-314	-7.845908e+298	9.893144e-001	1.457978e-001	-2.530171e-098	-2.656984e+303	0.000000e+000	1.120652e-173	7.879412e-306	
0.000000e+000	0.000000e+000	0.000000e+000	0.000000e+000	0.000000e+000	0.000000e+000	0.000000e+000	0.000000e+000	0.000000e+000	0.000000e+000	0.000000e+000	0.000000e+000	0.000000e+000	0.000000e+000	0.000000e+000	-2.530171e-098	-2.656984e+303	0.000000e+000	1.120638e-173	7.880847e-306	0.000000e+000	2.121996e-314	-7.845908e+298	5.362673e-001	8.440482e-001	-2.530171e-098	-2.656984e+303	0.000000e+000	1.120652e-173	7.882498e-306	
0.000000e+000	0.000000e+000	0.000000e+000	0.000000e+000	0.000000e+000	0.000000e+000	0.000000e+000	0.000000e+000	0.000000e+000	0.000000e+000	0.000000e+000	0.000000e+000	0.000000e+000	0.000000e+000	0.000000e+000	-2.530171e-098	-2.656984e+303	0.000000e+000	1.120638e-173	7.883932e-306	0.000000e+000	2.121996e-314	-7.845908e+298	3.956995e-001	9.183801e-001	-2.530171e-098	-2.656984e+303	0.000000e+000	1.120652e-173	7.885584e-306	
0.000000e+000	0.000000e+000	0.000000e+000	0.000000e+000	0.000000e+000	0.000000e+000	0.000000e+000	0.000000e+000	0.000000e+000	0.000000e+000	0.000000e+000	0.000000e+000	0.000000e+000	0.000000e+000	0.000000e+000	-2.530171e-098	-2.656984e+303	0.000000e+000	1.120638e-173	7.887018e-306	0.000000e+000	2.121996e-314	-7.845908e+298	1.907931e-001	9.816303e-001	-2.530171e-098	-2.656984e+303	0.000000e+000	1.120652e-173	7.888669e-306	
0.000000e+000	0.000000e+000	0.000000e+000	0.000000e+000	0.000000e+000	0.000000e+000	0.000000e+000	0.000000e+000	0.000000e+000	0.000000e+000	0.000000e+000	0.000000e+000	0.000000e+000	0.000000e+000	0.000000e+000	-2.530171e-098	-2.656984e+303	0.000000e+000	1.120638e-173	7.890103e-306	0.000000e+000	2.121996e-314	-7.845908e+298	8.987890e-001	4.383815e-001	-2.530171e-098	-2.656984e+303	0.000000e+000	1.120652e-173	7.891755e-306	
0.000000e+000	0.000000e+000	0.000000e+000	0.000000e+000	0.000000e+000	0.000000e+000	0.000000e+000	0.000000e+000	0.000000e+000	0.000000e+000	0.000000e+000	0.000000e+000	0.000000e+000	0.000000e+000	0.000000e+000	-2.530171e-098	-2.656984e+303	0.000000e+000	1.120638e-173	7.893189e-306	0.000000e+000	2.121996e-314	-7.845908e+298	9.540511e-001	2.996439e-001	-2.530171e-098	-2.656984e+303	0.000000e+000	1.120652e-173	7.894840e-306	
0.000000e+000	0.000000e+000	0.000000e+000	0.000000e+000	0.000000e+000	0.000000e+000	0.000000e+000	0.000000e+000	0.000000e+000	0.000000e+000	0.000000e+000	0.000000e+000	0.000000e+000	0.000000e+000	0.000000e+000	-2.530171e-098	-2.656984e+303	0.000000e+000	1.120638e-173	7.896274e-306	0.000000e+000	2.121996e-314	-7.845908e+298	6.123234e-017	1.000000e+000	-2.530171e-098	-2.656984e+303	0.000000e+000	1.120652e-173	7.897926e-306	
0.000000e+000	0.000000e+000	0.000000e+000	0.000000e+000	0.000000e+000	0.000000e+000	0.000000e+000	0.000000e+000	0.000000e+000	0.000000e+000	0.000000e+000	0.000000e+000	0.000000e+000	0.000000e+000	0.000000e+000	-2.530171e-098	-2.656984e+303	0.000000e+000	1.120638e-173	7.899360e-306	0.000000e+000	2.121996e-314	-7.845908e+298	1.524040e-001	9.883183e-001	-2.530171e-098	-2.656984e+303	0.000000e+000	1.120652e-173	7.901011e-306	
0.000000e+000	0.000000e+000	0.000000e+000	0.000000e+000	0.000000e+000	0.000000e+000	8.248187e-001	0.000000e+000	0.000000e+000	0.000000e+000	0.000000e+000	0.000000e+000	0.000000e+000	0.000000e+000	0.000000e+000	-2.530171e-098	-2.656984e+303	0.000000e+000	1.120638e-173	7.902445e-306	0.000000e+000	2.121996e-314	-7.845908e+298	2.717145e-001	9.623779e-001	-2.530171e-098	-2.656984e+303	0.000000e+000	1.120652e-173	7.904097e-306	
0.000000e+000	0.000000e+000	0.000000e+000	0.000000e+000	0.000000e+000	0.000000e+000	1.937357e-001	0.000000e+000	0.000000e+000	0.000000e+000	0.000000e+000	0.000000e+000	0.000000e+000	0.000000e+000	0.000000e+000	-2.530171e-098	-2.656984e+303	0.000000e+000	1.120638e-173	7.905531e-306	0.000000e+000	2.121996e-314	-7.845908e+298	9.540511e-001	2.996439e-001	-2.530171e-098	-2.656984e+303	0.000000e+000	1.120652e-173	7.907182e-306	
0.000000e+000	0.000000e+000	0.000000e+000	0.000000e+000	0.000000e+000	0.000000e+000	9.240529e-001	0.000000e+000	0.000000e+000	0.000000e+000	0.000000e+000	0.000000e+000	0.000000e+000	0.000000e+000	0.000000e+000	-2.530171e-098	-2.656984e+303	0.000000e+000	1.120638e-173	7.908617e-306	0.000000e+000	2.121996e-314	-7.845908e+298	1.190146e-001	9.928925e-001	-2.530171e-098	-2.656984e+303	0.000000e+000	1.120652e-173	7.910268e-306	
0.000000e+000	0.000000e+000	0.000000e+000	0.000000e+000	0.000000e+000	0.000000e+000	9.717933e-002	0.000000e+000	0.000000e+000	0.000000e+000	0.000000e+000	0.000000e+000	0.000000e+000	0.000000e+000	0.000000e+000	-2.530171e-098	-2.656984e+303	0.000000e+000	1.120638e-173	7.911702e-306	0.000000e+000	2.121996e-314	-7.845908e+298	9.883718e-001	1.520568e-001	-2.530171e-098	-2.656984e+303	0.000000e+000	1.120652e-173	7.913354e-306	
0.000000e+000	0.000000e+000	0.000000e+000	0.000000e+000	0.000000e+000	0.000000e+000	7.880285e-001	0.000000e+000	0.000000e+000	0.000000e+000	0.000000e+000	0.000000e+000	0.000000e+000	0.000000e+000	0.000000e+000	-2.530171e-098	-2.656984e+303	0.000000e+000	1.120638e-173	7.914788e-306	0.000000e+000	2.121996e-314	-7.845908e+298	3.268457e-001	9.450777e-001	-2.530171e-098	-2.656984e+303	0.000000e+000	1.120652e-173	7.916439e-306	
0.000000e+000	0.000000e+000	0.000000e+000	0.000000e+000	0.000000e+000	0.000000e+000	9.564348e-001	0.000000e+000	0.000000e+000	0.000000e+000	0.000000e+000	0.000000e+000	0.000000e+000	0.000000e+000	0.000000e+000	-2.530171e-098	-2.656984e+303	0.000000e+000	1.120638e-173	7.917873e-306	0.000000e+000	2.121996e-314	-7.845908e+298	6.837859e-002	9.976594e-001	-2.530171e-098	-2.656984e+303	0.000000e+000	1.120652e-173	7.919525e-306	
0.000000e+000	0.000000e+000	0.000000e+000	0.000000e+000	0.000000e+000	0.000000e+000	8.492195e-001	0.000000e+000	0.000000e+000	0.000000e+000	0.000000e+000	0.000000e+000	0.000000e+000	0.000000e+000	0.000000e+000	-2.530171e-098	-2.656984e+303	0.000000e+000	1.120638e-173	7.920959e-306	0.000000e+000	2.121996e-314	-7.845908e+298	2.346374e-001	9.720830e-001	-2.530171e-098	-2.656984e+303	0.000000e+000	1.120652e-173	7.922610e-306	
0.000000e+000	0.000000e+000	0.000000e+000	0.000000e+000	0.000000e+000	0.000000e+000	1.000000e+000	0.000000e+000	0.000000e+000	0.000000e+000	0.000000e+000	0.000000e+000	0.000000e+000	0.000000e+000	0.000000e+000	-2.530171e-098	-2.656984e+303	0.000000e+000	1.120638e-173	7.924044e-306	0.000000e+000	2.121996e-314	-7.845908e+298	6.123234e-017	1.000000e+000	-2.530171e-098	-2.656984e+303	0.000000e+000	1.120652e-173	7.925696e-306	
0.000000e+000	0.000000e+000	0.000000e+000	0.000000e+000	0.000000e+000	0.000000e+000	3.500189e-001	0.000000e+000	0.000000e+000	0.000000e+000	0.000000e+000	0.000000e+000	0.000000e+000	0.000000e+000	0.000000e+000	-2.530171e-098	-2.656984e+303	0.000000e+000	1.120638e-173	7.927130e-306	0.000000e+000	2.121996e-314	-7.845908e+298	8.526246e-001	5.225239e-001	-2.530171e-098	-2.656984e+303	0.000000e+000	1.120652e-173	7.928781e-306	
0.000000e+000	0.000000e+000	0.000000e+000	0.000000e+000	0.000000e+000	0.000000e+000	6.765015e-001	0.000000e+000	0.000000e+000	0.000000e+000	0.000000e+000	0.000000e+000	0.000000e+000	0.000000e+000	0.000000e+000	-2.530171e-098	-2.656984e+303	0.000000e+000	1.120638e-173	7.930215e-306	0.000000e+000	2.121996e-314	-7.845908e+298	4.865621e-001	8.736460e-001	-2.530171e-098	-2.656984e+303	0.000000e+000	1.120652e-173	7.931867e-306	
0.000000e+000	0.000000e+000	0.000000e+000	0.000000e+000	0.000000e+000	0.000000e+000	6.585522e-002	0.000000e+000	0.000000e+000	0.000000e+000	0.000000e+000	0.000000e+000	0.000000e+000	0.000000e+000	0.000000e+000	-2.530171e-098	-2.656984e+303	0.000000e+000	1.120638e-173	7.933301e-306	0.000000e+000	2.121996e-314	-7.845908e+298	9.946543e-001	1.032608e-001	-2.530171e-098	-2.656984e+303	0.000000e+000	1.120652e-173	7.934952e-306	
0.000000e+000	0.000000e+000	0.000000e+000	0.000000e+000	0.000000e+000	0.000000e+000	2.514477e-002	0.000000e+000	0.000000e+000	0.000000e+000	0.000000e+000	0.000000e+000	0.000000e+000	0.000000e+000	0.000000e+000	-2.530171e-098	-2.656984e+303	0.000000e+000	1.120638e-173	7.936386e-306	0.000000e+000	2.121996e-314	-7.845908e+298	9.992201e-001	3.948705e-002	-2.530171e-098	-2.656984e+303	0.000000e+000	1.120652e-173	7.938038e-306	
0.000000e+000	0.000000e+000	0.000000e+000	0.000000e+000	0.000000e+000	0.000000e+000	4.949256e-001	0.000000e+000	0.000000e+000	0.000000e+000	0.000000e+000	0.000000e+000	0.000000e+000	0.000000e+000	0.000000e+000	-2.530171e-098	-2.656984e+303	0.000000e+000	1.120638e-173	7.939472e-306	0.000000e+000	2.121996e-314	-7.845908e+298	7.127205e-001	7.014481e-001	-2.530171e-098	-2.656984e+303	0.000000e+000	1.120652e-173	7.941123e-306	
0.000000e+000	0.000000e+000	0.000000e+000	0.000000e+000	0.000000e+000	0.000000e+000	7.193626e-001	0.000000e+000	0.000000e+000	0.000000e+000	0.000000e+000	0.000000e+000	0.000000e+000	0.000000e+000	0.000000e+000	-2.530171e-098	-2.656984e+303	0.000000e+000	1.120638e-173	7.942558e-306	0.000000e+000	2.121996e-314	-7.845908e+298	4.266849e-001	9.044003e-001	-2.530171e-098	-2.656984e+303	0.000000e+000	1.120652e-173	7.944209e-306	
0.000000e+000	0.000000e+000	0.000000e+000	0.000000e+000	0.000000e+000	0.000000e+000	4.228703e-001	0.000000e+000	0.000000e+000	0.000000e+000	0.000000e+000	0.000000e+000	0.000000e+000	0.000000e+000	0.000000e+000	-2.530171e-098	-2.656984e+303	0.000000e+000	1.120638e-173	7.945643e-306	0.000000e+000	2.121996e-314	-7.845908e+298	7.873836e-001	6.164633e-001	-2.530171e-098	-2.656984e+303	0.000000e+000	1.120652e-173	7.947295e-306	
0.000000e+000	0.000000e+000	0.000000e+000	0.000000e+000	0.000000e+000	0.000000e+000	5.184056e-001	0.000000e+000	0.000000e+000	0.000000e+000	0.000000e+000	0.000000e+000	0.000000e+000	0.000000e+000	0.000000e+000	-2.530171e-098	-2.656984e+303	0.000000e+000	1.120638e-173	7.948729e-306	0.000000e+000	2.121996e-314	-7.845908e+298	6.863706e-001	7.272519e-001	-2.530171e-098	-2.656984e+303	0.000000e+000	1.120652e-173	7.950380e-306	
0.000000e+000	0.000000e+000	0.000000e+000	0.000000e+000	0.000000e+000	0.000000e+000	6.598004e-001	0.000000e+000	0.000000e+000	0.000000e+000	0.000000e+000	0.000000e+000	0.000000e+000	0.000000e+000	0.000000e+000	-2.530171e-098	-2.656984e+303	0.000000e+000	1.120638e-173	7.951814e-306	0.000000e+000	2.121996e-314	-7.845908e+298	5.093113e-001	8.605824e-001	-2.530171e-098	-2.656984e+303	0.000000e+000	1.120652e-173	7.953466e-306	
0.000000e+000	0.000000e+000	0.000000e+000	0.000000e+000	0.000000e+000	0.000000e+000	1.675584e-001	0.000000e+000	0.000000e+000	0.000000e+000	0.000000e+000	0.000000e+000	0.000000e+000	0.000000e+000	0.000000e+000	-2.530171e-098	-2.656984e+303	0.000000e+000	1.120638e-173	7.954900e-306	0.000000e+000	2.121996e-314	-7.845908e+298	9.655623e-001	2.601718e-001	-2.530171e-098	-2.656984e+303	0.000000e+000	1.120652e-173	7.956551e-306	
0.000000e+000	0.000000e+000	0.000000e+000	0.000000e+000	0.000000e+000	0.000000e+000	5.459774e-001	0.000000e+000	0.000000e+000	0.000000e+000	0.000000e+000	0.000000e+000	0.000000e+000	0.000000e+000	0.000000e+000	-2.530171e-098	-2.656984e+303	0.000000e+000	1.120638e-173	7.957985e-306	0.000000e+000	2.121996e-314	-7.845908e+298	6.542398e-001	7.562872e-001	-2.530171e-098	-2.656984e+303	0.000000e+000	1.120652e-173	7.959637e-306	
0.000000e+000	0.000000e+000	0.000000e+000	0.000000e+000	0.000000e+000	0.000000e+000	8.807778e-001	0.000000e+000	0.000000e+000	0.000000e+000	0.000000e+000	0.000000e+000	0.000000e+000	0.000000e+000	0.000000e+000	-2.530171e-098	-2.656984e+303	0.000000e+000	1.120638e-173	7.961071e-306	0.000000e+000	2.121996e-314	-7.845908e+298	1.861810e-001	9.825155e-001	-2.530171e-098	-2.656984e+303	0.000000e+000	1.120652e-173	7.962722e-306	
0.000000e+000	0.000000e+000	0.000000e+000	0.000000e+000	0.000000e+000	0.000000e+000	5.905977e-001	0.000000e+000	0.000000e+000	0.000000e+000	0.000000e+000	0.000000e+000	0.000000e+000	0.000000e+000	0.000000e+000	-2.530171e-098	-2.656984e+303	0.000000e+000	1.120638e-173	7.964156e-306	0.000000e+000	2.121996e-314	-7.845908e+298	5.996692e-001	8.002480e-001	-2.530171e-098	-2.656984e+303	0.000000e+000	1.120652e-173	7.965808e-306	
0.000000e+000	0.000000e+000	0.000000e+000	0.000000e+000	0.000000e+000	0.000000e+000	2.378844e-001	0.000000e+000	0.000000e+000	0.000000e+000	0.000000e+000	0.000000e+000	0.000000e+000	0.000000e+000	0.000000e+000	-2.530171e-098	-2.656984e+303	0.000000e+000	1.120638e-173	7.967242e-306	0.000000e+000	2.121996e-314	-7.845908e+298	9.309947e-001	3.650327e-001	-2.530171e-098	-2.656984e+303	0.000000e+000	1.120652e-173	7.968893e-306	
0.000000e+000	0.000000e+000	0.000000e+000	0.000000e+000	0.000000e+000	0.000000e+000	3.117270e-001	0.000000e+000	0.000000e+000	0.000000e+000	0.000000e+000	0.000000e+000	0.000000e+000	0.000000e+000	0.000000e+000	-2.530171e-098	-2.656984e+303	0.000000e+000	1.120638e-173	7.970328e-306	0.000000e+000	2.121996e-314	-7.845908e+298	8.824930e-001	4.703255e-001	-2.530171e-098	-2.656984e+303	0.000000e+000	1.120652e-173	7.971979e-306	
0.000000e+000	0.000000e+000	0.000000e+000	0.000000e+000	0.000000e+000	0.000000e+000	6.045367e-001	0.000000e+000	0.000000e+000	0.000000e+000	0.000000e+000	0.000000e+000	0.000000e+000	0.000000e+000	0.000000e+000	-2.530171e-098	-2.656984e+303	0.000000e+000	1.120638e-173	7.973413e-306	0.000000e+000	2.121996e-314	-7.845908e+298	5.820052e-001	8.131851e-001	-2.530171e-098	-2.656984e+303	0.000000e+000	1.120652e-173	7.975065e-306	
0.000000e+000	0.000000e+000	0.000000e+000	0.000000e+000	0.000000e+000	0.000000e+000	2.611282e-001	0.000000e+000	0.000000e+000	0.000000e+000	0.000000e+000	0.000000e+000	0.000000e+000	0.000000e+000	0.000000e+000	-2.530171e-098	-2.656984e+303	0.000000e+000	1.120638e-173	7.976499e-306	0.000000e+000	2.121996e-314	-7.845908e+298	9.170494e-001	3.987737e-001	-2.530171e-098	-2.656984e+303	0.000000e+000	1.120652e-173	7.978150e-306	
0.000000e+000	0.000000e+000	0.000000e+000	0.000000e+000	0.000000e+000	0.000000e+000	7.025159e-001	0.000000e+000	0.000000e+000	0.000000e+000	0.000000e+000	0.000000e+000	0.000000e+000	0.000000e+000	0.000000e+000	-2.530171e-098	-2.656984e+303	0.000000e+000	1.120638e-173	7.979584e-306	0.000000e+000	2.121996e-314	-7.845908e+298	4.504657e-001	8.927937e-001	-2.530171e-098	-2.656984e+303	0.000000e+000	1.120652e-173	7.981236e-306	
0.000000e+000	0.000000e+000	0.000000e+000	0.000000e+000	0.000000e+000	0.000000e+000	2.151459e-001	0.000000e+000	0.000000e+000	0.000000e+000	0.000000e+000	0.000000e+000	0.000000e+000	0.000000e+000	0.000000e+000	-2.530171e-098	-2.656984e+303	0.000000e+000	1.120638e-173	7.982670e-306	0.000000e+000	2.121996e-314	-7.845908e+298	9.434362e-001	3.315541e-001	-2.530171e-098	-2.656984e+303	0.000000e+000	1.120652e-173	7.984321e-306	
0.000000e+000	0.000000e+000	0.000000e+000	0.000000e+000	0.000000e+000	0.000000e+000	7.406714e-001	0.000000e+000	0.000000e+000	0.000000e+000	0.000000e+000	0.000000e+000	0.000000e+000	0.000000e+000	0.000000e+000	-2.530171e-098	-2.656984e+303	0.000000e+000	1.120638e-173	7.985755e-306	0.000000e+000	2.121996e-314	-7.845908e+298	3.961797e-001	9.181730e-001	-2.530171e-098	-2.656984e+303	0.000000e+000	1.120652e-173	7.987407e-306	
0.000000e+000	0.000000e+000	0.000000e+000	0.000000e+000	0.000000e+000	0.000000e+000	7.602789e-001	0.000000e+000	0.000000e+000	0.000000e+000	0.000000e+000	0.000000e+000	0.000000e+000	0.000000e+000	0.000000e+000	-2.530171e-098	-2.656984e+303	0.000000e+000	1.120638e-173	7.988841e-306	0.000000e+000	2.121996e-314	-7.845908e+298	3.677172e-001	9.299377e-001	-2.530171e-098	-2.656984e+303	0.000000e+000	1.120652e-173	7.990492e-306	
0.000000e+000	0.000000e+000	0.000000e+000	0.000000e+000	0.000000e+000	0.000000e+000	9.133693e-001	0.000000e+000	0.000000e+000	0.000000e+000	0.000000e+000	0.000000e+000	0.000000e+000	0.000000e+000	0.000000e+000	-2.530171e-098	-2.656984e+303	0.000000e+000	1.120638e-173	7.991926e-306	0.000000e+000	2.121996e-314	-7.845908e+298	1.356596e-001	9.907555e-001	-2.530171e-098	-2.656984e+303	0.000000e+000	1.120652e-173	7.993578e-306	
0.000000e+000	0.000000e+000	0.000000e+000	0.000000e+000	0.000000e+000	0.000000e+000	0.000000e+000	0.000000e+000	0.000000e+000	0.000000e+000	0.000000e+000	0.000000e+000	0.000000e+000	0.000000e+000	0.000000e+000	-2.530171e-098	-2.656984e+303	0.000000e+000	1.120638e-173	7.995012e-306	0.000000e+000	2.121996e-314	-7.845908e+298	1.000000e+000	0.000000e+000	-2.530171e-098	-2.656984e+303	0.000000e+000	1.120652e-173	7.996663e-306	
0.000000e+000	0.000000e+000	0.000000e+000	0.000000e+000	0.000000e+000	0.000000e+000	3.299834e-001	0.000000e+000	0.000000e+000	0.000000e+000	0.000000e+000	0.000000e+000	0.000000e+000	0.000000e+000	0.000000e+000	-2.530171e-098	-2.656984e+303	0.000000e+000	1.120638e-173	7.998098e-306	0.000000e+000	2.121996e-314	-7.845908e+298	8.686444e-001	4.954360e-001	-2.530171e-098	-2.656984e+303	0.000000e+000	1.120652e-173	7.999749e-306	
0.000000e+000	0.000000e+000	0.000000e+000	0.000000e+000	0.000000e+000	0.000000e+000	1.407347e-001	0.000000e+000	0.000000e+000	0.000000e+000	0.000000e+000	0.000000e+000	0.000000e+000	0.000000e+000	0.000000e+000	-2.530171e-098	-2.656984e+303	0.000000e+000	1.120638e-173	8.001183e-306	0.000000e+000	2.121996e-314	-7.845908e+298	9.756644e-001	2.192693e-001	-2.530171e-098	-2.656984e+303	0.000000e+000	1.120652e-173	8.002835e-306	
0.000000e+000	0.000000e+000	0.000000e+000	0.000000e+000	0.000000e+000	0.000000e+000	4.674389e-001	0.000000e+000	0.000000e+000	0.000000e+000	0.000000e+000	0.000000e+000	0.000000e+000	0.000000e+000	0.000000e+000	-2.530171e-098	-2.656984e+303	0.000000e+000	1.120638e-173	8.004269e-306	0.000000e+000	2.121996e-314	-7.845908e+298	7.423326e-001	6.700315e-001	-2.530171e-098	-2.656984e+303	0.000000e+000	1.120652e-173	8.005920e-306	
0.000000e+000	0.000000e+000	0.000000e+000	0.000000e+000	0.000000e+000	0.000000e+000	2.921354e-001	0.000000e+000	0.000000e+000	0.000000e+000	0.000000e+000	0.000000e+000	0.000000e+000	0.000000e+000	0.000000e+000	-2.530171e-098	-2.656984e+303	0.000000e+000	1.120638e-173	8.007354e-306	0.000000e+000	2.121996e-314	-7.845908e+298	8.965468e-001	4.429489e-001	-2.530171e-098	-2.656984e+303	0.000000e+000	1.120652e-173	8.009006e-306	
0.000000e+000	0.000000e+000	0.000000e+000	0.000000e+000	0.000000e+000	0.000000e+000	4.432915e-001	0.000000e+000	0.000000e+000	0.000000e+000	0.000000e+000	0.000000e+000	0.000000e+000	0.000000e+000	0.000000e+000	-2.530171e-098	-2.656984e+303	0.000000e+000	1.120638e-173	8.010440e-306	0.000000e+000	2.121996e-314	-7.845908e+298	7.672073e-001	6.413993e-001	-2.530171e-098	-2.656984e+303	0.000000e+000	1.120652e-173	8.012091e-306	
0.000000e+000	0.000000e+000	0.000000e+000	0.000000e+000	0.000000e+000	0.000000e+000	6.259211e-001	0.000000e+000	0.000000e+000	0.000000e+000	0.000000e+000	0.000000e+000	0.000000e+000	0.000000e+000	0.000000e+000	-2.530171e-098	-2.656984e+303	0.000000e+000	1.120638e-173	8.013525e-306	0.000000e+000	2.121996e-314	-7.845908e+298	5.543667e-001	8.322725e-001	-2.530171e-098	-2.656984e+303	0.000000e+000	1.120652e-173	8.015177e-306	
0.000000e+000	0.000000e+000	0.000000e+000	0.000000e+000	0.000000e+000	0.000000e+000	1.167441e-001	0.000000e+000	0.000000e+000	0.000000e+000	0.000000e+000	0.000000e+000	0.000000e+000	0.000000e+000	0.000000e+000	-2.530171e-098	-2.656984e+303	0.000000e+000	1.120638e-173	8.016611e-306	0.000000e+000	2.121996e-314	-7.845908e+298	9.832327e-001	1.823551e-001	-2.530171e-098	-2.656984e+303	0.000000e+000	1.120652e-173	8.018262e-306	
0.000000e+000	0.000000e+000	0.000000e+000	0.000000e+000	0.000000e+000	0.000000e+000	3.966756e-001	0.000000e+000	0.000000e+000	0.000000e+000	0.000000e+000	0.000000e+000	0.000000e+000	0.000000e+000	0.000000e+000	-2.530171e-098	-2.656984e+303	0.000000e+000	1.120638e-173	8.019696e-306	0.000000e+000	2.121996e-314	-7.845908e+298	8.120753e-001	5.835526e-001	-2.530171e-098	-2.656984e+303	0.000000e+000	1.120652e-173	8.021348e-306	
0.000000e+000	0.000000e+000	0.000000e+000	0.000000e+000	0.000000e+000	0.000000e+000	5.650085e-001	0.000000e+000	0.000000e+000	0.000000e+000	0.000000e+000	0.000000e+000	0.000000e+000	0.000000e+000	0.000000e+000	-2.530171e-098	-2.656984e+303	0.000000e+000	1.120638e-173	8.022782e-306	0.000000e+000	2.121996e-314	-7.845908e+298	6.313425e-001	7.755041e-001	-2.530171e-098	-2.656984e+303	0.000000e+000	1.120652e-173	8.024433e-306	
