0.000000e+000	0.000000e+000	0.000000e+000	0.000000e+000	0.000000e+000	0.000000e+000	0.000000e+000	0.000000e+000	0.000000e+000	0.000000e+000	0.000000e+000	0.000000e+000	0.000000e+000	0.000000e+000	0.000000e+000	-2.530171e-098	-2.656984e+303	0.000000e+000	1.171177e-173	8.322776e-306	0.000000e+000	2.121996e-314	-7.845908e+298	4.722502e-001	8.814646e-001	-2.530171e-098	-2.656984e+303	0.000000e+000	1.171192e-173	8.324427e-306	
0.000000e+000	0.000000e+000	0.000000e+000	0.000000e+000	0.000000e+000	0.000000e+000	0.000000e+000	0.000000e+000	0.000000e+000	0.000000e+000	0.000000e+000	0.000000e+000	0.000000e+000	0.000000e+000	0.000000e+000	-2.530171e-098	-2.656984e+303	0.000000e+000	1.171177e-173	8.325861e-306	0.000000e+000	2.121996e-314	-7.845908e+298	7.991468e-001	6.011360e-001	-2.530171e-098	-2.656984e+303	0.000000e+000	1.171192e-173	8.327513e-306	
0.000000e+000	0.000000e+000	0.000000e+000	0.000000e+000	0.000000e+000	0.000000e+000	0.000000e+000	0.000000e+000	0.000000e+000	0.000000e+000	0.000000e+000	0.000000e+000	0.000000e+000	0.000000e+000	0.000000e+000	-2.530171e-098	-2.656984e+303	0.000000e+000	1.171177e-173	8.328947e-306	0.000000e+000	2.121996e-314	-7.845908e+298	6.000181e-001	7.999864e-001	-2.530171e-098	-2.656984e+303	0.000000e+000	1.171192e-173	8.330598e-306	
0.000000e+000	0.000000e+000	0.000000e+000	0.000000e+000	0.000000e+000	0.000000e+000	0.000000e+000	0.000000e+000	0.000000e+000	0.000000e+000	0.000000e+000	0.000000e+000	0.000000e+000	0.000000e+000	0.000000e+000	-2.530171e-098	-2.656984e+303	0.000000e+000	1.171177e-173	8.332032e-306	0.000000e+000	2.121996e-314	-7.845908e+298	8.816513e-001	4.719015e-001	-2.530171e-098	-2.656984e+303	0.000000e+000	1.171192e-173	8.333684e-306	
0.000000e+000	0.000000e+000	0.000000e+000	0.000000e+000	0.000000e+000	0.000000e+000	0.000000e+000	0.000000e+000	0.000000e+000	0.000000e+000	0.000000e+000	0.000000e+000	0.000000e+000	0.000000e+000	0.000000e+000	-2.530171e-098	-2.656984e+303	0.000000e+000	1.171177e-173	8.335118e-306	0.000000e+000	2.121996e-314	-7.845908e+298	2.499271e-001	9.682647e-001	-2.530171e-098	-2.656984e+303	0.000000e+000	1.171192e-173	8.336769e-306	
0.000000e+000	0.000000e+000	0.000000e+000	0.000000e+000	0.000000e+000	0.000000e+000	0.000000e+000	0.000000e+000	0.000000e+000	0.000000e+000	0.000000e+000	0.000000e+000	0.000000e+000	0.000000e+000	0.000000e+000	-2.530171e-098	-2.656984e+303	0.000000e+000	1.171177e-173	8.338204e-306	0.000000e+000	2.121996e-314	-7.845908e+298	5.141850e-001	8.576793e-001	-2.530171e-098	-2.656984e+303	0.000000e+000	1.171192e-173	8.339855e-306	
0.000000e+000	0.000000e+000	0.000000e+000	0.000000e+000	0.000000e+000	0.000000e+000	0.000000e+000	0.000000e+000	0.000000e+000	0.000000e+000	0.000000e+000	0.000000e+000	0.000000e+000	0.000000e+000	0.000000e+000	-2.530171e-098	-2.656984e+303	0.000000e+000	1.171177e-173	8.341289e-306	0.000000e+000	2.121996e-314	-7.845908e+298	2.142952e-001	9.767689e-001	-2.530171e-098	-2.656984e+303	0.000000e+000	1.171192e-173	8.342941e-306	
0.000000e+000	0.000000e+000	0.000000e+000	0.000000e+000	0.000000e+000	0.000000e+000	0.000000e+000	0.000000e+000	0.000000e+000	0.000000e+000	0.000000e+000	0.000000e+000	0.000000e+000	0.000000e+000	0.000000e+000	-2.530171e-098	-2.656984e+303	0.000000e+000	1.171177e-173	8.344375e-306	0.000000e+000	2.121996e-314	-7.845908e+298	8.616678e-001	5.074728e-001	-2.530171e-098	-2.656984e+303	0.000000e+000	1.171192e-173	8.346026e-306	
0.000000e+000	0.000000e+000	0.000000e+000	0.000000e+000	0.000000e+000	0.000000e+000	0.000000e+000	0.000000e+000	0.000000e+000	0.000000e+000	0.000000e+000	0.000000e+000	0.000000e+000	0.000000e+000	0.000000e+000	-2.530171e-098	-2.656984e+303	0.000000e+000	1.171177e-173	8.347460e-306	0.000000e+000	2.121996e-314	-7.845908e+298	8.407221e-001	5.414669e-001	-2.530171e-098	-2.656984e+303	0.000000e+000	1.171192e-173	8.349112e-306	
0.000000e+000	0.000000e+000	0.000000e+000	0.000000e+000	0.000000e+000	0.000000e+000	0.000000e+000	0.000000e+000	0.000000e+000	0.000000e+000	0.000000e+000	0.000000e+000	0.000000e+000	0.000000e+000	0.000000e+000	-2.530171e-098	-2.656984e+303	0.000000e+000	1.171177e-173	8.350546e-306	0.000000e+000	2.121996e-314	-7.845908e+298	5.719283e-001	8.203036e-001	-2.530171e-098	-2.656984e+303	0.000000e+000	1.171192e-173	8.352197e-306	
0.000000e+000	0.000000e+000	0.000000e+000	0.000000e+000	0.000000e+000	0.000000e+000	0.000000e+000	0.000000e+000	0.000000e+000	0.000000e+000	0.000000e+000	0.000000e+000	0.000000e+000	0.000000e+000	0.000000e+000	-2.530171e-098	-2.656984e+303	0.000000e+000	1.171177e-173	8.353631e-306	0.000000e+000	2.121996e-314	-7.845908e+298	7.056535e-001	7.085571e-001	-2.530171e-098	-2.656984e+303	0.000000e+000	1.171192e-173	8.355283e-306	
0.000000e+000	0.000000e+000	0.000000e+000	0.000000e+000	0.000000e+000	0.000000e+000	0.000000e+000	0.000000e+000	0.000000e+000	0.000000e+000	0.000000e+000	0.000000e+000	0.000000e+000	0.000000e+000	0.000000e+000	-2.530171e-098	-2.656984e+303	0.000000e+000	1.171177e-173	8.356717e-306	0.000000e+000	2.121996e-314	-7.845908e+298	6.749214e-001	7.378896e-001	-2.530171e-098	-2.656984e+303	0.000000e+000	1.171192e-173	8.358368e-306	
0.000000e+000	0.000000e+000	0.000000e+000	0.000000e+000	0.000000e+000	0.000000e+000	0.000000e+000	0.000000e+000	0.000000e+000	0.000000e+000	0.000000e+000	0.000000e+000	0.000000e+000	0.000000e+000	0.000000e+000	-2.530171e-098	-2.656984e+303	0.000000e+000	1.171177e-173	8.359802e-306	0.000000e+000	2.121996e-314	-7.845908e+298	1.000000e+000	0.000000e+000	-2.530171e-098	-2.656984e+303	0.000000e+000	1.171192e-173	8.361454e-306	
0.000000e+000	0.000000e+000	0.000000e+000	0.000000e+000	0.000000e+000	0.000000e+000	0.000000e+000	0.000000e+000	0.000000e+000	0.000000e+000	0.000000e+000	0.000000e+000	0.000000e+000	0.000000e+000	0.000000e+000	-2.530171e-098	-2.656984e+303	0.000000e+000	1.171177e-173	8.362888e-306	0.000000e+000	2.121996e-314	-7.845908e+298	9.769970e-001	2.132529e-001	-2.530171e-098	-2.656984e+303	0.000000e+000	1.171192e-173	8.364539e-306	
0.000000e+000	0.000000e+000	0.000000e+000	0.000000e+000	0.000000e+000	0.000000e+000	0.000000e+000	0.000000e+000	0.000000e+000	0.000000e+000	0.000000e+000	0.000000e+000	0.000000e+000	0.000000e+000	0.000000e+000	-2.530171e-098	-2.656984e+303	0.000000e+000	1.171177e-173	8.365974e-306	0.000000e+000	2.121996e-314	-7.845908e+298	6.123234e-017	1.000000e+000	-2.530171e-098	-2.656984e+303	0.000000e+000	1.171192e-173	8.367625e-306	
0.000000e+000	0.000000e+000	0.000000e+000	0.000000e+000	0.000000e+000	0.000000e+000	0.000000e+000	0.000000e+000	0.000000e+000	0.000000e+000	0.000000e+000	0.000000e+000	0.000000e+000	0.000000e+000	0.000000e+000	-2.530171e-098	-2.656984e+303	0.000000e+000	1.171177e-173	8.369059e-306	0.000000e+000	2.121996e-314	-7.845908e+298	1.000000e+000	0.000000e+000	-2.530171e-098	-2.656984e+303	0.000000e+000	1.171192e-173	8.370710e-306	
0.000000e+000	0.000000e+000	0.000000e+000	0.000000e+000	0.000000e+000	0.000000e+000	0.000000e+000	0.000000e+000	0.000000e+000	0.000000e+000	0.000000e+000	0.000000e+000	0.000000e+000	0.000000e+000	0.000000e+000	-2.530171e-098	-2.656984e+303	0.000000e+000	1.171177e-173	8.372145e-306	0.000000e+000	2.121996e-314	-7.845908e+298	9.954068e-001	9.573513e-002	-2.530171e-098	-2.656984e+303	0.000000e+000	1.171192e-173	8.373796e-306	
0.000000e+000	0.000000e+000	0.000000e+000	0.000000e+000	0.000000e+000	0.000000e+000	0.000000e+000	0.000000e+000	0.000000e+000	0.000000e+000	0.000000e+000	0.000000e+000	0.000000e+000	0.000000e+000	0.000000e+000	-2.530171e-098	-2.656984e+303	0.000000e+000	1.171177e-173	8.375230e-306	0.000000e+000	2.121996e-314	-7.845908e+298	6.499247e-001	7.599986e-001	-2.530171e-098	-2.656984e+303	0.000000e+000	1.171192e-173	8.376882e-306	
0.000000e+000	0.000000e+000	0.000000e+000	0.000000e+000	0.000000e+000	0.000000e+000	0.000000e+000	0.000000e+000	0.000000e+000	0.000000e+000	0.000000e+000	0.000000e+000	0.000000e+000	0.000000e+000	0.000000e+000	-2.530171e-098	-2.656984e+303	0.000000e+000	1.171177e-173	8.378316e-306	0.000000e+000	2.121996e-314	-7.845908e+298	5.705816e-002	9.983709e-001	-2.530171e-098	-2.656984e+303	0.000000e+000	1.171192e-173	8.379967e-306	
0.000000e+000	0.000000e+000	0.000000e+000	0.000000e+000	0.000000e+000	0.000000e+000	0.000000e+000	0.000000e+000	0.000000e+000	0.000000e+000	0.000000e+000	0.000000e+000	0.000000e+000	0.000000e+000	0.000000e+000	-2.530171e-098	-2.656984e+303	0.000000e+000	1.171177e-173	8.381401e-306	0.000000e+000	2.121996e-314	-7.845908e+298	1.406050e-001	9.900658e-001	-2.530171e-098	-2.656984e+303	0.000000e+000	1.171192e-173	8.383053e-306	
0.000000e+000	0.000000e+000	0.000000e+000	0.000000e+000	0.000000e+000	0.000000e+000	0.000000e+000	0.000000e+000	0.000000e+000	0.000000e+000	0.000000e+000	0.000000e+000	0.000000e+000	0.000000e+000	0.000000e+000	-2.530171e-098	-2.656984e+303	0.000000e+000	1.171177e-173	8.384487e-306	0.000000e+000	2.121996e-314	-7.845908e+298	3.617562e-001	9.322727e-001	-2.530171e-098	-2.656984e+303	0.000000e+000	1.171192e-173	8.386138e-306	
0.000000e+000	0.000000e+000	0.000000e+000	0.000000e+000	0.000000e+000	0.000000e+000	0.000000e+000	0.000000e+000	0.000000e+000	0.000000e+000	0.000000e+000	0.000000e+000	0.000000e+000	0.000000e+000	0.000000e+000	-2.530171e-098	-2.656984e+303	0.000000e+000	1.171177e-173	8.387572e-306	0.000000e+000	2.121996e-314	-7.845908e+298	9.680006e-001	2.509477e-001	-2.530171e-098	-2.656984e+303	0.000000e+000	1.171192e-173	8.389224e-306	
0.000000e+000	0.000000e+000	0.000000e+000	0.000000e+000	0.000000e+000	0.000000e+000	0.000000e+000	0.000000e+000	0.000000e+000	0.000000e+000	0.000000e+000	0.000000e+000	0.000000e+000	0.000000e+000	0.000000e+000	-2.530171e-098	-2.656984e+303	0.000000e+000	1.171177e-173	8.390658e-306	0.000000e+000	2.121996e-314	-7.845908e+298	9.841783e-001	1.771810e-001	-2.530171e-098	-2.656984e+303	0.000000e+000	1.171192e-173	8.392309e-306	
0.000000e+000	0.000000e+000	0.000000e+000	0.000000e+000	0.000000e+000	0.000000e+000	0.000000e+000	0.000000e+000	0.000000e+000	0.000000e+000	0.000000e+000	0.000000e+000	0.000000e+000	0.000000e+000	0.000000e+000	-2.530171e-098	-2.656984e+303	0.000000e+000	1.171177e-173	8.393743e-306	0.000000e+000	2.121996e-314	-7.845908e+298	9.000304e-001	4.358272e-001	-2.530171e-098	-2.656984e+303	0.000000e+000	1.171192e-173	8.395395e-306	
0.000000e+000	0.000000e+000	0.000000e+000	0.000000e+000	0.000000e+000	0.000000e+000	0.000000e+000	0.000000e+000	0.000000e+000	0.000000e+000	0.000000e+000	0.000000e+000	0.000000e+000	0.000000e+000	0.000000e+000	-2.530171e-098	-2.656984e+303	0.000000e+000	1.171177e-173	8.396829e-306	0.000000e+000	2.121996e-314	-7.845908e+298	9.299337e-001	3.677273e-001	-2.530171e-098	-2.656984e+303	0.000000e+000	1.171192e-173	8.398480e-306	
0.000000e+000	0.000000e+000	0.000000e+000	0.000000e+000	0.000000e+000	0.000000e+000	0.000000e+000	0.000000e+000	0.000000e+000	0.000000e+000	0.000000e+000	0.000000e+000	0.000000e+000	0.000000e+000	0.000000e+000	-2.530171e-098	-2.656984e+303	0.000000e+000	1.171177e-173	8.399915e-306	0.000000e+000	2.121996e-314	-7.845908e+298	7.830955e-001	6.219014e-001	-2.530171e-098	-2.656984e+303	0.000000e+000	1.171192e-173	8.401566e-306	
0.000000e+000	0.000000e+000	0.000000e+000	0.000000e+000	0.000000e+000	0.000000e+000	0.000000e+000	0.000000e+000	0.000000e+000	0.000000e+000	0.000000e+000	0.000000e+000	0.000000e+000	0.000000e+000	0.000000e+000	-2.530171e-098	-2.656984e+303	0.000000e+000	1.171177e-173	8.403000e-306	0.000000e+000	2.121996e-314	-7.845908e+298	7.681359e-001	6.402868e-001	-2.530171e-098	-2.656984e+303	0.000000e+000	1.171192e-173	8.404652e-306	
0.000000e+000	0.000000e+000	0.000000e+000	0.000000e+000	0.000000e+000	0.000000e+000	0.000000e+000	0.000000e+000	0.000000e+000	0.000000e+000	0.000000e+000	0.000000e+000	0.000000e+000	0.000000e+000	0.000000e+000	-2.530171e-098	-2.656984e+303	0.000000e+000	1.171177e-173	8.406086e-306	0.000000e+000	2.121996e-314	-7.845908e+298	1.007145e-001	9.949154e-001	-2.530171e-098	-2.656984e+303	0.000000e+000	1.171192e-173	8.407737e-306	
0.000000e+000	0.000000e+000	0.000000e+000	0.000000e+000	0.000000e+000	0.000000e+000	0.000000e+000	0.000000e+000	0.000000e+000	0.000000e+000	0.000000e+000	0.000000e+000	0.000000e+000	0.000000e+000	0.000000e+000	-2.530171e-098	-2.656984e+303	0.000000e+000	1.171177e-173	8.409171e-306	0.000000e+000	2.121996e-314	-7.845908e+298	9.430874e-001	3.325449e-001	-2.530171e-098	-2.656984e+303	0.000000e+000	1.171192e-173	8.410823e-306	
0.000000e+000	0.000000e+000	0.000000e+000	0.000000e+000	0.000000e+000	0.000000e+000	0.000000e+000	0.000000e+000	0.000000e+000	0.000000e+000	0.000000e+000	0.000000e+000	0.000000e+000	0.000000e+000	0.000000e+000	-2.530171e-098	-2.656984e+303	0.000000e+000	1.171177e-173	8.412257e-306	0.000000e+000	2.121996e-314	-7.845908e+298	9.897964e-001	1.424888e-001	-2.530171e-098	-2.656984e+303	0.000000e+000	1.171192e-173	8.413908e-306	
0.000000e+000	0.000000e+000	0.000000e+000	0.000000e+000	0.000000e+000	0.000000e+000	0.000000e+000	0.000000e+000	0.000000e+000	0.000000e+000	0.000000e+000	0.000000e+000	0.000000e+000	0.000000e+000	0.000000e+000	-2.530171e-098	-2.656984e+303	0.000000e+000	1.171177e-173	8.415342e-306	0.000000e+000	2.121996e-314	-7.845908e+298	9.146299e-001	4.042921e-001	-2.530171e-098	-2.656984e+303	0.000000e+000	1.171192e-173	8.416994e-306	
0.000000e+000	0.000000e+000	0.000000e+000	0.000000e+000	0.000000e+000	0.000000e+000	0.000000e+000	0.000000e+000	0.000000e+000	0.000000e+000	0.000000e+000	0.000000e+000	0.000000e+000	0.000000e+000	0.000000e+000	-2.530171e-098	-2.656984e+303	0.000000e+000	1.171177e-173	8.418428e-306	0.000000e+000	2.121996e-314	-7.845908e+298	5.431936e-001	8.396075e-001	-2.530171e-098	-2.656984e+303	0.000000e+000	1.171192e-173	8.420079e-306	
0.000000e+000	0.000000e+000	0.000000e+000	0.000000e+000	0.000000e+000	0.000000e+000	0.000000e+000	0.000000e+000	0.000000e+000	0.000000e+000	0.000000e+000	0.000000e+000	0.000000e+000	0.000000e+000	0.000000e+000	-2.530171e-098	-2.656984e+303	0.000000e+000	1.171177e-173	8.421513e-306	0.000000e+000	2.121996e-314	-7.845908e+298	6.248846e-001	7.807171e-001	-2.530171e-098	-2.656984e+303	0.000000e+000	1.171192e-173	8.423165e-306	
0.000000e+000	0.000000e+000	0.000000e+000	0.000000e+000	0.000000e+000	0.000000e+000	0.000000e+000	0.000000e+000	0.000000e+000	0.000000e+000	0.000000e+000	0.000000e+000	0.000000e+000	0.000000e+000	0.000000e+000	-2.530171e-098	-2.656984e+303	0.000000e+000	1.171177e-173	8.424599e-306	0.000000e+000	2.121996e-314	-7.845908e+298	8.208843e-001	5.710945e-001	-2.530171e-098	-2.656984e+303	0.000000e+000	1.171192e-173	8.426250e-306	
0.000000e+000	0.000000e+000	0.000000e+000	0.000000e+000	0.000000e+000	0.000000e+000	0.000000e+000	0.000000e+000	0.000000e+000	0.000000e+000	0.000000e+000	0.000000e+000	0.000000e+000	0.000000e+000	0.000000e+000	-2.530171e-098	-2.656984e+303	0.000000e+000	1.171177e-173	8.427685e-306	0.000000e+000	2.121996e-314	-7.845908e+298	9.562940e-001	2.924068e-001	-2.530171e-098	-2.656984e+303	0.000000e+000	1.171192e-173	8.429336e-306	
0.000000e+000	0.000000e+000	0.000000e+000	0.000000e+000	0.000000e+000	0.000000e+000	0.000000e+000	0.000000e+000	0.000000e+000	0.000000e+000	0.000000e+000	0.000000e+000	0.000000e+000	0.000000e+000	0.000000e+000	-2.530171e-098	-2.656984e+303	0.000000e+000	1.171177e-173	8.430770e-306	0.000000e+000	2.121996e-314	-7.845908e+298	9.977094e-001	6.764635e-002	-2.530171e-098	-2.656984e+303	0.000000e+000	1.171192e-173	8.432422e-306	
0.000000e+000	0.000000e+000	0.000000e+000	0.000000e+000	0.000000e+000	0.000000e+000	0.000000e+000	0.000000e+000	0.000000e+000	0.000000e+000	0.000000e+000	0.000000e+000	0.000000e+000	0.000000e+000	0.000000e+000	-2.530171e-098	-2.656984e+303	0.000000e+000	1.171177e-173	8.433856e-306	0.000000e+000	2.121996e-314	-7.845908e+298	2.949783e-001	9.555039e-001	-2.530171e-098	-2.656984e+303	0.000000e+000	1.171192e-173	8.435507e-306	
0.000000e+000	0.000000e+000	0.000000e+000	0.000000e+000	0.000000e+000	0.000000e+000	0.000000e+000	0.000000e+000	0.000000e+000	0.000000e+000	0.000000e+000	0.000000e+000	0.000000e+000	0.000000e+000	0.000000e+000	-2.530171e-098	-2.656984e+303	0.000000e+000	1.171177e-173	8.436941e-306	0.000000e+000	2.121996e-314	-7.845908e+298	7.278597e-001	6.857261e-001	-2.530171e-098	-2.656984e+303	0.000000e+000	1.171192e-173	8.438593e-306	
0.000000e+000	0.000000e+000	0.000000e+000	0.000000e+000	0.000000e+000	0.000000e+000	0.000000e+000	0.000000e+000	0.000000e+000	0.000000e+000	0.000000e+000	0.000000e+000	0.000000e+000	0.000000e+000	0.000000e+000	-2.530171e-098	-2.656984e+303	0.000000e+000	1.171177e-173	8.440027e-306	0.000000e+000	2.121996e-314	-7.845908e+298	7.495332e-001	6.619667e-001	-2.530171e-098	-2.656984e+303	0.000000e+000	1.171192e-173	8.441678e-306	
0.000000e+000	0.000000e+000	0.000000e+000	0.000000e+000	0.000000e+000	0.000000e+000	0.000000e+000	0.000000e+000	0.000000e+000	0.000000e+000	0.000000e+000	0.000000e+000	0.000000e+000	0.000000e+000	0.000000e+000	-2.530171e-098	-2.656984e+303	0.000000e+000	1.171177e-173	8.443112e-306	0.000000e+000	2.121996e-314	-7.845908e+298	3.247881e-001	9.457868e-001	-2.530171e-098	-2.656984e+303	0.000000e+000	1.171192e-173	8.444764e-306	
0.000000e+000	0.000000e+000	0.000000e+000	7.143943e-001	0.000000e+000	0.000000e+000	0.000000e+000	0.000000e+000	0.000000e+000	0.000000e+000	0.000000e+000	0.000000e+000	0.000000e+000	0.000000e+000	0.000000e+000	-2.530171e-098	-2.656984e+303	0.000000e+000	1.171177e-173	8.446198e-306	0.000000e+000	2.121996e-314	-7.845908e+298	4.337301e-001	9.010429e-001	-2.530171e-098	-2.656984e+303	0.000000e+000	1.171192e-173	8.447849e-306	
0.000000e+000	0.000000e+000	0.000000e+000	2.344508e-001	0.000000e+000	0.000000e+000	0.000000e+000	0.000000e+000	0.000000e+000	0.000000e+000	0.000000e+000	0.000000e+000	0.000000e+000	0.000000e+000	0.000000e+000	-2.530171e-098	-2.656984e+303	0.000000e+000	1.171177e-173	8.449283e-306	0.000000e+000	2.121996e-314	-7.845908e+298	9.329499e-001	3.600062e-001	-2.530171e-098	-2.656984e+303	0.000000e+000	1.171192e-173	8.450935e-306	
0.000000e+000	0.000000e+000	0.000000e+000	1.395580e-001	0.000000e+000	0.000000e+000	0.000000e+000	0.000000e+000	0.000000e+000	0.000000e+000	0.000000e+000	0.000000e+000	0.000000e+000	0.000000e+000	0.000000e+000	-2.530171e-098	-2.656984e+303	0.000000e+000	1.171177e-173	8.452369e-306	0.000000e+000	2.121996e-314	-7.845908e+298	9.760680e-001	2.174656e-001	-2.530171e-098	-2.656984e+303	0.000000e+000	1.171192e-173	8.454020e-306	
0.000000e+000	0.000000e+000	0.000000e+000	3.123348e-001	0.000000e+000	0.000000e+000	0.000000e+000	0.000000e+000	0.000000e+000	0.000000e+000	0.000000e+000	0.000000e+000	0.000000e+000	0.000000e+000	0.000000e+000	-2.530171e-098	-2.656984e+303	0.000000e+000	1.171177e-173	8.455455e-306	0.000000e+000	2.121996e-314	-7.845908e+298	8.820436e-001	4.711679e-001	-2.530171e-098	-2.656984e+303	0.000000e+000	1.171192e-173	8.457106e-306	
0.000000e+000	0.000000e+000	0.000000e+000	5.903201e-001	0.000000e+000	0.000000e+000	0.000000e+000	0.000000e+000	0.000000e+000	0.000000e+000	0.000000e+000	0.000000e+000	0.000000e+000	0.000000e+000	0.000000e+000	-2.530171e-098	-2.656984e+303	0.000000e+000	1.171177e-173	8.458540e-306	0.000000e+000	2.121996e-314	-7.845908e+298	6.000181e-001	7.999864e-001	-2.530171e-098	-2.656984e+303	0.000000e+000	1.171192e-173	8.460191e-306	
0.000000e+000	0.000000e+000	0.000000e+000	5.605308e-001	0.000000e+000	0.000000e+000	0.000000e+000	0.000000e+000	0.000000e+000	0.000000e+000	0.000000e+000	0.000000e+000	0.000000e+000	0.000000e+000	0.000000e+000	-2.530171e-098	-2.656984e+303	0.000000e+000	1.171177e-173	8.461626e-306	0.000000e+000	2.121996e-314	-7.845908e+298	6.367813e-001	7.710445e-001	-2.530171e-098	-2.656984e+303	0.000000e+000	1.171192e-173	8.463277e-306	
0.000000e+000	0.000000e+000	0.000000e+000	9.101905e-001	0.000000e+000	0.000000e+000	0.000000e+000	0.000000e+000	0.000000e+000	0.000000e+000	0.000000e+000	0.000000e+000	0.000000e+000	0.000000e+000	0.000000e+000	-2.530171e-098	-2.656984e+303	0.000000e+000	1.171177e-173	8.464711e-306	0.000000e+000	2.121996e-314	-7.845908e+298	1.406050e-001	9.900658e-001	-2.530171e-098	-2.656984e+303	0.000000e+000	1.171192e-173	8.466363e-306	
0.000000e+000	0.000000e+000	0.000000e+000	7.403872e-001	0.000000e+000	0.000000e+000	0.000000e+000	0.000000e+000	0.000000e+000	0.000000e+000	0.000000e+000	0.000000e+000	0.000000e+000	0.000000e+000	0.000000e+000	-2.530171e-098	-2.656984e+303	0.000000e+000	1.171177e-173	8.467797e-306	0.000000e+000	2.121996e-314	-7.845908e+298	3.965896e-001	9.179960e-001	-2.530171e-098	-2.656984e+303	0.000000e+000	1.171192e-173	8.469448e-306	
0.000000e+000	0.000000e+000	0.000000e+000	3.642617e-001	0.000000e+000	0.000000e+000	0.000000e+000	0.000000e+000	0.000000e+000	0.000000e+000	0.000000e+000	0.000000e+000	0.000000e+000	0.000000e+000	0.000000e+000	-2.530171e-098	-2.656984e+303	0.000000e+000	1.171177e-173	8.470882e-306	0.000000e+000	2.121996e-314	-7.845908e+298	8.407221e-001	5.414669e-001	-2.530171e-098	-2.656984e+303	0.000000e+000	1.171192e-173	8.472534e-306	
0.000000e+000	0.000000e+000	0.000000e+000	5.283550e-001	0.000000e+000	0.000000e+000	0.000000e+000	0.000000e+000	0.000000e+000	0.000000e+000	0.000000e+000	0.000000e+000	0.000000e+000	0.000000e+000	0.000000e+000	-2.530171e-098	-2.656984e+303	0.000000e+000	1.171177e-173	8.473968e-306	0.000000e+000	2.121996e-314	-7.845908e+298	6.749214e-001	7.378896e-001	-2.530171e-098	-2.656984e+303	0.000000e+000	1.171192e-173	8.475619e-306	
0.000000e+000	0.000000e+000	0.000000e+000	1.133956e-001	0.000000e+000	0.000000e+000	0.000000e+000	0.000000e+000	0.000000e+000	0.000000e+000	0.000000e+000	0.000000e+000	0.000000e+000	0.000000e+000	0.000000e+000	-2.530171e-098	-2.656984e+303	0.000000e+000	1.171177e-173	8.477053e-306	0.000000e+000	2.121996e-314	-7.845908e+298	9.841783e-001	1.771810e-001	-2.530171e-098	-2.656984e+303	0.000000e+000	1.171192e-173	8.478705e-306	
0.000000e+000	0.000000e+000	0.000000e+000	2.068530e-001	0.000000e+000	0.000000e+000	0.000000e+000	0.000000e+000	0.000000e+000	0.000000e+000	0.000000e+000	0.000000e+000	0.000000e+000	0.000000e+000	0.000000e+000	-2.530171e-098	-2.656984e+303	0.000000e+000	1.171177e-173	8.480139e-306	0.000000e+000	2.121996e-314	-7.845908e+298	9.476750e-001	3.192367e-001	-2.530171e-098	-2.656984e+303	0.000000e+000	1.171192e-173	8.481790e-306	
0.000000e+000	0.000000e+000	0.000000e+000	1.889123e-001	0.000000e+000	0.000000e+000	0.000000e+000	0.000000e+000	0.000000e+000	0.000000e+000	0.000000e+000	0.000000e+000	0.000000e+000	0.000000e+000	0.000000e+000	-2.530171e-098	-2.656984e+303	0.000000e+000	1.171177e-173	8.483224e-306	0.000000e+000	2.121996e-314	-7.845908e+298	9.562940e-001	2.924068e-001	-2.530171e-098	-2.656984e+303	0.000000e+000	1.171192e-173	8.484876e-306	
0.000000e+000	0.000000e+000	0.000000e+000	6.653058e-001	0.000000e+000	0.000000e+000	0.000000e+000	0.000000e+000	0.000000e+000	0.000000e+000	0.000000e+000	0.000000e+000	0.000000e+000	0.000000e+000	0.000000e+000	-2.530171e-098	-2.656984e+303	0.000000e+000	1.171177e-173	8.486310e-306	0.000000e+000	2.121996e-314	-7.845908e+298	5.018501e-001	8.649546e-001	-2.530171e-098	-2.656984e+303	0.000000e+000	1.171192e-173	8.487961e-306	
0.000000e+000	0.000000e+000	0.000000e+000	2.827412e-001	0.000000e+000	0.000000e+000	0.000000e+000	0.000000e+000	0.000000e+000	0.000000e+000	0.000000e+000	0.000000e+000	0.000000e+000	0.000000e+000	0.000000e+000	-2.530171e-098	-2.656984e+303	0.000000e+000	1.171177e-173	8.489396e-306	0.000000e+000	2.121996e-314	-7.845908e+298	9.029853e-001	4.296714e-001	-2.530171e-098	-2.656984e+303	0.000000e+000	1.171192e-173	8.491047e-306	
0.000000e+000	0.000000e+000	0.000000e+000	2.649641e-001	0.000000e+000	0.000000e+000	0.000000e+000	0.000000e+000	0.000000e+000	0.000000e+000	0.000000e+000	0.000000e+000	0.000000e+000	0.000000e+000	0.000000e+000	-2.530171e-098	-2.656984e+303	0.000000e+000	1.171177e-173	8.492481e-306	0.000000e+000	2.121996e-314	-7.845908e+298	9.146299e-001	4.042921e-001	-2.530171e-098	-2.656984e+303	0.000000e+000	1.171192e-173	8.494133e-306	
0.000000e+000	0.000000e+000	0.000000e+000	3.434733e-001	0.000000e+000	0.000000e+000	0.000000e+000	0.000000e+000	0.000000e+000	0.000000e+000	0.000000e+000	0.000000e+000	0.000000e+000	0.000000e+000	0.000000e+000	-2.530171e-098	-2.656984e+303	0.000000e+000	1.171177e-173	8.495567e-306	0.000000e+000	2.121996e-314	-7.845908e+298	8.579520e-001	5.137299e-001	-2.530171e-098	-2.656984e+303	0.000000e+000	1.171192e-173	8.497218e-306	
0.000000e+000	0.000000e+000	0.000000e+000	1.000000e+000	0.000000e+000	0.000000e+000	0.000000e+000	0.000000e+000	0.000000e+000	0.000000e+000	0.000000e+000	0.000000e+000	0.000000e+000	0.000000e+000	0.000000e+000	-2.530171e-098	-2.656984e+303	0.000000e+000	1.171177e-173	8.498652e-306	0.000000e+000	2.121996e-314	-7.845908e+298	6.123234e-017	1.000000e+000	-2.530171e-098	-2.656984e+303	0.000000e+000	1.171192e-173	8.500304e-306	
0.000000e+000	0.000000e+000	0.000000e+000	5.013071e-001	0.000000e+000	0.000000e+000	0.000000e+000	0.000000e+000	0.000000e+000	0.000000e+000	0.000000e+000	0.000000e+000	0.000000e+000	0.000000e+000	0.000000e+000	-2.530171e-098	-2.656984e+303	0.000000e+000	1.171177e-173	8.501738e-306	0.000000e+000	2.121996e-314	-7.845908e+298	7.056535e-001	7.085571e-001	-2.530171e-098	-2.656984e+303	0.000000e+000	1.171192e-173	8.503389e-306	
0.000000e+000	0.000000e+000	0.000000e+000	7.894140e-001	0.000000e+000	0.000000e+000	0.000000e+000	0.000000e+000	0.000000e+000	0.000000e+000	0.000000e+000	0.000000e+000	0.000000e+000	0.000000e+000	0.000000e+000	-2.530171e-098	-2.656984e+303	0.000000e+000	1.171177e-173	8.504823e-306	0.000000e+000	2.121996e-314	-7.845908e+298	3.247881e-001	9.457868e-001	-2.530171e-098	-2.656984e+303	0.000000e+000	1.171192e-173	8.506475e-306	
0.000000e+000	0.000000e+000	0.000000e+000	9.005238e-002	0.000000e+000	0.000000e+000	0.000000e+000	0.000000e+000	0.000000e+000	0.000000e+000	0.000000e+000	0.000000e+000	0.000000e+000	0.000000e+000	0.000000e+000	-2.530171e-098	-2.656984e+303	0.000000e+000	1.171177e-173	8.507909e-306	0.000000e+000	2.121996e-314	-7.845908e+298	9.900121e-001	1.409827e-001	-2.530171e-098	-2.656984e+303	0.000000e+000	1.171192e-173	8.509560e-306	
0.000000e+000	0.000000e+000	0.000000e+000	4.105700e-001	0.000000e+000	0.000000e+000	0.000000e+000	0.000000e+000	0.000000e+000	0.000000e+000	0.000000e+000	0.000000e+000	0.000000e+000	0.000000e+000	0.000000e+000	-2.530171e-098	-2.656984e+303	0.000000e+000	1.171177e-173	8.510994e-306	0.000000e+000	2.121996e-314	-7.845908e+298	7.991468e-001	6.011360e-001	-2.530171e-098	-2.656984e+303	0.000000e+000	1.171192e-173	8.512646e-306	
0.000000e+000	0.000000e+000	0.000000e+000	6.177064e-001	0.000000e+000	0.000000e+000	0.000000e+000	0.000000e+000	0.000000e+000	0.000000e+000	0.000000e+000	0.000000e+000	0.000000e+000	0.000000e+000	0.000000e+000	-2.530171e-098	-2.656984e+303	0.000000e+000	1.171177e-173	8.514080e-306	0.000000e+000	2.121996e-314	-7.845908e+298	5.650596e-001	8.250501e-001	-2.530171e-098	-2.656984e+303	0.000000e+000	1.171192e-173	8.515731e-306	
0.000000e+000	0.000000e+000	0.000000e+000	6.419526e-001	0.000000e+000	0.000000e+000	0.000000e+000	0.000000e+000	0.000000e+000	0.000000e+000	0.000000e+000	0.000000e+000	0.000000e+000	0.000000e+000	0.000000e+000	-2.530171e-098	-2.656984e+303	0.000000e+000	1.171177e-173	8.517166e-306	0.000000e+000	2.121996e-314	-7.845908e+298	5.332346e-001	8.459674e-001	-2.530171e-098	-2.656984e+303	0.000000e+000	1.171192e-173	8.518817e-306	
0.000000e+000	0.000000e+000	0.000000e+000	7.643546e-001	0.000000e+000	0.000000e+000	0.000000e+000	0.000000e+000	0.000000e+000	0.000000e+000	0.000000e+000	0.000000e+000	0.000000e+000	0.000000e+000	0.000000e+000	-2.530171e-098	-2.656984e+303	0.000000e+000	1.171177e-173	8.520251e-306	0.000000e+000	2.121996e-314	-7.845908e+298	3.617562e-001	9.322727e-001	-2.530171e-098	-2.656984e+303	0.000000e+000	1.171192e-173	8.521903e-306	
0.000000e+000	0.000000e+000	0.000000e+000	8.625091e-001	0.000000e+000	0.000000e+000	0.000000e+000	0.000000e+000	0.000000e+000	0.000000e+000	0.000000e+000	0.000000e+000	0.000000e+000	0.000000e+000	0.000000e+000	-2.530171e-098	-2.656984e+303	0.000000e+000	1.171177e-173	8.523337e-306	0.000000e+000	2.121996e-314	-7.845908e+298	2.142952e-001	9.767689e-001	-2.530171e-098	-2.656984e+303	0.000000e+000	1.171192e-173	8.524988e-306	
0.000000e+000	0.000000e+000	0.000000e+000	3.861255e-001	0.000000e+000	0.000000e+000	0.000000e+000	0.000000e+000	0.000000e+000	0.000000e+000	0.000000e+000	0.000000e+000	0.000000e+000	0.000000e+000	0.000000e+000	-2.530171e-098	-2.656984e+303	0.000000e+000	1.171177e-173	8.526422e-306	0.000000e+000	2.121996e-314	-7.845908e+298	8.216340e-001	5.700154e-001	-2.530171e-098	-2.656984e+303	0.000000e+000	1.171192e-173	8.528074e-306	
0.000000e+000	0.000000e+000	0.000000e+000	1.614844e-001	0.000000e+000	0.000000e+000	0.000000e+000	0.000000e+000	0.000000e+000	0.000000e+000	0.000000e+000	0.000000e+000	0.000000e+000	0.000000e+000	0.000000e+000	-2.530171e-098	-2.656984e+303	0.000000e+000	1.171177e-173	8.529508e-306	0.000000e+000	2.121996e-314	-7.845908e+298	9.680006e-001	2.509477e-001	-2.530171e-098	-2.656984e+303	0.000000e+000	1.171192e-173	8.531159e-306	
0.000000e+000	0.000000e+000	0.000000e+000	4.433458e-002	0.000000e+000	0.000000e+000	0.000000e+000	0.000000e+000	0.000000e+000	0.000000e+000	0.000000e+000	0.000000e+000	0.000000e+000	0.000000e+000	0.000000e+000	-2.530171e-098	-2.656984e+303	0.000000e+000	1.171177e-173	8.532593e-306	0.000000e+000	2.121996e-314	-7.845908e+298	9.975761e-001	6.958432e-002	-2.530171e-098	-2.656984e+303	0.000000e+000	1.171192e-173	8.534245e-306	
0.000000e+000	0.000000e+000	0.000000e+000	9.481346e-001	0.000000e+000	0.000000e+000	0.000000e+000	0.000000e+000	0.000000e+000	0.000000e+000	0.000000e+000	0.000000e+000	0.000000e+000	0.000000e+000	0.000000e+000	-2.530171e-098	-2.656984e+303	0.000000e+000	1.171177e-173	8.535679e-306	0.000000e+000	2.121996e-314	-7.845908e+298	8.137993e-002	9.966832e-001	-2.530171e-098	-2.656984e+303	0.000000e+000	1.171192e-173	8.537330e-306	
0.000000e+000	0.000000e+000	0.000000e+000	6.868838e-001	0.000000e+000	0.000000e+000	0.000000e+000	0.000000e+000	0.000000e+000	0.000000e+000	0.000000e+000	0.000000e+000	0.000000e+000	0.000000e+000	0.000000e+000	-2.530171e-098	-2.656984e+303	0.000000e+000	1.171177e-173	8.538764e-306	0.000000e+000	2.121996e-314	-7.845908e+298	4.722502e-001	8.814646e-001	-2.530171e-098	-2.656984e+303	0.000000e+000	1.171192e-173	8.540416e-306	
0.000000e+000	0.000000e+000	0.000000e+000	0.000000e+000	0.000000e+000	0.000000e+000	0.000000e+000	0.000000e+000	0.000000e+000	0.000000e+000	0.000000e+000	0.000000e+000	0.000000e+000	0.000000e+000	0.000000e+000	-2.530171e-098	-2.656984e+303	0.000000e+000	1.171177e-173	8.541850e-306	0.000000e+000	2.121996e-314	-7.845908e+298	1.000000e+000	0.000000e+000	-2.530171e-098	-2.656984e+303	0.000000e+000	1.171192e-173	8.543501e-306	
0.000000e+000	0.000000e+000	0.000000e+000	4.272791e-001	0.000000e+000	0.000000e+000	0.000000e+000	0.000000e+000	0.000000e+000	0.000000e+000	0.000000e+000	0.000000e+000	0.000000e+000	0.000000e+000	0.000000e+000	-2.530171e-098	-2.656984e+303	0.000000e+000	1.221717e-173	8.544936e-306	0.000000e+000	2.121996e-314	-7.845908e+298	7.830955e-001	6.219014e-001	-2.530171e-098	-2.656984e+303	0.000000e+000	1.221731e-173	8.546587e-306	
0.000000e+000	0.000000e+000	0.000000e+000	4.761801e-001	0.000000e+000	0.000000e+000	0.000000e+000	0.000000e+000	0.000000e+000	0.000000e+000	0.000000e+000	0.000000e+000	0.000000e+000	0.000000e+000	0.000000e+000	-2.530171e-098	-2.656984e+303	0.000000e+000	1.221717e-173	8.548021e-306	0.000000e+000	2.121996e-314	-7.845908e+298	7.330630e-001	6.801608e-001	-2.530171e-098	-2.656984e+303	0.000000e+000	1.221731e-173	8.549672e-306	
0.000000e+000	0.000000e+000	0.000000e+000	8.093751e-001	0.000000e+000	0.000000e+000	0.000000e+000	0.000000e+000	0.000000e+000	0.000000e+000	0.000000e+000	0.000000e+000	0.000000e+000	0.000000e+000	0.000000e+000	-2.530171e-098	-2.656984e+303	0.000000e+000	1.221717e-173	8.551107e-306	0.000000e+000	2.121996e-314	-7.845908e+298	2.949783e-001	9.555039e-001	-2.530171e-098	-2.656984e+303	0.000000e+000	1.221731e-173	8.552758e-306	
0.000000e+000	0.000000e+000	0.000000e+000	8.871214e-001	0.000000e+000	0.000000e+000	0.000000e+000	0.000000e+000	0.000000e+000	0.000000e+000	0.000000e+000	0.000000e+000	0.000000e+000	0.000000e+000	0.000000e+000	-2.530171e-098	-2.656984e+303	0.000000e+000	1.221717e-173	8.554192e-306	0.000000e+000	2.121996e-314	-7.845908e+298	1.763817e-001	9.843218e-001	-2.530171e-098	-2.656984e+303	0.000000e+000	1.221731e-173	8.555844e-306	
0.000000e+000	0.000000e+000	0.000000e+000	1.768290e-002	0.000000e+000	0.000000e+000	0.000000e+000	0.000000e+000	0.000000e+000	0.000000e+000	0.000000e+000	0.000000e+000	0.000000e+000	0.000000e+000	0.000000e+000	-2.530171e-098	-2.656984e+303	0.000000e+000	1.221717e-173	8.557278e-306	0.000000e+000	2.121996e-314	-7.845908e+298	9.996143e-001	2.777267e-002	-2.530171e-098	-2.656984e+303	0.000000e+000	1.221731e-173	8.558929e-306	
0.000000e+000	0.000000e+000	0.000000e+000	9.817124e-001	0.000000e+000	0.000000e+000	0.000000e+000	0.000000e+000	0.000000e+000	0.000000e+000	0.000000e+000	0.000000e+000	0.000000e+000	0.000000e+000	0.000000e+000	-2.530171e-098	-2.656984e+303	0.000000e+000	1.221717e-173	8.560363e-306	0.000000e+000	2.121996e-314	-7.845908e+298	2.872214e-002	9.995874e-001	-2.530171e-098	-2.656984e+303	0.000000e+000	1.221731e-173	8.562015e-306	
0.000000e+000	0.000000e+000	0.000000e+000	6.104036e-002	0.000000e+000	0.000000e+000	0.000000e+000	0.000000e+000	0.000000e+000	0.000000e+000	0.000000e+000	0.000000e+000	0.000000e+000	0.000000e+000	0.000000e+000	-2.530171e-098	-2.656984e+303	0.000000e+000	1.221717e-173	8.563449e-306	0.000000e+000	2.121996e-314	-7.845908e+298	9.954068e-001	9.573513e-002	-2.530171e-098	-2.656984e+303	0.000000e+000	1.221731e-173	8.565100e-306	
0.000000e+000	0.000000e+000	0.000000e+000	4.517182e-001	0.000000e+000	0.000000e+000	0.000000e+000	0.000000e+000	0.000000e+000	0.000000e+000	0.000000e+000	0.000000e+000	0.000000e+000	0.000000e+000	0.000000e+000	-2.530171e-098	-2.656984e+303	0.000000e+000	1.221717e-173	8.566534e-306	0.000000e+000	2.121996e-314	-7.845908e+298	7.586504e-001	6.514979e-001	-2.530171e-098	-2.656984e+303	0.000000e+000	1.221731e-173	8.568186e-306	
