0.000000e+000	9.143530e-001	0.000000e+000	0.000000e+000	0.000000e+000	0.000000e+000	0.000000e+000	0.000000e+000	0.000000e+000	0.000000e+000	0.000000e+000	0.000000e+000	0.000000e+000	0.000000e+000	0.000000e+000	-2.530171e-098	-2.656984e+303	0.000000e+000	1.373336e-173	9.954077e-306	0.000000e+000	2.121996e-314	-7.845908e+298	1.341286e-001	9.909639e-001	-2.530171e-098	-2.656984e+303	0.000000e+000	1.373351e-173	9.955728e-306	
0.000000e+000	3.711925e-001	0.000000e+000	0.000000e+000	0.000000e+000	0.000000e+000	0.000000e+000	0.000000e+000	0.000000e+000	0.000000e+000	0.000000e+000	0.000000e+000	0.000000e+000	0.000000e+000	0.000000e+000	-2.530171e-098	-2.656984e+303	0.000000e+000	1.373336e-173	9.957162e-306	0.000000e+000	2.121996e-314	-7.845908e+298	8.347775e-001	5.505875e-001	-2.530171e-098	-2.656984e+303	0.000000e+000	1.373351e-173	9.958813e-306	
0.000000e+000	6.265363e-002	0.000000e+000	0.000000e+000	0.000000e+000	0.000000e+000	0.000000e+000	0.000000e+000	0.000000e+000	0.000000e+000	0.000000e+000	0.000000e+000	0.000000e+000	0.000000e+000	0.000000e+000	-2.530171e-098	-2.656984e+303	0.000000e+000	1.373336e-173	9.960248e-306	0.000000e+000	2.121996e-314	-7.845908e+298	9.951610e-001	9.825730e-002	-2.530171e-098	-2.656984e+303	0.000000e+000	1.373351e-173	9.961899e-306	
0.000000e+000	2.173421e-001	0.000000e+000	0.000000e+000	0.000000e+000	0.000000e+000	0.000000e+000	0.000000e+000	0.000000e+000	0.000000e+000	0.000000e+000	0.000000e+000	0.000000e+000	0.000000e+000	0.000000e+000	-2.530171e-098	-2.656984e+303	0.000000e+000	1.373336e-173	9.963333e-306	0.000000e+000	2.121996e-314	-7.845908e+298	9.422868e-001	3.348067e-001	-2.530171e-098	-2.656984e+303	0.000000e+000	1.373351e-173	9.964985e-306	
0.000000e+000	0.000000e+000	0.000000e+000	0.000000e+000	0.000000e+000	0.000000e+000	0.000000e+000	0.000000e+000	0.000000e+000	0.000000e+000	0.000000e+000	0.000000e+000	0.000000e+000	0.000000e+000	0.000000e+000	-2.530171e-098	-2.656984e+303	0.000000e+000	1.373336e-173	9.966419e-306	0.000000e+000	2.121996e-314	-7.845908e+298	1.000000e+000	0.000000e+000	-2.530171e-098	-2.656984e+303	0.000000e+000	1.373351e-173	9.968070e-306	
0.000000e+000	5.319742e-001	0.000000e+000	0.000000e+000	0.000000e+000	0.000000e+000	0.000000e+000	0.000000e+000	0.000000e+000	0.000000e+000	0.000000e+000	0.000000e+000	0.000000e+000	0.000000e+000	0.000000e+000	-2.530171e-098	-2.656984e+303	0.000000e+000	1.423876e-173	9.969504e-306	0.000000e+000	2.121996e-314	-7.845908e+298	6.707157e-001	7.417146e-001	-2.530171e-098	-2.656984e+303	0.000000e+000	1.423890e-173	9.971156e-306	
0.000000e+000	8.281309e-001	0.000000e+000	0.000000e+000	0.000000e+000	0.000000e+000	0.000000e+000	0.000000e+000	0.000000e+000	0.000000e+000	0.000000e+000	0.000000e+000	0.000000e+000	0.000000e+000	0.000000e+000	-2.530171e-098	-2.656984e+303	0.000000e+000	1.423876e-173	9.972590e-306	0.000000e+000	2.121996e-314	-7.845908e+298	2.667039e-001	9.637785e-001	-2.530171e-098	-2.656984e+303	0.000000e+000	1.423890e-173	9.974241e-306	
0.000000e+000	1.000000e+000	0.000000e+000	0.000000e+000	0.000000e+000	0.000000e+000	0.000000e+000	0.000000e+000	0.000000e+000	0.000000e+000	0.000000e+000	0.000000e+000	0.000000e+000	0.000000e+000	0.000000e+000	-2.530171e-098	-2.656984e+303	0.000000e+000	1.423876e-173	9.975675e-306	0.000000e+000	2.121996e-314	-7.845908e+298	6.123234e-017	1.000000e+000	-2.530171e-098	-2.656984e+303	0.000000e+000	1.423890e-173	9.977327e-306	
0.000000e+000	4.129649e-001	0.000000e+000	0.000000e+000	0.000000e+000	0.000000e+000	0.000000e+000	0.000000e+000	0.000000e+000	0.000000e+000	0.000000e+000	0.000000e+000	0.000000e+000	0.000000e+000	0.000000e+000	-2.530171e-098	-2.656984e+303	0.000000e+000	1.423876e-173	9.978761e-306	0.000000e+000	2.121996e-314	-7.845908e+298	7.968797e-001	6.041380e-001	-2.530171e-098	-2.656984e+303	0.000000e+000	1.423890e-173	9.980412e-306	
0.000000e+000	3.876005e-001	0.000000e+000	0.000000e+000	0.000000e+000	0.000000e+000	0.000000e+000	0.000000e+000	0.000000e+000	0.000000e+000	0.000000e+000	0.000000e+000	0.000000e+000	0.000000e+000	0.000000e+000	-2.530171e-098	-2.656984e+303	0.000000e+000	1.423876e-173	9.981846e-306	0.000000e+000	2.121996e-314	-7.845908e+298	8.203111e-001	5.719175e-001	-2.530171e-098	-2.656984e+303	0.000000e+000	1.423890e-173	9.983498e-306	
0.000000e+000	8.958788e-002	0.000000e+000	0.000000e+000	0.000000e+000	0.000000e+000	0.000000e+000	0.000000e+000	0.000000e+000	0.000000e+000	0.000000e+000	0.000000e+000	0.000000e+000	0.000000e+000	0.000000e+000	-2.530171e-098	-2.656984e+303	0.000000e+000	1.423876e-173	9.984932e-306	0.000000e+000	2.121996e-314	-7.845908e+298	9.901147e-001	1.402603e-001	-2.530171e-098	-2.656984e+303	0.000000e+000	1.423890e-173	9.986583e-306	
0.000000e+000	4.382945e-001	0.000000e+000	0.000000e+000	0.000000e+000	0.000000e+000	0.000000e+000	0.000000e+000	0.000000e+000	0.000000e+000	0.000000e+000	0.000000e+000	0.000000e+000	0.000000e+000	0.000000e+000	-2.530171e-098	-2.656984e+303	0.000000e+000	1.423876e-173	9.988018e-306	0.000000e+000	2.121996e-314	-7.845908e+298	7.722182e-001	6.353575e-001	-2.530171e-098	-2.656984e+303	0.000000e+000	1.423890e-173	9.989669e-306	
0.000000e+000	1.155438e-001	0.000000e+000	0.000000e+000	0.000000e+000	0.000000e+000	0.000000e+000	0.000000e+000	0.000000e+000	0.000000e+000	0.000000e+000	0.000000e+000	0.000000e+000	0.000000e+000	0.000000e+000	-2.530171e-098	-2.656984e+303	0.000000e+000	1.423876e-173	9.991103e-306	0.000000e+000	2.121996e-314	-7.845908e+298	9.835748e-001	1.805010e-001	-2.530171e-098	-2.656984e+303	0.000000e+000	1.423890e-173	9.992755e-306	
0.000000e+000	2.971622e-002	0.000000e+000	0.000000e+000	0.000000e+000	0.000000e+000	0.000000e+000	0.000000e+000	0.000000e+000	0.000000e+000	0.000000e+000	0.000000e+000	0.000000e+000	0.000000e+000	0.000000e+000	-2.530171e-098	-2.656984e+303	0.000000e+000	1.423876e-173	9.994189e-306	0.000000e+000	2.121996e-314	-7.845908e+298	9.989108e-001	4.666118e-002	-2.530171e-098	-2.656984e+303	0.000000e+000	1.423890e-173	9.995840e-306	
0.000000e+000	2.416826e-001	0.000000e+000	0.000000e+000	0.000000e+000	0.000000e+000	0.000000e+000	0.000000e+000	0.000000e+000	0.000000e+000	0.000000e+000	0.000000e+000	0.000000e+000	0.000000e+000	0.000000e+000	-2.530171e-098	-2.656984e+303	0.000000e+000	1.423876e-173	9.997274e-306	0.000000e+000	2.121996e-314	-7.845908e+298	9.288003e-001	3.705807e-001	-2.530171e-098	-2.656984e+303	0.000000e+000	1.423890e-173	9.998926e-306	
0.000000e+000	6.158308e-001	0.000000e+000	0.000000e+000	0.000000e+000	0.000000e+000	0.000000e+000	0.000000e+000	0.000000e+000	0.000000e+000	0.000000e+000	0.000000e+000	0.000000e+000	0.000000e+000	0.000000e+000	-2.530171e-098	-2.656984e+303	0.000000e+000	1.423876e-173	1.000036e-305	0.000000e+000	2.121996e-314	-7.845908e+298	5.674878e-001	8.233818e-001	-2.530171e-098	-2.656984e+303	0.000000e+000	1.423890e-173	1.000201e-305	
0.000000e+000	1.701314e-001	0.000000e+000	0.000000e+000	0.000000e+000	0.000000e+000	0.000000e+000	0.000000e+000	0.000000e+000	0.000000e+000	0.000000e+000	0.000000e+000	0.000000e+000	0.000000e+000	0.000000e+000	-2.530171e-098	-2.656984e+303	0.000000e+000	1.423876e-173	1.000345e-305	0.000000e+000	2.121996e-314	-7.845908e+298	9.645030e-001	2.640721e-001	-2.530171e-098	-2.656984e+303	0.000000e+000	1.423890e-173	1.000510e-305	
0.000000e+000	2.919653e-001	0.000000e+000	0.000000e+000	0.000000e+000	0.000000e+000	0.000000e+000	0.000000e+000	0.000000e+000	0.000000e+000	0.000000e+000	0.000000e+000	0.000000e+000	0.000000e+000	0.000000e+000	-2.530171e-098	-2.656984e+303	0.000000e+000	1.423876e-173	1.000653e-305	0.000000e+000	2.121996e-314	-7.845908e+298	8.966652e-001	4.427093e-001	-2.530171e-098	-2.656984e+303	0.000000e+000	1.423890e-173	1.000818e-305	
0.000000e+000	6.382389e-001	0.000000e+000	0.000000e+000	0.000000e+000	0.000000e+000	0.000000e+000	0.000000e+000	0.000000e+000	0.000000e+000	0.000000e+000	0.000000e+000	0.000000e+000	0.000000e+000	0.000000e+000	-2.530171e-098	-2.656984e+303	0.000000e+000	1.423876e-173	1.000962e-305	0.000000e+000	2.121996e-314	-7.845908e+298	5.381604e-001	8.428425e-001	-2.530171e-098	-2.656984e+303	0.000000e+000	1.423890e-173	1.001127e-305	
0.000000e+000	1.914295e-001	0.000000e+000	0.000000e+000	0.000000e+000	0.000000e+000	0.000000e+000	0.000000e+000	0.000000e+000	0.000000e+000	0.000000e+000	0.000000e+000	0.000000e+000	0.000000e+000	0.000000e+000	-2.530171e-098	-2.656984e+303	0.000000e+000	1.423876e-173	1.001270e-305	0.000000e+000	2.121996e-314	-7.845908e+298	9.551303e-001	2.961858e-001	-2.530171e-098	-2.656984e+303	0.000000e+000	1.423890e-173	1.001435e-305	
0.000000e+000	2.697505e-001	0.000000e+000	0.000000e+000	0.000000e+000	0.000000e+000	0.000000e+000	0.000000e+000	0.000000e+000	0.000000e+000	0.000000e+000	0.000000e+000	0.000000e+000	0.000000e+000	0.000000e+000	-2.530171e-098	-2.656984e+303	0.000000e+000	1.423876e-173	1.001579e-305	0.000000e+000	2.121996e-314	-7.845908e+298	9.115645e-001	4.111572e-001	-2.530171e-098	-2.656984e+303	0.000000e+000	1.423890e-173	1.001744e-305	
0.000000e+000	4.613056e-001	0.000000e+000	0.000000e+000	0.000000e+000	0.000000e+000	0.000000e+000	0.000000e+000	0.000000e+000	0.000000e+000	0.000000e+000	0.000000e+000	0.000000e+000	0.000000e+000	0.000000e+000	-2.530171e-098	-2.656984e+303	0.000000e+000	1.423876e-173	1.001887e-305	0.000000e+000	2.121996e-314	-7.845908e+298	7.487533e-001	6.628488e-001	-2.530171e-098	-2.656984e+303	0.000000e+000	1.423890e-173	1.002052e-305	
0.000000e+000	5.488035e-001	0.000000e+000	0.000000e+000	0.000000e+000	0.000000e+000	0.000000e+000	0.000000e+000	0.000000e+000	0.000000e+000	0.000000e+000	0.000000e+000	0.000000e+000	0.000000e+000	0.000000e+000	-2.530171e-098	-2.656984e+303	0.000000e+000	1.423876e-173	1.002196e-305	0.000000e+000	2.121996e-314	-7.845908e+298	6.508760e-001	7.591841e-001	-2.530171e-098	-2.656984e+303	0.000000e+000	1.423890e-173	1.002361e-305	
0.000000e+000	1.430981e-001	0.000000e+000	0.000000e+000	0.000000e+000	0.000000e+000	0.000000e+000	0.000000e+000	0.000000e+000	0.000000e+000	0.000000e+000	0.000000e+000	0.000000e+000	0.000000e+000	0.000000e+000	-2.530171e-098	-2.656984e+303	0.000000e+000	1.423876e-173	1.002504e-305	0.000000e+000	2.121996e-314	-7.845908e+298	9.748436e-001	2.228899e-001	-2.530171e-098	-2.656984e+303	0.000000e+000	1.423890e-173	1.002670e-305	
0.000000e+000	8.812320e-001	0.000000e+000	0.000000e+000	0.000000e+000	0.000000e+000	0.000000e+000	0.000000e+000	0.000000e+000	0.000000e+000	0.000000e+000	0.000000e+000	0.000000e+000	0.000000e+000	0.000000e+000	-2.530171e-098	-2.656984e+303	0.000000e+000	1.423876e-173	1.002813e-305	0.000000e+000	2.121996e-314	-7.845908e+298	1.854800e-001	9.826480e-001	-2.530171e-098	-2.656984e+303	0.000000e+000	1.423890e-173	1.002978e-305	
0.000000e+000	6.863512e-001	0.000000e+000	0.000000e+000	0.000000e+000	0.000000e+000	0.000000e+000	0.000000e+000	0.000000e+000	0.000000e+000	0.000000e+000	0.000000e+000	0.000000e+000	0.000000e+000	0.000000e+000	-2.530171e-098	-2.656984e+303	0.000000e+000	1.423876e-173	1.003122e-305	0.000000e+000	2.121996e-314	-7.845908e+298	4.729874e-001	8.810692e-001	-2.530171e-098	-2.656984e+303	0.000000e+000	1.423890e-173	1.003287e-305	
0.000000e+000	7.808298e-001	0.000000e+000	0.000000e+000	0.000000e+000	0.000000e+000	0.000000e+000	0.000000e+000	0.000000e+000	0.000000e+000	0.000000e+000	0.000000e+000	0.000000e+000	0.000000e+000	0.000000e+000	-2.530171e-098	-2.656984e+303	0.000000e+000	1.423876e-173	1.003430e-305	0.000000e+000	2.121996e-314	-7.845908e+298	3.375113e-001	9.413215e-001	-2.530171e-098	-2.656984e+303	0.000000e+000	1.423890e-173	1.003595e-305	
0.000000e+000	7.114343e-001	0.000000e+000	0.000000e+000	0.000000e+000	0.000000e+000	0.000000e+000	0.000000e+000	0.000000e+000	0.000000e+000	0.000000e+000	0.000000e+000	0.000000e+000	0.000000e+000	0.000000e+000	-2.530171e-098	-2.656984e+303	0.000000e+000	1.423876e-173	1.003739e-305	0.000000e+000	2.121996e-314	-7.845908e+298	4.379148e-001	8.990165e-001	-2.530171e-098	-2.656984e+303	0.000000e+000	1.423890e-173	1.003904e-305	
0.000000e+000	7.397400e-001	0.000000e+000	0.000000e+000	0.000000e+000	0.000000e+000	0.000000e+000	0.000000e+000	0.000000e+000	0.000000e+000	0.000000e+000	0.000000e+000	0.000000e+000	0.000000e+000	0.000000e+000	-2.530171e-098	-2.656984e+303	0.000000e+000	1.423876e-173	1.004047e-305	0.000000e+000	2.121996e-314	-7.845908e+298	3.975227e-001	9.175923e-001	-2.530171e-098	-2.656984e+303	0.000000e+000	1.423890e-173	1.004212e-305	
0.000000e+000	9.497321e-001	0.000000e+000	0.000000e+000	0.000000e+000	0.000000e+000	0.000000e+000	0.000000e+000	0.000000e+000	0.000000e+000	0.000000e+000	0.000000e+000	0.000000e+000	0.000000e+000	0.000000e+000	-2.530171e-098	-2.656984e+303	0.000000e+000	1.423876e-173	1.004356e-305	0.000000e+000	2.121996e-314	-7.845908e+298	7.887857e-002	9.968842e-001	-2.530171e-098	-2.656984e+303	0.000000e+000	1.423890e-173	1.004521e-305	
0.000000e+000	4.843488e-001	0.000000e+000	0.000000e+000	0.000000e+000	0.000000e+000	0.000000e+000	0.000000e+000	0.000000e+000	0.000000e+000	0.000000e+000	0.000000e+000	0.000000e+000	0.000000e+000	0.000000e+000	-2.530171e-098	-2.656984e+303	0.000000e+000	1.423876e-173	1.004664e-305	0.000000e+000	2.121996e-314	-7.845908e+298	7.242754e-001	6.895108e-001	-2.530171e-098	-2.656984e+303	0.000000e+000	1.423890e-173	1.004829e-305	
0.000000e+000	5.866136e-001	0.000000e+000	0.000000e+000	0.000000e+000	0.000000e+000	0.000000e+000	0.000000e+000	0.000000e+000	0.000000e+000	0.000000e+000	0.000000e+000	0.000000e+000	0.000000e+000	0.000000e+000	-2.530171e-098	-2.656984e+303	0.000000e+000	1.423876e-173	1.004973e-305	0.000000e+000	2.121996e-314	-7.845908e+298	6.046656e-001	7.964795e-001	-2.530171e-098	-2.656984e+303	0.000000e+000	1.423890e-173	1.005138e-305	
0.000000e+000	5.866136e-001	0.000000e+000	0.000000e+000	0.000000e+000	0.000000e+000	0.000000e+000	0.000000e+000	0.000000e+000	0.000000e+000	0.000000e+000	0.000000e+000	0.000000e+000	0.000000e+000	0.000000e+000	-2.530171e-098	-2.656984e+303	0.000000e+000	1.423876e-173	1.005281e-305	0.000000e+000	2.121996e-314	-7.845908e+298	6.046656e-001	7.964795e-001	-2.530171e-098	-2.656984e+303	0.000000e+000	1.423890e-173	1.005447e-305	
0.000000e+000	8.531944e-001	0.000000e+000	0.000000e+000	0.000000e+000	0.000000e+000	0.000000e+000	0.000000e+000	0.000000e+000	0.000000e+000	0.000000e+000	0.000000e+000	0.000000e+000	0.000000e+000	0.000000e+000	-2.530171e-098	-2.656984e+303	0.000000e+000	1.423876e-173	1.005590e-305	0.000000e+000	2.121996e-314	-7.845908e+298	2.285633e-001	9.735290e-001	-2.530171e-098	-2.656984e+303	0.000000e+000	1.423890e-173	1.005755e-305	
0.000000e+000	8.061997e-001	0.000000e+000	0.000000e+000	0.000000e+000	0.000000e+000	0.000000e+000	0.000000e+000	0.000000e+000	0.000000e+000	0.000000e+000	0.000000e+000	0.000000e+000	0.000000e+000	0.000000e+000	-2.530171e-098	-2.656984e+303	0.000000e+000	1.423876e-173	1.005899e-305	0.000000e+000	2.121996e-314	-7.845908e+298	2.997406e-001	9.540207e-001	-2.530171e-098	-2.656984e+303	0.000000e+000	1.423890e-173	1.006064e-305	
0.000000e+000	9.785136e-001	0.000000e+000	0.000000e+000	0.000000e+000	0.000000e+000	0.000000e+000	0.000000e+000	0.000000e+000	0.000000e+000	0.000000e+000	0.000000e+000	0.000000e+000	0.000000e+000	0.000000e+000	-2.530171e-098	-2.656984e+303	0.000000e+000	1.423876e-173	1.006207e-305	0.000000e+000	2.121996e-314	-7.845908e+298	3.374435e-002	9.994305e-001	-2.530171e-098	-2.656984e+303	0.000000e+000	1.423890e-173	1.006372e-305	
0.000000e+000	6.644903e-001	0.000000e+000	0.000000e+000	0.000000e+000	0.000000e+000	0.000000e+000	0.000000e+000	0.000000e+000	0.000000e+000	0.000000e+000	0.000000e+000	0.000000e+000	0.000000e+000	0.000000e+000	-2.530171e-098	-2.656984e+303	0.000000e+000	1.423876e-173	1.006516e-305	0.000000e+000	2.121996e-314	-7.845908e+298	5.029578e-001	8.643110e-001	-2.530171e-098	-2.656984e+303	0.000000e+000	1.423890e-173	1.006681e-305	
0.000000e+000	5.131762e-001	0.000000e+000	0.000000e+000	0.000000e+000	0.000000e+000	0.000000e+000	0.000000e+000	0.000000e+000	0.000000e+000	0.000000e+000	0.000000e+000	0.000000e+000	0.000000e+000	0.000000e+000	-2.530171e-098	-2.656984e+303	0.000000e+000	1.423876e-173	1.006824e-305	0.000000e+000	2.121996e-314	-7.845908e+298	6.923213e-001	7.215894e-001	-2.530171e-098	-2.656984e+303	0.000000e+000	1.423890e-173	1.006989e-305	
0.000000e+000	7.579438e-001	0.000000e+000	0.000000e+000	0.000000e+000	0.000000e+000	0.000000e+000	0.000000e+000	0.000000e+000	0.000000e+000	0.000000e+000	0.000000e+000	0.000000e+000	0.000000e+000	0.000000e+000	-2.530171e-098	-2.656984e+303	0.000000e+000	1.423876e-173	1.007133e-305	0.000000e+000	2.121996e-314	-7.845908e+298	3.711257e-001	9.285826e-001	-2.530171e-098	-2.656984e+303	0.000000e+000	1.423890e-173	1.007298e-305	
0.000000e+000	3.177159e-001	0.000000e+000	0.000000e+000	0.000000e+000	0.000000e+000	0.000000e+000	0.000000e+000	0.000000e+000	0.000000e+000	0.000000e+000	0.000000e+000	0.000000e+000	0.000000e+000	0.000000e+000	-2.530171e-098	-2.656984e+303	0.000000e+000	1.423876e-173	1.007441e-305	0.000000e+000	2.121996e-314	-7.845908e+298	8.780295e-001	4.786065e-001	-2.530171e-098	-2.656984e+303	0.000000e+000	1.423890e-173	1.007606e-305	
0.000000e+000	0.000000e+000	0.000000e+000	0.000000e+000	0.000000e+000	0.000000e+000	0.000000e+000	0.000000e+000	0.000000e+000	0.000000e+000	0.000000e+000	0.000000e+000	0.000000e+000	0.000000e+000	0.000000e+000	-2.530171e-098	-2.656984e+303	0.000000e+000	1.423876e-173	1.007750e-305	0.000000e+000	2.121996e-314	-7.845908e+298	1.000000e+000	0.000000e+000	-2.530171e-098	-2.656984e+303	0.000000e+000	1.423890e-173	1.007915e-305	
0.000000e+000	0.000000e+000	0.000000e+000	0.000000e+000	0.000000e+000	0.000000e+000	0.000000e+000	0.000000e+000	0.000000e+000	0.000000e+000	0.000000e+000	0.000000e+000	0.000000e+000	0.000000e+000	0.000000e+000	-2.530171e-098	-2.656984e+303	0.000000e+000	1.423876e-173	1.008058e-305	0.000000e+000	2.121996e-314	-7.845908e+298	9.551303e-001	2.961858e-001	-2.530171e-098	-2.656984e+303	0.000000e+000	1.423890e-173	1.008224e-305	
0.000000e+000	0.000000e+000	0.000000e+000	0.000000e+000	0.000000e+000	0.000000e+000	0.000000e+000	0.000000e+000	0.000000e+000	0.000000e+000	0.000000e+000	0.000000e+000	0.000000e+000	0.000000e+000	0.000000e+000	-2.530171e-098	-2.656984e+303	0.000000e+000	1.423876e-173	1.008367e-305	0.000000e+000	2.121996e-314	-7.845908e+298	3.711257e-001	9.285826e-001	-2.530171e-098	-2.656984e+303	0.000000e+000	1.423890e-173	1.008532e-305	
0.000000e+000	0.000000e+000	0.000000e+000	0.000000e+000	0.000000e+000	0.000000e+000	0.000000e+000	0.000000e+000	0.000000e+000	0.000000e+000	0.000000e+000	0.000000e+000	0.000000e+000	0.000000e+000	0.000000e+000	-2.530171e-098	-2.656984e+303	0.000000e+000	1.423876e-173	1.008676e-305	0.000000e+000	2.121996e-314	-7.845908e+298	6.330049e-001	7.741478e-001	-2.530171e-098	-2.656984e+303	0.000000e+000	1.423890e-173	1.008841e-305	
0.000000e+000	0.000000e+000	0.000000e+000	0.000000e+000	0.000000e+000	0.000000e+000	0.000000e+000	0.000000e+000	0.000000e+000	0.000000e+000	0.000000e+000	0.000000e+000	0.000000e+000	0.000000e+000	0.000000e+000	-2.530171e-098	-2.656984e+303	0.000000e+000	1.423876e-173	1.008984e-305	0.000000e+000	2.121996e-314	-7.845908e+298	4.729874e-001	8.810692e-001	-2.530171e-098	-2.656984e+303	0.000000e+000	1.423890e-173	1.009149e-305	
0.000000e+000	0.000000e+000	0.000000e+000	0.000000e+000	0.000000e+000	0.000000e+000	0.000000e+000	0.000000e+000	0.000000e+000	0.000000e+000	0.000000e+000	0.000000e+000	0.000000e+000	0.000000e+000	0.000000e+000	-2.530171e-098	-2.656984e+303	0.000000e+000	1.423876e-173	1.009293e-305	0.000000e+000	2.121996e-314	-7.845908e+298	7.722182e-001	6.353575e-001	-2.530171e-098	-2.656984e+303	0.000000e+000	1.423890e-173	1.009458e-305	
0.000000e+000	0.000000e+000	0.000000e+000	0.000000e+000	0.000000e+000	0.000000e+000	0.000000e+000	0.000000e+000	0.000000e+000	0.000000e+000	0.000000e+000	0.000000e+000	0.000000e+000	0.000000e+000	0.000000e+000	-2.530171e-098	-2.656984e+303	0.000000e+000	1.423876e-173	1.009601e-305	0.000000e+000	2.121996e-314	-7.845908e+298	2.667039e-001	9.637785e-001	-2.530171e-098	-2.656984e+303	0.000000e+000	1.423890e-173	1.009766e-305	
0.000000e+000	0.000000e+000	0.000000e+000	0.000000e+000	0.000000e+000	0.000000e+000	0.000000e+000	0.000000e+000	0.000000e+000	0.000000e+000	0.000000e+000	0.000000e+000	0.000000e+000	0.000000e+000	0.000000e+000	-2.530171e-098	-2.656984e+303	0.000000e+000	1.423876e-173	1.009910e-305	0.000000e+000	2.121996e-314	-7.845908e+298	8.959353e-001	4.441847e-001	-2.530171e-098	-2.656984e+303	0.000000e+000	1.423890e-173	1.010075e-305	
0.000000e+000	0.000000e+000	0.000000e+000	0.000000e+000	0.000000e+000	0.000000e+000	0.000000e+000	0.000000e+000	0.000000e+000	0.000000e+000	0.000000e+000	0.000000e+000	0.000000e+000	0.000000e+000	0.000000e+000	-2.530171e-098	-2.656984e+303	0.000000e+000	1.423876e-173	1.010218e-305	0.000000e+000	2.121996e-314	-7.845908e+298	7.487533e-001	6.628488e-001	-2.530171e-098	-2.656984e+303	0.000000e+000	1.423890e-173	1.010383e-305	
0.000000e+000	0.000000e+000	0.000000e+000	0.000000e+000	0.000000e+000	0.000000e+000	0.000000e+000	0.000000e+000	0.000000e+000	0.000000e+000	0.000000e+000	0.000000e+000	0.000000e+000	0.000000e+000	0.000000e+000	-2.530171e-098	-2.656984e+303	0.000000e+000	1.423876e-173	1.010527e-305	0.000000e+000	2.121996e-314	-7.845908e+298	1.156768e-001	9.932869e-001	-2.530171e-098	-2.656984e+303	0.000000e+000	1.423890e-173	1.010692e-305	
0.000000e+000	0.000000e+000	0.000000e+000	0.000000e+000	0.000000e+000	0.000000e+000	0.000000e+000	0.000000e+000	0.000000e+000	0.000000e+000	0.000000e+000	0.000000e+000	0.000000e+000	0.000000e+000	0.000000e+000	-2.530171e-098	-2.656984e+303	0.000000e+000	1.423876e-173	1.010835e-305	0.000000e+000	2.121996e-314	-7.845908e+298	9.901147e-001	1.402603e-001	-2.530171e-098	-2.656984e+303	0.000000e+000	1.423890e-173	1.011001e-305	
0.000000e+000	0.000000e+000	0.000000e+000	0.000000e+000	0.000000e+000	0.000000e+000	0.000000e+000	0.000000e+000	0.000000e+000	0.000000e+000	0.000000e+000	0.000000e+000	0.000000e+000	0.000000e+000	0.000000e+000	-2.530171e-098	-2.656984e+303	0.000000e+000	1.423876e-173	1.011144e-305	0.000000e+000	2.121996e-314	-7.845908e+298	1.536152e-001	9.881308e-001	-2.530171e-098	-2.656984e+303	0.000000e+000	1.423890e-173	1.011309e-305	
0.000000e+000	0.000000e+000	0.000000e+000	0.000000e+000	0.000000e+000	0.000000e+000	0.000000e+000	0.000000e+000	0.000000e+000	0.000000e+000	0.000000e+000	0.000000e+000	0.000000e+000	0.000000e+000	0.000000e+000	-2.530171e-098	-2.656984e+303	0.000000e+000	1.423876e-173	1.011453e-305	0.000000e+000	2.121996e-314	-7.845908e+298	5.029578e-001	8.643110e-001	-2.530171e-098	-2.656984e+303	0.000000e+000	1.423890e-173	1.011618e-305	
0.000000e+000	0.000000e+000	0.000000e+000	0.000000e+000	0.000000e+000	0.000000e+000	0.000000e+000	0.000000e+000	0.000000e+000	0.000000e+000	0.000000e+000	0.000000e+000	0.000000e+000	0.000000e+000	0.000000e+000	-2.530171e-098	-2.656984e+303	0.000000e+000	1.423876e-173	1.011761e-305	0.000000e+000	2.121996e-314	-7.845908e+298	2.285633e-001	9.735290e-001	-2.530171e-098	-2.656984e+303	0.000000e+000	1.423890e-173	1.011926e-305	
0.000000e+000	0.000000e+000	0.000000e+000	0.000000e+000	0.000000e+000	0.000000e+000	0.000000e+000	0.000000e+000	0.000000e+000	0.000000e+000	0.000000e+000	0.000000e+000	0.000000e+000	0.000000e+000	0.000000e+000	-2.530171e-098	-2.656984e+303	0.000000e+000	1.423876e-173	1.012070e-305	0.000000e+000	2.121996e-314	-7.845908e+298	7.242754e-001	6.895108e-001	-2.530171e-098	-2.656984e+303	0.000000e+000	1.423890e-173	1.012235e-305	
0.000000e+000	0.000000e+000	0.000000e+000	0.000000e+000	0.000000e+000	0.000000e+000	0.000000e+000	0.000000e+000	0.000000e+000	0.000000e+000	0.000000e+000	0.000000e+000	0.000000e+000	0.000000e+000	0.000000e+000	-2.530171e-098	-2.656984e+303	0.000000e+000	1.423876e-173	1.012378e-305	0.000000e+000	2.121996e-314	-7.845908e+298	9.115645e-001	4.111572e-001	-2.530171e-098	-2.656984e+303	0.000000e+000	1.423890e-173	1.012543e-305	
0.000000e+000	0.000000e+000	0.000000e+000	0.000000e+000	0.000000e+000	0.000000e+000	0.000000e+000	0.000000e+000	0.000000e+000	0.000000e+000	0.000000e+000	0.000000e+000	0.000000e+000	0.000000e+000	0.000000e+000	-2.530171e-098	-2.656984e+303	0.000000e+000	1.423876e-173	1.012687e-305	0.000000e+000	2.121996e-314	-7.845908e+298	4.059411e-001	9.138992e-001	-2.530171e-098	-2.656984e+303	0.000000e+000	1.423890e-173	1.012852e-305	
0.000000e+000	0.000000e+000	0.000000e+000	0.000000e+000	0.000000e+000	0.000000e+000	0.000000e+000	0.000000e+000	0.000000e+000	0.000000e+000	0.000000e+000	0.000000e+000	0.000000e+000	0.000000e+000	0.000000e+000	-2.530171e-098	-2.656984e+303	0.000000e+000	1.423876e-173	1.012995e-305	0.000000e+000	2.121996e-314	-7.845908e+298	6.959136e-001	7.181255e-001	-2.530171e-098	-2.656984e+303	0.000000e+000	1.423890e-173	1.013160e-305	
0.000000e+000	0.000000e+000	0.000000e+000	0.000000e+000	0.000000e+000	0.000000e+000	0.000000e+000	0.000000e+000	0.000000e+000	0.000000e+000	0.000000e+000	0.000000e+000	0.000000e+000	0.000000e+000	0.000000e+000	-2.530171e-098	-2.656984e+303	0.000000e+000	1.423876e-173	1.013304e-305	0.000000e+000	2.121996e-314	-7.845908e+298	6.123234e-017	1.000000e+000	-2.530171e-098	-2.656984e+303	0.000000e+000	1.423890e-173	1.013469e-305	
0.000000e+000	0.000000e+000	0.000000e+000	0.000000e+000	0.000000e+000	0.000000e+000	0.000000e+000	0.000000e+000	0.000000e+000	0.000000e+000	0.000000e+000	0.000000e+000	0.000000e+000	0.000000e+000	0.000000e+000	-2.530171e-098	-2.656984e+303	0.000000e+000	1.423876e-173	1.013612e-305	0.000000e+000	2.121996e-314	-7.845908e+298	8.780295e-001	4.786065e-001	-2.530171e-098	-2.656984e+303	0.000000e+000	1.423890e-173	1.013778e-305	
0.000000e+000	0.000000e+000	0.000000e+000	0.000000e+000	0.000000e+000	0.000000e+000	0.000000e+000	0.000000e+000	0.000000e+000	0.000000e+000	0.000000e+000	0.000000e+000	0.000000e+000	0.000000e+000	0.000000e+000	-2.530171e-098	-2.656984e+303	0.000000e+000	1.423876e-173	1.013921e-305	0.000000e+000	2.121996e-314	-7.845908e+298	7.968797e-001	6.041380e-001	-2.530171e-098	-2.656984e+303	0.000000e+000	1.423890e-173	1.014086e-305	
0.000000e+000	0.000000e+000	0.000000e+000	0.000000e+000	0.000000e+000	0.000000e+000	0.000000e+000	0.000000e+000	0.000000e+000	0.000000e+000	0.000000e+000	0.000000e+000	0.000000e+000	0.000000e+000	0.000000e+000	-2.530171e-098	-2.656984e+303	0.000000e+000	1.423876e-173	1.014230e-305	0.000000e+000	2.121996e-314	-7.845908e+298	4.379148e-001	8.990165e-001	-2.530171e-098	-2.656984e+303	0.000000e+000	1.423890e-173	1.014395e-305	
0.000000e+000	0.000000e+000	0.000000e+000	0.000000e+000	0.000000e+000	0.000000e+000	0.000000e+000	0.000000e+000	0.000000e+000	0.000000e+000	0.000000e+000	0.000000e+000	0.000000e+000	0.000000e+000	0.000000e+000	-2.530171e-098	-2.656984e+303	0.000000e+000	1.423876e-173	1.014538e-305	0.000000e+000	2.121996e-314	-7.845908e+298	2.997406e-001	9.540207e-001	-2.530171e-098	-2.656984e+303	0.000000e+000	1.423890e-173	1.014703e-305	
0.000000e+000	0.000000e+000	0.000000e+000	0.000000e+000	0.000000e+000	0.000000e+000	0.000000e+000	0.000000e+000	0.000000e+000	0.000000e+000	0.000000e+000	0.000000e+000	0.000000e+000	0.000000e+000	0.000000e+000	-2.530171e-098	-2.656984e+303	0.000000e+000	1.423876e-173	1.014847e-305	0.000000e+000	2.121996e-314	-7.845908e+298	7.887857e-002	9.968842e-001	-2.530171e-098	-2.656984e+303	0.000000e+000	1.423890e-173	1.015012e-305	
0.000000e+000	0.000000e+000	0.000000e+000	0.000000e+000	0.000000e+000	0.000000e+000	0.000000e+000	0.000000e+000	0.000000e+000	0.000000e+000	0.000000e+000	0.000000e+000	0.000000e+000	0.000000e+000	0.000000e+000	-2.530171e-098	-2.656984e+303	0.000000e+000	1.423876e-173	1.015155e-305	0.000000e+000	2.121996e-314	-7.845908e+298	6.046656e-001	7.964795e-001	-2.530171e-098	-2.656984e+303	0.000000e+000	1.423890e-173	1.015320e-305	
0.000000e+000	0.000000e+000	0.000000e+000	0.000000e+000	0.000000e+000	0.000000e+000	0.000000e+000	0.000000e+000	0.000000e+000	0.000000e+000	0.000000e+000	0.000000e+000	0.000000e+000	0.000000e+000	0.000000e+000	-2.530171e-098	-2.656984e+303	0.000000e+000	1.423876e-173	1.015464e-305	0.000000e+000	2.121996e-314	-7.845908e+298	9.835748e-001	1.805010e-001	-2.530171e-098	-2.656984e+303	0.000000e+000	1.423890e-173	1.015629e-305	
0.000000e+000	0.000000e+000	0.000000e+000	0.000000e+000	0.000000e+000	0.000000e+000	0.000000e+000	0.000000e+000	0.000000e+000	0.000000e+000	0.000000e+000	0.000000e+000	0.000000e+000	0.000000e+000	0.000000e+000	-2.530171e-098	-2.656984e+303	0.000000e+000	1.423876e-173	1.015772e-305	0.000000e+000	2.121996e-314	-7.845908e+298	9.748436e-001	2.228899e-001	-2.530171e-098	-2.656984e+303	0.000000e+000	1.423890e-173	1.015937e-305	
0.000000e+000	0.000000e+000	0.000000e+000	0.000000e+000	0.000000e+000	0.000000e+000	0.000000e+000	0.000000e+000	0.000000e+000	0.000000e+000	0.000000e+000	0.000000e+000	0.000000e+000	0.000000e+000	0.000000e+000	-2.530171e-098	-2.656984e+303	0.000000e+000	1.423876e-173	1.016081e-305	0.000000e+000	2.121996e-314	-7.845908e+298	8.203111e-001	5.719175e-001	-2.530171e-098	-2.656984e+303	0.000000e+000	1.423890e-173	1.016246e-305	
0.000000e+000	0.000000e+000	0.000000e+000	0.000000e+000	0.000000e+000	0.000000e+000	0.000000e+000	0.000000e+000	0.000000e+000	0.000000e+000	0.000000e+000	0.000000e+000	0.000000e+000	0.000000e+000	0.000000e+000	-2.530171e-098	-2.656984e+303	0.000000e+000	1.423876e-173	1.016389e-305	0.000000e+000	2.121996e-314	-7.845908e+298	3.348906e-001	9.422570e-001	-2.530171e-098	-2.656984e+303	0.000000e+000	1.423890e-173	1.016555e-305	
0.000000e+000	0.000000e+000	0.000000e+000	0.000000e+000	0.000000e+000	0.000000e+000	0.000000e+000	0.000000e+000	0.000000e+000	0.000000e+000	0.000000e+000	0.000000e+000	0.000000e+000	0.000000e+000	0.000000e+000	-2.530171e-098	-2.656984e+303	0.000000e+000	1.423876e-173	1.016698e-305	0.000000e+000	2.121996e-314	-7.845908e+298	9.645030e-001	2.640721e-001	-2.530171e-098	-2.656984e+303	0.000000e+000	1.423890e-173	1.016863e-305	
0.000000e+000	0.000000e+000	0.000000e+000	0.000000e+000	0.000000e+000	0.000000e+000	0.000000e+000	0.000000e+000	0.000000e+000	0.000000e+000	0.000000e+000	0.000000e+000	0.000000e+000	0.000000e+000	0.000000e+000	-2.530171e-098	-2.656984e+303	0.000000e+000	1.423876e-173	1.017007e-305	0.000000e+000	2.121996e-314	-7.845908e+298	6.698600e-001	7.424874e-001	-2.530171e-098	-2.656984e+303	0.000000e+000	1.423890e-173	1.017172e-305	
0.000000e+000	0.000000e+000	0.000000e+000	0.000000e+000	0.000000e+000	0.000000e+000	0.000000e+000	0.000000e+000	0.000000e+000	0.000000e+000	0.000000e+000	0.000000e+000	0.000000e+000	0.000000e+000	0.000000e+000	-2.530171e-098	-2.656984e+303	0.000000e+000	1.423876e-173	1.017315e-305	0.000000e+000	2.121996e-314	-7.845908e+298	8.409127e-001	5.411708e-001	-2.530171e-098	-2.656984e+303	0.000000e+000	1.423890e-173	1.017480e-305	
0.000000e+000	0.000000e+000	0.000000e+000	0.000000e+000	0.000000e+000	0.000000e+000	0.000000e+000	0.000000e+000	0.000000e+000	0.000000e+000	0.000000e+000	0.000000e+000	0.000000e+000	0.000000e+000	0.000000e+000	-2.530171e-098	-2.656984e+303	0.000000e+000	1.423876e-173	1.017624e-305	0.000000e+000	2.121996e-314	-7.845908e+298	1.919656e-001	9.814017e-001	-2.530171e-098	-2.656984e+303	0.000000e+000	1.423890e-173	1.017789e-305	
0.000000e+000	0.000000e+000	0.000000e+000	0.000000e+000	0.000000e+000	0.000000e+000	0.000000e+000	0.000000e+000	0.000000e+000	0.000000e+000	0.000000e+000	0.000000e+000	0.000000e+000	0.000000e+000	0.000000e+000	-2.530171e-098	-2.656984e+303	0.000000e+000	1.423876e-173	1.017932e-305	0.000000e+000	2.121996e-314	-7.845908e+298	9.951610e-001	9.825730e-002	-2.530171e-098	-2.656984e+303	0.000000e+000	1.423890e-173	1.018097e-305	
0.000000e+000	0.000000e+000	0.000000e+000	0.000000e+000	0.000000e+000	0.000000e+000	0.000000e+000	0.000000e+000	0.000000e+000	0.000000e+000	0.000000e+000	0.000000e+000	0.000000e+000	0.000000e+000	0.000000e+000	-2.530171e-098	-2.656984e+303	0.000000e+000	1.423876e-173	1.018241e-305	0.000000e+000	2.121996e-314	-7.845908e+298	8.575518e-001	5.143976e-001	-2.530171e-098	-2.656984e+303	0.000000e+000	1.423890e-173	1.018406e-305	
0.000000e+000	0.000000e+000	0.000000e+000	0.000000e+000	0.000000e+000	0.000000e+000	0.000000e+000	0.000000e+000	0.000000e+000	0.000000e+000	0.000000e+000	0.000000e+000	0.000000e+000	0.000000e+000	0.000000e+000	-2.530171e-098	-2.656984e+303	0.000000e+000	1.423876e-173	1.018549e-305	0.000000e+000	2.121996e-314	-7.845908e+298	9.422868e-001	3.348067e-001	-2.530171e-098	-2.656984e+303	0.000000e+000	1.423890e-173	1.018714e-305	
0.000000e+000	0.000000e+000	0.000000e+000	0.000000e+000	0.000000e+000	0.000000e+000	0.000000e+000	0.000000e+000	0.000000e+000	0.000000e+000	0.000000e+000	0.000000e+000	0.000000e+000	0.000000e+000	0.000000e+000	-2.530171e-098	-2.656984e+303	0.000000e+000	1.423876e-173	1.018858e-305	0.000000e+000	2.121996e-314	-7.845908e+298	5.334257e-001	8.458469e-001	-2.530171e-098	-2.656984e+303	0.000000e+000	1.423890e-173	1.019023e-305	
0.000000e+000	0.000000e+000	0.000000e+000	0.000000e+000	0.000000e+000	0.000000e+000	0.000000e+000	0.000000e+000	0.000000e+000	0.000000e+000	0.000000e+000	0.000000e+000	0.000000e+000	0.000000e+000	0.000000e+000	-2.530171e-098	-2.656984e+303	0.000000e+000	1.423876e-173	1.019166e-305	0.000000e+000	2.121996e-314	-7.845908e+298	3.501204e-002	9.993869e-001	-2.530171e-098	-2.656984e+303	0.000000e+000	1.423890e-173	1.019332e-305	
0.000000e+000	0.000000e+000	0.000000e+000	0.000000e+000	0.000000e+000	0.000000e+000	0.000000e+000	0.000000e+000	0.000000e+000	0.000000e+000	0.000000e+000	0.000000e+000	0.000000e+000	0.000000e+000	0.000000e+000	-2.530171e-098	-2.656984e+303	0.000000e+000	1.423876e-173	1.019475e-305	0.000000e+000	2.121996e-314	-7.845908e+298	5.593753e-001	8.289145e-001	-2.530171e-098	-2.656984e+303	0.000000e+000	1.423890e-173	1.019640e-305	
0.000000e+000	0.000000e+000	0.000000e+000	0.000000e+000	0.000000e+000	0.000000e+000	0.000000e+000	0.000000e+000	0.000000e+000	0.000000e+000	0.000000e+000	0.000000e+000	0.000000e+000	0.000000e+000	0.000000e+000	-2.530171e-098	-2.656984e+303	0.000000e+000	1.423876e-173	1.019784e-305	0.000000e+000	2.121996e-314	-7.845908e+298	9.288003e-001	3.705807e-001	-2.530171e-098	-2.656984e+303	0.000000e+000	1.423890e-173	1.019949e-305	
