1.061476e-001	0.000000e+000	0.000000e+000	0.000000e+000	0.000000e+000	0.000000e+000	0.000000e+000	0.000000e+000	0.000000e+000	0.000000e+000	0.000000e+000	0.000000e+000	0.000000e+000	0.000000e+000	0.000000e+000	-2.530171e-098	-2.656984e+303	0.000000e+000	9.184789e-174	6.115415e-290	0.000000e+000	2.121996e-314	-7.845908e+298	9.861317e-001	1.659647e-001	-2.530171e-098	-2.656984e+303	0.000000e+000	9.184934e-174	6.116902e-290	
1.941557e-001	0.000000e+000	0.000000e+000	0.000000e+000	0.000000e+000	0.000000e+000	0.000000e+000	0.000000e+000	0.000000e+000	0.000000e+000	0.000000e+000	0.000000e+000	0.000000e+000	0.000000e+000	0.000000e+000	-2.530171e-098	-2.656984e+303	0.000000e+000	9.184789e-174	6.118194e-290	0.000000e+000	2.121996e-314	-7.845908e+298	9.538532e-001	3.002732e-001	-2.530171e-098	-2.656984e+303	0.000000e+000	9.184934e-174	6.119681e-290	
1.539463e-001	0.000000e+000	0.000000e+000	0.000000e+000	0.000000e+000	0.000000e+000	0.000000e+000	0.000000e+000	0.000000e+000	0.000000e+000	0.000000e+000	0.000000e+000	0.000000e+000	0.000000e+000	0.000000e+000	-2.530171e-098	-2.656984e+303	0.000000e+000	9.184789e-174	6.120973e-290	0.000000e+000	2.121996e-314	-7.845908e+298	9.709042e-001	2.394683e-001	-2.530171e-098	-2.656984e+303	0.000000e+000	9.184934e-174	6.122460e-290	
7.224322e-002	0.000000e+000	0.000000e+000	0.000000e+000	0.000000e+000	0.000000e+000	0.000000e+000	0.000000e+000	0.000000e+000	0.000000e+000	0.000000e+000	0.000000e+000	0.000000e+000	0.000000e+000	0.000000e+000	-2.530171e-098	-2.656984e+303	0.000000e+000	9.184789e-174	6.123752e-290	0.000000e+000	2.121996e-314	-7.845908e+298	9.935681e-001	1.132360e-001	-2.530171e-098	-2.656984e+303	0.000000e+000	9.184934e-174	6.125240e-290	
5.337757e-001	0.000000e+000	0.000000e+000	0.000000e+000	0.000000e+000	0.000000e+000	0.000000e+000	0.000000e+000	0.000000e+000	0.000000e+000	0.000000e+000	0.000000e+000	0.000000e+000	0.000000e+000	0.000000e+000	-2.530171e-098	-2.656984e+303	0.000000e+000	9.184789e-174	6.126531e-290	0.000000e+000	2.121996e-314	-7.845908e+298	6.686141e-001	7.436096e-001	-2.530171e-098	-2.656984e+303	0.000000e+000	9.184934e-174	6.128019e-290	
1.000000e+000	0.000000e+000	0.000000e+000	0.000000e+000	0.000000e+000	0.000000e+000	0.000000e+000	0.000000e+000	0.000000e+000	0.000000e+000	0.000000e+000	0.000000e+000	0.000000e+000	0.000000e+000	0.000000e+000	-2.530171e-098	-2.656984e+303	0.000000e+000	9.184789e-174	6.129311e-290	0.000000e+000	2.121996e-314	-7.845908e+298	6.123234e-017	1.000000e+000	-2.530171e-098	-2.656984e+303	0.000000e+000	9.184934e-174	6.130798e-290	
2.366382e-001	0.000000e+000	0.000000e+000	0.000000e+000	0.000000e+000	0.000000e+000	0.000000e+000	0.000000e+000	0.000000e+000	0.000000e+000	0.000000e+000	0.000000e+000	0.000000e+000	0.000000e+000	0.000000e+000	-2.530171e-098	-2.656984e+303	0.000000e+000	9.184789e-174	6.132090e-290	0.000000e+000	2.121996e-314	-7.845908e+298	9.317075e-001	3.632096e-001	-2.530171e-098	-2.656984e+303	0.000000e+000	9.184934e-174	6.133577e-290	
7.016623e-001	0.000000e+000	0.000000e+000	0.000000e+000	0.000000e+000	0.000000e+000	0.000000e+000	0.000000e+000	0.000000e+000	0.000000e+000	0.000000e+000	0.000000e+000	0.000000e+000	0.000000e+000	0.000000e+000	-2.530171e-098	-2.656984e+303	0.000000e+000	9.184789e-174	6.134869e-290	0.000000e+000	2.121996e-314	-7.845908e+298	4.516625e-001	8.921889e-001	-2.530171e-098	-2.656984e+303	0.000000e+000	9.184934e-174	6.136356e-290	
3.063271e-001	0.000000e+000	0.000000e+000	0.000000e+000	0.000000e+000	0.000000e+000	0.000000e+000	0.000000e+000	0.000000e+000	0.000000e+000	0.000000e+000	0.000000e+000	0.000000e+000	0.000000e+000	0.000000e+000	-2.530171e-098	-2.656984e+303	0.000000e+000	9.184789e-174	6.137648e-290	0.000000e+000	2.121996e-314	-7.845908e+298	8.864506e-001	4.628232e-001	-2.530171e-098	-2.656984e+303	0.000000e+000	9.184934e-174	6.139136e-290	
4.168661e-001	0.000000e+000	0.000000e+000	0.000000e+000	0.000000e+000	0.000000e+000	0.000000e+000	0.000000e+000	0.000000e+000	0.000000e+000	0.000000e+000	0.000000e+000	0.000000e+000	0.000000e+000	0.000000e+000	-2.530171e-098	-2.656984e+303	0.000000e+000	9.184789e-174	6.140427e-290	0.000000e+000	2.121996e-314	-7.845908e+298	7.931626e-001	6.090100e-001	-2.530171e-098	-2.656984e+303	0.000000e+000	9.184934e-174	6.141915e-290	
7.814631e-001	0.000000e+000	0.000000e+000	0.000000e+000	0.000000e+000	0.000000e+000	0.000000e+000	0.000000e+000	0.000000e+000	0.000000e+000	0.000000e+000	0.000000e+000	0.000000e+000	0.000000e+000	0.000000e+000	-2.530171e-098	-2.656984e+303	0.000000e+000	9.184789e-174	6.143207e-290	0.000000e+000	2.121996e-314	-7.845908e+298	3.365746e-001	9.416568e-001	-2.530171e-098	-2.656984e+303	0.000000e+000	9.184934e-174	6.144694e-290	
0.000000e+000	0.000000e+000	0.000000e+000	0.000000e+000	0.000000e+000	0.000000e+000	0.000000e+000	0.000000e+000	0.000000e+000	0.000000e+000	0.000000e+000	0.000000e+000	0.000000e+000	0.000000e+000	0.000000e+000	-2.530171e-098	-2.656984e+303	0.000000e+000	9.184789e-174	6.145986e-290	0.000000e+000	2.121996e-314	-7.845908e+298	1.000000e+000	0.000000e+000	-2.530171e-098	-2.656984e+303	0.000000e+000	9.184934e-174	6.147473e-290	
5.667873e-001	0.000000e+000	0.000000e+000	0.000000e+000	0.000000e+000	0.000000e+000	0.000000e+000	0.000000e+000	0.000000e+000	0.000000e+000	0.000000e+000	0.000000e+000	0.000000e+000	0.000000e+000	0.000000e+000	-2.530171e-098	-2.656984e+303	0.000000e+000	9.184789e-174	6.148765e-290	0.000000e+000	2.121996e-314	-7.845908e+298	6.291732e-001	7.772652e-001	-2.530171e-098	-2.656984e+303	0.000000e+000	9.184934e-174	6.150253e-290	
4.411130e-001	0.000000e+000	0.000000e+000	0.000000e+000	0.000000e+000	0.000000e+000	0.000000e+000	0.000000e+000	0.000000e+000	0.000000e+000	0.000000e+000	0.000000e+000	0.000000e+000	0.000000e+000	0.000000e+000	-2.530171e-098	-2.656984e+303	0.000000e+000	9.184789e-174	6.151544e-290	0.000000e+000	2.121996e-314	-7.845908e+298	7.693977e-001	6.387701e-001	-2.530171e-098	-2.656984e+303	0.000000e+000	9.184934e-174	6.153032e-290	
5.911715e-001	0.000000e+000	0.000000e+000	0.000000e+000	0.000000e+000	0.000000e+000	0.000000e+000	0.000000e+000	0.000000e+000	0.000000e+000	0.000000e+000	0.000000e+000	0.000000e+000	0.000000e+000	0.000000e+000	-2.530171e-098	-2.656984e+303	0.000000e+000	9.184789e-174	6.154324e-290	0.000000e+000	2.121996e-314	-7.845908e+298	5.989476e-001	8.007882e-001	-2.530171e-098	-2.656984e+303	0.000000e+000	9.184934e-174	6.155811e-290	
6.327726e-001	0.000000e+000	0.000000e+000	0.000000e+000	0.000000e+000	0.000000e+000	0.000000e+000	0.000000e+000	0.000000e+000	0.000000e+000	0.000000e+000	0.000000e+000	0.000000e+000	0.000000e+000	0.000000e+000	-2.530171e-098	-2.656984e+303	0.000000e+000	9.184789e-174	6.157103e-290	0.000000e+000	2.121996e-314	-7.845908e+298	5.453775e-001	8.381905e-001	-2.530171e-098	-2.656984e+303	0.000000e+000	9.184934e-174	6.158590e-290	
6.593652e-001	0.000000e+000	0.000000e+000	0.000000e+000	0.000000e+000	0.000000e+000	0.000000e+000	0.000000e+000	0.000000e+000	0.000000e+000	0.000000e+000	0.000000e+000	0.000000e+000	0.000000e+000	0.000000e+000	-2.530171e-098	-2.656984e+303	0.000000e+000	9.184789e-174	6.159882e-290	0.000000e+000	2.121996e-314	-7.845908e+298	5.098994e-001	8.602341e-001	-2.530171e-098	-2.656984e+303	0.000000e+000	9.184934e-174	6.161369e-290	
3.280706e-001	0.000000e+000	0.000000e+000	0.000000e+000	0.000000e+000	0.000000e+000	0.000000e+000	0.000000e+000	0.000000e+000	0.000000e+000	0.000000e+000	0.000000e+000	0.000000e+000	0.000000e+000	0.000000e+000	-2.530171e-098	-2.656984e+303	0.000000e+000	9.184789e-174	6.162661e-290	0.000000e+000	2.121996e-314	-7.845908e+298	8.701291e-001	4.928239e-001	-2.530171e-098	-2.656984e+303	0.000000e+000	9.184934e-174	6.164149e-290	
7.389226e-001	0.000000e+000	0.000000e+000	0.000000e+000	0.000000e+000	0.000000e+000	0.000000e+000	0.000000e+000	0.000000e+000	0.000000e+000	0.000000e+000	0.000000e+000	0.000000e+000	0.000000e+000	0.000000e+000	-2.530171e-098	-2.656984e+303	0.000000e+000	9.184789e-174	6.165440e-290	0.000000e+000	2.121996e-314	-7.845908e+298	3.987005e-001	9.170812e-001	-2.530171e-098	-2.656984e+303	0.000000e+000	9.184934e-174	6.166928e-290	
8.717271e-001	0.000000e+000	0.000000e+000	0.000000e+000	0.000000e+000	0.000000e+000	0.000000e+000	0.000000e+000	0.000000e+000	0.000000e+000	0.000000e+000	0.000000e+000	0.000000e+000	0.000000e+000	0.000000e+000	-2.530171e-098	-2.656984e+303	0.000000e+000	9.184789e-174	6.168220e-290	0.000000e+000	2.121996e-314	-7.845908e+298	2.001300e-001	9.797693e-001	-2.530171e-098	-2.656984e+303	0.000000e+000	9.184934e-174	6.169707e-290	
5.111563e-001	0.000000e+000	0.000000e+000	0.000000e+000	0.000000e+000	0.000000e+000	0.000000e+000	0.000000e+000	0.000000e+000	0.000000e+000	0.000000e+000	0.000000e+000	0.000000e+000	0.000000e+000	0.000000e+000	-2.530171e-098	-2.656984e+303	0.000000e+000	9.184789e-174	6.170999e-290	0.000000e+000	2.121996e-314	-7.845908e+298	6.946073e-001	7.193891e-001	-2.530171e-098	-2.656984e+303	0.000000e+000	9.184934e-174	6.172486e-290	
4.881943e-001	0.000000e+000	0.000000e+000	0.000000e+000	0.000000e+000	0.000000e+000	0.000000e+000	0.000000e+000	0.000000e+000	0.000000e+000	0.000000e+000	0.000000e+000	0.000000e+000	0.000000e+000	0.000000e+000	-2.530171e-098	-2.656984e+303	0.000000e+000	9.184789e-174	6.173778e-290	0.000000e+000	2.121996e-314	-7.845908e+298	7.200973e-001	6.938731e-001	-2.530171e-098	-2.656984e+303	0.000000e+000	9.184934e-174	6.175266e-290	
7.648100e-001	0.000000e+000	0.000000e+000	0.000000e+000	0.000000e+000	0.000000e+000	0.000000e+000	0.000000e+000	0.000000e+000	0.000000e+000	0.000000e+000	0.000000e+000	0.000000e+000	0.000000e+000	0.000000e+000	-2.530171e-098	-2.656984e+303	0.000000e+000	9.184789e-174	6.176557e-290	0.000000e+000	2.121996e-314	-7.845908e+298	3.610892e-001	9.325313e-001	-2.530171e-098	-2.656984e+303	0.000000e+000	9.184934e-174	6.178045e-290	
8.927453e-001	0.000000e+000	0.000000e+000	0.000000e+000	0.000000e+000	0.000000e+000	0.000000e+000	0.000000e+000	0.000000e+000	0.000000e+000	0.000000e+000	0.000000e+000	0.000000e+000	0.000000e+000	0.000000e+000	-2.530171e-098	-2.656984e+303	0.000000e+000	9.184789e-174	6.179337e-290	0.000000e+000	2.121996e-314	-7.845908e+298	1.676794e-001	9.858416e-001	-2.530171e-098	-2.656984e+303	0.000000e+000	9.184934e-174	6.180824e-290	
2.516493e-001	0.000000e+000	0.000000e+000	0.000000e+000	0.000000e+000	0.000000e+000	0.000000e+000	0.000000e+000	0.000000e+000	0.000000e+000	0.000000e+000	0.000000e+000	0.000000e+000	0.000000e+000	0.000000e+000	-2.530171e-098	-2.656984e+303	0.000000e+000	9.184789e-174	6.182116e-290	0.000000e+000	2.121996e-314	-7.845908e+298	9.228850e-001	3.850757e-001	-2.530171e-098	-2.656984e+303	0.000000e+000	9.184934e-174	6.183603e-290	
1.728663e-001	0.000000e+000	0.000000e+000	0.000000e+000	0.000000e+000	0.000000e+000	0.000000e+000	0.000000e+000	0.000000e+000	0.000000e+000	0.000000e+000	0.000000e+000	0.000000e+000	0.000000e+000	0.000000e+000	-2.530171e-098	-2.656984e+303	0.000000e+000	9.184789e-174	6.184895e-290	0.000000e+000	2.121996e-314	-7.845908e+298	9.633596e-001	2.682132e-001	-2.530171e-098	-2.656984e+303	0.000000e+000	9.184934e-174	6.186382e-290	
6.821553e-001	0.000000e+000	0.000000e+000	0.000000e+000	0.000000e+000	0.000000e+000	0.000000e+000	0.000000e+000	0.000000e+000	0.000000e+000	0.000000e+000	0.000000e+000	0.000000e+000	0.000000e+000	0.000000e+000	-2.530171e-098	-2.656984e+303	0.000000e+000	9.184789e-174	6.187674e-290	0.000000e+000	2.121996e-314	-7.845908e+298	4.787841e-001	8.779327e-001	-2.530171e-098	-2.656984e+303	0.000000e+000	9.184934e-174	6.189162e-290	
3.664249e-001	0.000000e+000	0.000000e+000	0.000000e+000	0.000000e+000	0.000000e+000	0.000000e+000	0.000000e+000	0.000000e+000	0.000000e+000	0.000000e+000	0.000000e+000	0.000000e+000	0.000000e+000	0.000000e+000	-2.530171e-098	-2.656984e+303	0.000000e+000	9.184789e-174	6.190453e-290	0.000000e+000	2.121996e-314	-7.845908e+298	8.388773e-001	5.443205e-001	-2.530171e-098	-2.656984e+303	0.000000e+000	9.184934e-174	6.191941e-290	
3.897062e-002	0.000000e+000	0.000000e+000	0.000000e+000	0.000000e+000	0.000000e+000	0.000000e+000	0.000000e+000	0.000000e+000	0.000000e+000	0.000000e+000	0.000000e+000	0.000000e+000	0.000000e+000	0.000000e+000	-2.530171e-098	-2.656984e+303	0.000000e+000	9.184789e-174	6.193233e-290	0.000000e+000	2.121996e-314	-7.845908e+298	9.981270e-001	6.117667e-002	-2.530171e-098	-2.656984e+303	0.000000e+000	9.184934e-174	6.194720e-290	
8.276651e-001	0.000000e+000	0.000000e+000	0.000000e+000	0.000000e+000	0.000000e+000	0.000000e+000	0.000000e+000	0.000000e+000	0.000000e+000	0.000000e+000	0.000000e+000	0.000000e+000	0.000000e+000	0.000000e+000	-2.530171e-098	-2.656984e+303	0.000000e+000	9.184789e-174	6.196012e-290	0.000000e+000	2.121996e-314	-7.845908e+298	2.674090e-001	9.635831e-001	-2.530171e-098	-2.656984e+303	0.000000e+000	9.184934e-174	6.197499e-290	
9.238100e-001	0.000000e+000	0.000000e+000	0.000000e+000	0.000000e+000	0.000000e+000	0.000000e+000	0.000000e+000	0.000000e+000	0.000000e+000	0.000000e+000	0.000000e+000	0.000000e+000	0.000000e+000	0.000000e+000	-2.530171e-098	-2.656984e+303	0.000000e+000	9.184789e-174	6.198791e-290	0.000000e+000	2.121996e-314	-7.845908e+298	1.193934e-001	9.928470e-001	-2.530171e-098	-2.656984e+303	0.000000e+000	9.184934e-174	6.200279e-290	
6.062881e-001	0.000000e+000	0.000000e+000	0.000000e+000	0.000000e+000	0.000000e+000	0.000000e+000	0.000000e+000	0.000000e+000	0.000000e+000	0.000000e+000	0.000000e+000	0.000000e+000	0.000000e+000	0.000000e+000	-2.530171e-098	-2.656984e+303	0.000000e+000	9.184789e-174	6.201570e-290	0.000000e+000	2.121996e-314	-7.845908e+298	5.797658e-001	8.147832e-001	-2.530171e-098	-2.656984e+303	0.000000e+000	9.184934e-174	6.203058e-290	
8.509775e-001	0.000000e+000	0.000000e+000	0.000000e+000	0.000000e+000	0.000000e+000	0.000000e+000	0.000000e+000	0.000000e+000	0.000000e+000	0.000000e+000	0.000000e+000	0.000000e+000	0.000000e+000	0.000000e+000	-2.530171e-098	-2.656984e+303	0.000000e+000	9.184789e-174	6.204349e-290	0.000000e+000	2.121996e-314	-7.845908e+298	2.319521e-001	9.727272e-001	-2.530171e-098	-2.656984e+303	0.000000e+000	9.184934e-174	6.205837e-290	
8.081686e-001	0.000000e+000	0.000000e+000	0.000000e+000	0.000000e+000	0.000000e+000	0.000000e+000	0.000000e+000	0.000000e+000	0.000000e+000	0.000000e+000	0.000000e+000	0.000000e+000	0.000000e+000	0.000000e+000	-2.530171e-098	-2.656984e+303	0.000000e+000	9.184789e-174	6.207129e-290	0.000000e+000	2.121996e-314	-7.845908e+298	2.967888e-001	9.549432e-001	-2.530171e-098	-2.656984e+303	0.000000e+000	9.184934e-174	6.208616e-290	
5.519120e-001	0.000000e+000	0.000000e+000	0.000000e+000	0.000000e+000	0.000000e+000	0.000000e+000	0.000000e+000	0.000000e+000	0.000000e+000	0.000000e+000	0.000000e+000	0.000000e+000	0.000000e+000	0.000000e+000	-2.530171e-098	-2.656984e+303	0.000000e+000	9.184789e-174	6.209908e-290	0.000000e+000	2.121996e-314	-7.845908e+298	6.471613e-001	7.623531e-001	-2.530171e-098	-2.656984e+303	0.000000e+000	9.184934e-174	6.211395e-290	
2.137563e-001	0.000000e+000	0.000000e+000	0.000000e+000	0.000000e+000	0.000000e+000	0.000000e+000	0.000000e+000	0.000000e+000	0.000000e+000	0.000000e+000	0.000000e+000	0.000000e+000	0.000000e+000	0.000000e+000	-2.530171e-098	-2.656984e+303	0.000000e+000	9.184789e-174	6.212687e-290	0.000000e+000	2.121996e-314	-7.845908e+298	9.441577e-001	3.294940e-001	-2.530171e-098	-2.656984e+303	0.000000e+000	9.184934e-174	6.214175e-290	
9.422353e-001	0.000000e+000	0.000000e+000	0.000000e+000	0.000000e+000	0.000000e+000	0.000000e+000	0.000000e+000	0.000000e+000	0.000000e+000	0.000000e+000	0.000000e+000	0.000000e+000	0.000000e+000	0.000000e+000	-2.530171e-098	-2.656984e+303	0.000000e+000	9.184789e-174	6.215466e-290	0.000000e+000	2.121996e-314	-7.845908e+298	9.061218e-002	9.958863e-001	-2.530171e-098	-2.656984e+303	0.000000e+000	9.184934e-174	6.216954e-290	
4.634607e-001	0.000000e+000	0.000000e+000	0.000000e+000	0.000000e+000	0.000000e+000	0.000000e+000	0.000000e+000	0.000000e+000	0.000000e+000	0.000000e+000	0.000000e+000	0.000000e+000	0.000000e+000	0.000000e+000	-2.530171e-098	-2.656984e+303	0.000000e+000	9.184789e-174	6.218246e-290	0.000000e+000	2.121996e-314	-7.845908e+298	7.465051e-001	6.653797e-001	-2.530171e-098	-2.656984e+303	0.000000e+000	9.184934e-174	6.219733e-290	
9.691892e-001	0.000000e+000	0.000000e+000	0.000000e+000	0.000000e+000	0.000000e+000	0.000000e+000	0.000000e+000	0.000000e+000	0.000000e+000	0.000000e+000	0.000000e+000	0.000000e+000	0.000000e+000	0.000000e+000	-2.530171e-098	-2.656984e+303	0.000000e+000	9.184789e-174	6.221025e-290	0.000000e+000	2.121996e-314	-7.845908e+298	4.837864e-002	9.988291e-001	-2.530171e-098	-2.656984e+303	0.000000e+000	9.184934e-174	6.222512e-290	
2.756313e-001	0.000000e+000	0.000000e+000	0.000000e+000	0.000000e+000	0.000000e+000	0.000000e+000	0.000000e+000	0.000000e+000	0.000000e+000	0.000000e+000	0.000000e+000	0.000000e+000	0.000000e+000	0.000000e+000	-2.530171e-098	-2.656984e+303	0.000000e+000	9.184789e-174	6.223804e-290	0.000000e+000	2.121996e-314	-7.845908e+298	9.077276e-001	4.195600e-001	-2.530171e-098	-2.656984e+303	0.000000e+000	9.184934e-174	6.225291e-290	
0.000000e+000	0.000000e+000	0.000000e+000	0.000000e+000	0.000000e+000	0.000000e+000	0.000000e+000	0.000000e+000	0.000000e+000	0.000000e+000	0.000000e+000	0.000000e+000	0.000000e+000	0.000000e+000	0.000000e+000	-2.530171e-098	-2.656984e+303	0.000000e+000	9.184789e-174	6.226583e-290	0.000000e+000	2.121996e-314	-7.845908e+298	8.701291e-001	4.928239e-001	-2.530171e-098	-2.656984e+303	0.000000e+000	9.184934e-174	6.228071e-290	
0.000000e+000	0.000000e+000	0.000000e+000	0.000000e+000	0.000000e+000	0.000000e+000	0.000000e+000	0.000000e+000	0.000000e+000	0.000000e+000	0.000000e+000	0.000000e+000	0.000000e+000	0.000000e+000	0.000000e+000	-2.530171e-098	-2.656984e+303	0.000000e+000	9.184789e-174	6.229362e-290	0.000000e+000	2.121996e-314	-7.845908e+298	7.465051e-001	6.653797e-001	-2.530171e-098	-2.656984e+303	0.000000e+000	9.184934e-174	6.230850e-290	
0.000000e+000	0.000000e+000	0.000000e+000	0.000000e+000	0.000000e+000	0.000000e+000	0.000000e+000	0.000000e+000	0.000000e+000	0.000000e+000	0.000000e+000	0.000000e+000	0.000000e+000	0.000000e+000	0.000000e+000	-2.530171e-098	-2.656984e+303	0.000000e+000	9.184789e-174	6.232142e-290	0.000000e+000	2.121996e-314	-7.845908e+298	9.632863e-001	2.684762e-001	-2.530171e-098	-2.656984e+303	0.000000e+000	9.184934e-174	6.233629e-290	
0.000000e+000	0.000000e+000	0.000000e+000	0.000000e+000	0.000000e+000	0.000000e+000	0.000000e+000	0.000000e+000	0.000000e+000	0.000000e+000	0.000000e+000	0.000000e+000	0.000000e+000	0.000000e+000	0.000000e+000	-2.530171e-098	-2.656984e+303	0.000000e+000	9.184789e-174	6.234921e-290	0.000000e+000	2.121996e-314	-7.845908e+298	8.341971e-001	5.514665e-001	-2.530171e-098	-2.656984e+303	0.000000e+000	9.184934e-174	6.236408e-290	
0.000000e+000	0.000000e+000	0.000000e+000	0.000000e+000	0.000000e+000	0.000000e+000	0.000000e+000	0.000000e+000	0.000000e+000	0.000000e+000	0.000000e+000	0.000000e+000	0.000000e+000	0.000000e+000	0.000000e+000	-2.530171e-098	-2.656984e+303	0.000000e+000	9.184789e-174	6.237700e-290	0.000000e+000	2.121996e-314	-7.845908e+298	6.123234e-017	1.000000e+000	-2.530171e-098	-2.656984e+303	0.000000e+000	9.184934e-174	6.239188e-290	
0.000000e+000	0.000000e+000	0.000000e+000	0.000000e+000	0.000000e+000	0.000000e+000	0.000000e+000	0.000000e+000	0.000000e+000	0.000000e+000	0.000000e+000	0.000000e+000	0.000000e+000	0.000000e+000	0.000000e+000	-2.530171e-098	-2.656984e+303	0.000000e+000	9.184789e-174	6.240479e-290	0.000000e+000	2.121996e-314	-7.845908e+298	5.360986e-001	8.441554e-001	-2.530171e-098	-2.656984e+303	0.000000e+000	9.184934e-174	6.241967e-290	
0.000000e+000	0.000000e+000	0.000000e+000	0.000000e+000	0.000000e+000	0.000000e+000	0.000000e+000	0.000000e+000	0.000000e+000	0.000000e+000	0.000000e+000	0.000000e+000	0.000000e+000	0.000000e+000	0.000000e+000	-2.530171e-098	-2.656984e+303	0.000000e+000	9.184789e-174	6.243259e-290	0.000000e+000	2.121996e-314	-7.845908e+298	9.441577e-001	3.294940e-001	-2.530171e-098	-2.656984e+303	0.000000e+000	9.184934e-174	6.244746e-290	
0.000000e+000	0.000000e+000	0.000000e+000	0.000000e+000	0.000000e+000	0.000000e+000	0.000000e+000	0.000000e+000	0.000000e+000	0.000000e+000	0.000000e+000	0.000000e+000	0.000000e+000	0.000000e+000	0.000000e+000	-2.530171e-098	-2.656984e+303	0.000000e+000	9.184789e-174	6.246038e-290	0.000000e+000	2.121996e-314	-7.845908e+298	7.719602e-001	6.356709e-001	-2.530171e-098	-2.656984e+303	0.000000e+000	9.184934e-174	6.247525e-290	
0.000000e+000	0.000000e+000	0.000000e+000	0.000000e+000	0.000000e+000	0.000000e+000	0.000000e+000	0.000000e+000	0.000000e+000	0.000000e+000	0.000000e+000	0.000000e+000	0.000000e+000	0.000000e+000	0.000000e+000	-2.530171e-098	-2.656984e+303	0.000000e+000	9.184789e-174	6.248817e-290	0.000000e+000	2.121996e-314	-7.845908e+298	6.049962e-001	7.962283e-001	-2.530171e-098	-2.656984e+303	0.000000e+000	9.184934e-174	6.250304e-290	
0.000000e+000	0.000000e+000	0.000000e+000	0.000000e+000	0.000000e+000	0.000000e+000	0.000000e+000	0.000000e+000	0.000000e+000	0.000000e+000	0.000000e+000	0.000000e+000	0.000000e+000	0.000000e+000	0.000000e+000	-2.530171e-098	-2.656984e+303	0.000000e+000	9.184789e-174	6.251596e-290	0.000000e+000	2.121996e-314	-7.845908e+298	9.228850e-001	3.850757e-001	-2.530171e-098	-2.656984e+303	0.000000e+000	9.184934e-174	6.253084e-290	
0.000000e+000	0.000000e+000	0.000000e+000	0.000000e+000	0.000000e+000	0.000000e+000	0.000000e+000	0.000000e+000	0.000000e+000	0.000000e+000	0.000000e+000	0.000000e+000	0.000000e+000	0.000000e+000	0.000000e+000	-2.530171e-098	-2.656984e+303	0.000000e+000	9.184789e-174	6.254375e-290	0.000000e+000	2.121996e-314	-7.845908e+298	3.137772e-001	9.494967e-001	-2.530171e-098	-2.656984e+303	0.000000e+000	9.184934e-174	6.255863e-290	
0.000000e+000	0.000000e+000	0.000000e+000	0.000000e+000	0.000000e+000	0.000000e+000	0.000000e+000	0.000000e+000	0.000000e+000	0.000000e+000	0.000000e+000	0.000000e+000	0.000000e+000	0.000000e+000	0.000000e+000	-2.530171e-098	-2.656984e+303	0.000000e+000	9.184789e-174	6.257155e-290	0.000000e+000	2.121996e-314	-7.845908e+298	6.946073e-001	7.193891e-001	-2.530171e-098	-2.656984e+303	0.000000e+000	9.184934e-174	6.258642e-290	
0.000000e+000	0.000000e+000	0.000000e+000	0.000000e+000	0.000000e+000	0.000000e+000	0.000000e+000	0.000000e+000	0.000000e+000	0.000000e+000	0.000000e+000	0.000000e+000	0.000000e+000	0.000000e+000	0.000000e+000	-2.530171e-098	-2.656984e+303	0.000000e+000	9.184789e-174	6.259934e-290	0.000000e+000	2.121996e-314	-7.845908e+298	9.709042e-001	2.394683e-001	-2.530171e-098	-2.656984e+303	0.000000e+000	9.184934e-174	6.261421e-290	
0.000000e+000	0.000000e+000	0.000000e+000	0.000000e+000	0.000000e+000	0.000000e+000	0.000000e+000	0.000000e+000	0.000000e+000	0.000000e+000	0.000000e+000	0.000000e+000	0.000000e+000	0.000000e+000	0.000000e+000	-2.530171e-098	-2.656984e+303	0.000000e+000	9.184789e-174	6.262713e-290	0.000000e+000	2.121996e-314	-7.845908e+298	3.840226e-001	9.233237e-001	-2.530171e-098	-2.656984e+303	0.000000e+000	9.184934e-174	6.264201e-290	
0.000000e+000	0.000000e+000	0.000000e+000	0.000000e+000	0.000000e+000	0.000000e+000	0.000000e+000	0.000000e+000	0.000000e+000	0.000000e+000	0.000000e+000	0.000000e+000	0.000000e+000	0.000000e+000	0.000000e+000	-2.530171e-098	-2.656984e+303	0.000000e+000	9.184789e-174	6.265492e-290	0.000000e+000	2.121996e-314	-7.845908e+298	8.388773e-001	5.443205e-001	-2.530171e-098	-2.656984e+303	0.000000e+000	9.184934e-174	6.266980e-290	
0.000000e+000	0.000000e+000	0.000000e+000	0.000000e+000	0.000000e+000	0.000000e+000	0.000000e+000	0.000000e+000	0.000000e+000	0.000000e+000	0.000000e+000	0.000000e+000	0.000000e+000	0.000000e+000	0.000000e+000	-2.530171e-098	-2.656984e+303	0.000000e+000	9.184789e-174	6.268271e-290	0.000000e+000	2.121996e-314	-7.845908e+298	2.001300e-001	9.797693e-001	-2.530171e-098	-2.656984e+303	0.000000e+000	9.184934e-174	6.269759e-290	
0.000000e+000	0.000000e+000	0.000000e+000	0.000000e+000	0.000000e+000	0.000000e+000	0.000000e+000	0.000000e+000	0.000000e+000	0.000000e+000	0.000000e+000	0.000000e+000	0.000000e+000	0.000000e+000	0.000000e+000	-2.530171e-098	-2.656984e+303	0.000000e+000	9.184789e-174	6.271051e-290	0.000000e+000	2.121996e-314	-7.845908e+298	9.879565e-001	1.547318e-001	-2.530171e-098	-2.656984e+303	0.000000e+000	9.184934e-174	6.272538e-290	
0.000000e+000	0.000000e+000	0.000000e+000	0.000000e+000	0.000000e+000	0.000000e+000	0.000000e+000	0.000000e+000	0.000000e+000	0.000000e+000	0.000000e+000	0.000000e+000	0.000000e+000	0.000000e+000	0.000000e+000	-2.530171e-098	-2.656984e+303	0.000000e+000	9.184789e-174	6.273830e-290	0.000000e+000	2.121996e-314	-7.845908e+298	4.787841e-001	8.779327e-001	-2.530171e-098	-2.656984e+303	0.000000e+000	9.184934e-174	6.275317e-290	
0.000000e+000	0.000000e+000	0.000000e+000	0.000000e+000	0.000000e+000	0.000000e+000	0.000000e+000	0.000000e+000	0.000000e+000	0.000000e+000	0.000000e+000	0.000000e+000	0.000000e+000	0.000000e+000	0.000000e+000	-2.530171e-098	-2.656984e+303	0.000000e+000	9.184789e-174	6.276609e-290	0.000000e+000	2.121996e-314	-7.845908e+298	7.200973e-001	6.938731e-001	-2.530171e-098	-2.656984e+303	0.000000e+000	9.184934e-174	6.278097e-290	
0.000000e+000	0.000000e+000	0.000000e+000	0.000000e+000	0.000000e+000	0.000000e+000	0.000000e+000	0.000000e+000	0.000000e+000	0.000000e+000	0.000000e+000	0.000000e+000	0.000000e+000	0.000000e+000	0.000000e+000	-2.530171e-098	-2.656984e+303	0.000000e+000	9.184789e-174	6.279388e-290	0.000000e+000	2.121996e-314	-7.845908e+298	1.000000e+000	0.000000e+000	-2.530171e-098	-2.656984e+303	0.000000e+000	9.184934e-174	6.280876e-290	
0.000000e+000	0.000000e+000	0.000000e+000	0.000000e+000	0.000000e+000	0.000000e+000	0.000000e+000	0.000000e+000	0.000000e+000	0.000000e+000	0.000000e+000	0.000000e+000	0.000000e+000	0.000000e+000	0.000000e+000	-2.530171e-098	-2.656984e+303	0.000000e+000	9.184789e-174	6.282168e-290	0.000000e+000	2.121996e-314	-7.845908e+298	9.984039e-001	5.647734e-002	-2.530171e-098	-2.656984e+303	0.000000e+000	9.184934e-174	6.283655e-290	
0.000000e+000	0.000000e+000	0.000000e+000	0.000000e+000	0.000000e+000	0.000000e+000	0.000000e+000	0.000000e+000	0.000000e+000	0.000000e+000	0.000000e+000	0.000000e+000	0.000000e+000	0.000000e+000	0.000000e+000	-2.530171e-098	-2.656984e+303	0.000000e+000	9.184789e-174	6.284947e-290	0.000000e+000	2.121996e-314	-7.845908e+298	4.354471e-002	9.990515e-001	-2.530171e-098	-2.656984e+303	0.000000e+000	9.184934e-174	6.286434e-290	
0.000000e+000	0.000000e+000	0.000000e+000	0.000000e+000	0.000000e+000	0.000000e+000	0.000000e+000	0.000000e+000	0.000000e+000	0.000000e+000	0.000000e+000	0.000000e+000	0.000000e+000	0.000000e+000	0.000000e+000	-2.530171e-098	-2.656984e+303	0.000000e+000	9.184789e-174	6.287726e-290	0.000000e+000	2.121996e-314	-7.845908e+298	9.800268e-001	1.988654e-001	-2.530171e-098	-2.656984e+303	0.000000e+000	9.184934e-174	6.289213e-290	
0.000000e+000	0.000000e+000	0.000000e+000	0.000000e+000	0.000000e+000	0.000000e+000	0.000000e+000	0.000000e+000	0.000000e+000	0.000000e+000	0.000000e+000	0.000000e+000	0.000000e+000	0.000000e+000	0.000000e+000	-2.530171e-098	-2.656984e+303	0.000000e+000	9.184789e-174	6.290505e-290	0.000000e+000	2.121996e-314	-7.845908e+298	6.291732e-001	7.772652e-001	-2.530171e-098	-2.656984e+303	0.000000e+000	9.184934e-174	6.291993e-290	
0.000000e+000	0.000000e+000	0.000000e+000	0.000000e+000	0.000000e+000	0.000000e+000	0.000000e+000	0.000000e+000	0.000000e+000	0.000000e+000	0.000000e+000	0.000000e+000	0.000000e+000	0.000000e+000	0.000000e+000	-2.530171e-098	-2.656984e+303	0.000000e+000	9.184789e-174	6.293284e-290	0.000000e+000	2.121996e-314	-7.845908e+298	2.319521e-001	9.727272e-001	-2.530171e-098	-2.656984e+303	0.000000e+000	9.184934e-174	6.294772e-290	
0.000000e+000	0.000000e+000	0.000000e+000	0.000000e+000	0.000000e+000	0.000000e+000	0.000000e+000	0.000000e+000	0.000000e+000	0.000000e+000	0.000000e+000	0.000000e+000	0.000000e+000	0.000000e+000	0.000000e+000	-2.530171e-098	-2.656984e+303	0.000000e+000	9.184789e-174	6.296064e-290	0.000000e+000	2.121996e-314	-7.845908e+298	4.141287e-001	9.102183e-001	-2.530171e-098	-2.656984e+303	0.000000e+000	9.184934e-174	6.297551e-290	
0.000000e+000	0.000000e+000	0.000000e+000	0.000000e+000	0.000000e+000	0.000000e+000	0.000000e+000	0.000000e+000	0.000000e+000	0.000000e+000	0.000000e+000	0.000000e+000	0.000000e+000	0.000000e+000	0.000000e+000	-2.530171e-098	-2.656984e+303	0.000000e+000	9.184789e-174	6.298843e-290	0.000000e+000	2.121996e-314	-7.845908e+298	9.538532e-001	3.002732e-001	-2.530171e-098	-2.656984e+303	0.000000e+000	9.184934e-174	6.300330e-290	
0.000000e+000	0.000000e+000	0.000000e+000	0.000000e+000	0.000000e+000	0.000000e+000	0.000000e+000	0.000000e+000	0.000000e+000	0.000000e+000	0.000000e+000	0.000000e+000	0.000000e+000	0.000000e+000	0.000000e+000	-2.530171e-098	-2.656984e+303	0.000000e+000	9.184789e-174	6.301622e-290	0.000000e+000	2.121996e-314	-7.845908e+298	5.098994e-001	8.602341e-001	-2.530171e-098	-2.656984e+303	0.000000e+000	9.184934e-174	6.303110e-290	
0.000000e+000	0.000000e+000	0.000000e+000	0.000000e+000	0.000000e+000	0.000000e+000	0.000000e+000	0.000000e+000	0.000000e+000	0.000000e+000	0.000000e+000	0.000000e+000	0.000000e+000	0.000000e+000	0.000000e+000	-2.530171e-098	-2.656984e+303	0.000000e+000	9.184789e-174	6.304401e-290	0.000000e+000	2.121996e-314	-7.845908e+298	2.674090e-001	9.635831e-001	-2.530171e-098	-2.656984e+303	0.000000e+000	9.184934e-174	6.305889e-290	
0.000000e+000	0.000000e+000	0.000000e+000	0.000000e+000	0.000000e+000	0.000000e+000	0.000000e+000	0.000000e+000	0.000000e+000	0.000000e+000	0.000000e+000	0.000000e+000	0.000000e+000	0.000000e+000	0.000000e+000	-2.530171e-098	-2.656984e+303	0.000000e+000	9.184789e-174	6.307181e-290	0.000000e+000	2.121996e-314	-7.845908e+298	3.516174e-001	9.361438e-001	-2.530171e-098	-2.656984e+303	0.000000e+000	9.184934e-174	6.308668e-290	
0.000000e+000	0.000000e+000	0.000000e+000	0.000000e+000	0.000000e+000	0.000000e+000	0.000000e+000	0.000000e+000	0.000000e+000	0.000000e+000	0.000000e+000	0.000000e+000	0.000000e+000	0.000000e+000	0.000000e+000	-2.530171e-098	-2.656984e+303	0.000000e+000	9.184789e-174	6.309960e-290	0.000000e+000	2.121996e-314	-7.845908e+298	8.864506e-001	4.628232e-001	-2.530171e-098	-2.656984e+303	0.000000e+000	9.184934e-174	6.311447e-290	
0.000000e+000	0.000000e+000	0.000000e+000	0.000000e+000	0.000000e+000	0.000000e+000	0.000000e+000	0.000000e+000	0.000000e+000	0.000000e+000	0.000000e+000	0.000000e+000	0.000000e+000	0.000000e+000	0.000000e+000	-2.530171e-098	-2.656984e+303	0.000000e+000	9.184789e-174	6.312739e-290	0.000000e+000	2.121996e-314	-7.845908e+298	7.931626e-001	6.090100e-001	-2.530171e-098	-2.656984e+303	0.000000e+000	9.184934e-174	6.314226e-290	
0.000000e+000	0.000000e+000	0.000000e+000	0.000000e+000	0.000000e+000	0.000000e+000	0.000000e+000	0.000000e+000	0.000000e+000	0.000000e+000	0.000000e+000	0.000000e+000	0.000000e+000	0.000000e+000	0.000000e+000	-2.530171e-098	-2.656984e+303	0.000000e+000	9.184789e-174	6.315518e-290	0.000000e+000	2.121996e-314	-7.845908e+298	1.193934e-001	9.928470e-001	-2.530171e-098	-2.656984e+303	0.000000e+000	9.184934e-174	6.317006e-290	
0.000000e+000	0.000000e+000	0.000000e+000	0.000000e+000	0.000000e+000	0.000000e+000	0.000000e+000	0.000000e+000	0.000000e+000	0.000000e+000	0.000000e+000	0.000000e+000	0.000000e+000	0.000000e+000	0.000000e+000	-2.530171e-098	-2.656984e+303	0.000000e+000	9.184789e-174	6.318297e-290	0.000000e+000	2.121996e-314	-7.845908e+298	5.660915e-001	8.243424e-001	-2.530171e-098	-2.656984e+303	0.000000e+000	9.184934e-174	6.319785e-290	
0.000000e+000	0.000000e+000	0.000000e+000	0.000000e+000	0.000000e+000	0.000000e+000	0.000000e+000	0.000000e+000	0.000000e+000	0.000000e+000	0.000000e+000	0.000000e+000	0.000000e+000	0.000000e+000	0.000000e+000	-2.530171e-098	-2.656984e+303	0.000000e+000	9.184789e-174	6.321077e-290	0.000000e+000	2.121996e-314	-7.845908e+298	1.676794e-001	9.858416e-001	-2.530171e-098	-2.656984e+303	0.000000e+000	9.184934e-174	6.322564e-290	
0.000000e+000	0.000000e+000	0.000000e+000	0.000000e+000	0.000000e+000	0.000000e+000	0.000000e+000	0.000000e+000	0.000000e+000	0.000000e+000	0.000000e+000	0.000000e+000	0.000000e+000	0.000000e+000	0.000000e+000	-2.530171e-098	-2.656984e+303	0.000000e+000	9.184789e-174	6.323856e-290	0.000000e+000	2.121996e-314	-7.845908e+298	8.136180e-001	5.813999e-001	-2.530171e-098	-2.656984e+303	0.000000e+000	9.184934e-174	6.325343e-290	
0.000000e+000	0.000000e+000	0.000000e+000	0.000000e+000	0.000000e+000	0.000000e+000	0.000000e+000	0.000000e+000	0.000000e+000	0.000000e+000	0.000000e+000	0.000000e+000	0.000000e+000	0.000000e+000	0.000000e+000	-2.530171e-098	-2.656984e+303	0.000000e+000	9.184789e-174	6.326635e-290	0.000000e+000	2.121996e-314	-7.845908e+298	6.527161e-001	7.576026e-001	-2.530171e-098	-2.656984e+303	0.000000e+000	9.184934e-174	6.328123e-290	
0.000000e+000	0.000000e+000	0.000000e+000	0.000000e+000	0.000000e+000	0.000000e+000	0.000000e+000	0.000000e+000	0.000000e+000	0.000000e+000	0.000000e+000	0.000000e+000	0.000000e+000	0.000000e+000	0.000000e+000	-2.530171e-098	-2.656984e+303	0.000000e+000	9.184789e-174	6.329414e-290	0.000000e+000	2.121996e-314	-7.845908e+298	9.935681e-001	1.132360e-001	-2.530171e-098	-2.656984e+303	0.000000e+000	9.184934e-174	6.330902e-290	
0.000000e+000	0.000000e+000	0.000000e+000	0.000000e+000	0.000000e+000	0.000000e+000	0.000000e+000	0.000000e+000	0.000000e+000	0.000000e+000	0.000000e+000	0.000000e+000	0.000000e+000	0.000000e+000	0.000000e+000	-2.530171e-098	-2.656984e+303	0.000000e+000	9.184789e-174	6.332193e-290	0.000000e+000	2.121996e-314	-7.845908e+298	6.710849e-001	7.413805e-001	-2.530171e-098	-2.656984e+303	0.000000e+000	9.184934e-174	6.333681e-290	
0.000000e+000	0.000000e+000	0.000000e+000	0.000000e+000	0.000000e+000	0.000000e+000	0.000000e+000	0.000000e+000	0.000000e+000	0.000000e+000	0.000000e+000	0.000000e+000	0.000000e+000	0.000000e+000	0.000000e+000	-2.530171e-098	-2.656984e+303	0.000000e+000	9.184789e-174	6.334973e-290	0.000000e+000	2.121996e-314	-7.845908e+298	8.293550e-002	9.965549e-001	-2.530171e-098	-2.656984e+303	0.000000e+000	9.184934e-174	6.336460e-290	
