0.000000e+000	0.000000e+000	0.000000e+000	0.000000e+000	0.000000e+000	0.000000e+000	0.000000e+000	0.000000e+000	0.000000e+000	0.000000e+000	0.000000e+000	0.000000e+000	0.000000e+000	0.000000e+000	0.000000e+000	-2.530171e-098	-2.656984e+303	0.000000e+000	1.221717e-173	8.866528e-306	0.000000e+000	2.121996e-314	-7.845908e+298	1.915663e-001	9.814797e-001	-2.530171e-098	-2.656984e+303	0.000000e+000	1.221731e-173	8.868180e-306	
0.000000e+000	0.000000e+000	0.000000e+000	0.000000e+000	0.000000e+000	0.000000e+000	0.000000e+000	0.000000e+000	0.000000e+000	0.000000e+000	0.000000e+000	0.000000e+000	0.000000e+000	0.000000e+000	0.000000e+000	-2.530171e-098	-2.656984e+303	0.000000e+000	1.221717e-173	8.869614e-306	0.000000e+000	2.121996e-314	-7.845908e+298	6.045187e-001	7.965909e-001	-2.530171e-098	-2.656984e+303	0.000000e+000	1.221731e-173	8.871265e-306	
0.000000e+000	0.000000e+000	0.000000e+000	0.000000e+000	0.000000e+000	0.000000e+000	0.000000e+000	0.000000e+000	0.000000e+000	0.000000e+000	0.000000e+000	0.000000e+000	0.000000e+000	0.000000e+000	0.000000e+000	-2.530171e-098	-2.656984e+303	0.000000e+000	1.221717e-173	8.872699e-306	0.000000e+000	2.121996e-314	-7.845908e+298	3.601153e-001	9.329078e-001	-2.530171e-098	-2.656984e+303	0.000000e+000	1.221731e-173	8.874351e-306	
0.000000e+000	0.000000e+000	0.000000e+000	0.000000e+000	0.000000e+000	0.000000e+000	0.000000e+000	0.000000e+000	0.000000e+000	0.000000e+000	0.000000e+000	0.000000e+000	0.000000e+000	0.000000e+000	0.000000e+000	-2.530171e-098	-2.656984e+303	0.000000e+000	1.221717e-173	8.875785e-306	0.000000e+000	2.121996e-314	-7.845908e+298	8.398306e-001	5.428486e-001	-2.530171e-098	-2.656984e+303	0.000000e+000	1.221731e-173	8.877436e-306	
0.000000e+000	0.000000e+000	0.000000e+000	0.000000e+000	0.000000e+000	0.000000e+000	0.000000e+000	0.000000e+000	0.000000e+000	0.000000e+000	0.000000e+000	0.000000e+000	0.000000e+000	0.000000e+000	0.000000e+000	-2.530171e-098	-2.656984e+303	0.000000e+000	1.221717e-173	8.878870e-306	0.000000e+000	2.121996e-314	-7.845908e+298	7.093745e-001	7.048318e-001	-2.530171e-098	-2.656984e+303	0.000000e+000	1.221731e-173	8.880522e-306	
0.000000e+000	0.000000e+000	0.000000e+000	0.000000e+000	0.000000e+000	0.000000e+000	0.000000e+000	0.000000e+000	0.000000e+000	0.000000e+000	0.000000e+000	0.000000e+000	0.000000e+000	0.000000e+000	0.000000e+000	-2.530171e-098	-2.656984e+303	0.000000e+000	1.221717e-173	8.881956e-306	0.000000e+000	2.121996e-314	-7.845908e+298	1.570505e-001	9.875906e-001	-2.530171e-098	-2.656984e+303	0.000000e+000	1.221731e-173	8.883607e-306	
0.000000e+000	0.000000e+000	0.000000e+000	0.000000e+000	0.000000e+000	0.000000e+000	0.000000e+000	0.000000e+000	0.000000e+000	0.000000e+000	0.000000e+000	0.000000e+000	0.000000e+000	0.000000e+000	0.000000e+000	-2.530171e-098	-2.656984e+303	0.000000e+000	1.221717e-173	8.885042e-306	0.000000e+000	2.121996e-314	-7.845908e+298	7.366471e-001	6.762773e-001	-2.530171e-098	-2.656984e+303	0.000000e+000	1.221731e-173	8.886693e-306	
0.000000e+000	0.000000e+000	0.000000e+000	0.000000e+000	0.000000e+000	0.000000e+000	0.000000e+000	0.000000e+000	0.000000e+000	0.000000e+000	0.000000e+000	0.000000e+000	0.000000e+000	0.000000e+000	0.000000e+000	-2.530171e-098	-2.656984e+303	0.000000e+000	1.221717e-173	8.888127e-306	0.000000e+000	2.121996e-314	-7.845908e+298	4.814758e-002	9.988402e-001	-2.530171e-098	-2.656984e+303	0.000000e+000	1.221731e-173	8.889778e-306	
0.000000e+000	0.000000e+000	0.000000e+000	0.000000e+000	0.000000e+000	0.000000e+000	0.000000e+000	0.000000e+000	0.000000e+000	0.000000e+000	0.000000e+000	0.000000e+000	0.000000e+000	0.000000e+000	0.000000e+000	-2.530171e-098	-2.656984e+303	0.000000e+000	1.221717e-173	8.891213e-306	0.000000e+000	2.121996e-314	-7.845908e+298	8.689751e-001	4.948558e-001	-2.530171e-098	-2.656984e+303	0.000000e+000	1.221731e-173	8.892864e-306	
0.000000e+000	0.000000e+000	0.000000e+000	0.000000e+000	0.000000e+000	0.000000e+000	0.000000e+000	0.000000e+000	0.000000e+000	0.000000e+000	0.000000e+000	0.000000e+000	0.000000e+000	0.000000e+000	0.000000e+000	-2.530171e-098	-2.656984e+303	0.000000e+000	1.221717e-173	8.894298e-306	0.000000e+000	2.121996e-314	-7.845908e+298	5.118499e-001	8.590749e-001	-2.530171e-098	-2.656984e+303	0.000000e+000	1.221731e-173	8.895950e-306	
0.000000e+000	0.000000e+000	0.000000e+000	0.000000e+000	0.000000e+000	0.000000e+000	0.000000e+000	0.000000e+000	0.000000e+000	0.000000e+000	0.000000e+000	0.000000e+000	0.000000e+000	0.000000e+000	0.000000e+000	-2.530171e-098	-2.656984e+303	0.000000e+000	1.221717e-173	8.897384e-306	0.000000e+000	2.121996e-314	-7.845908e+298	9.606455e-001	2.777771e-001	-2.530171e-098	-2.656984e+303	0.000000e+000	1.221731e-173	8.899035e-306	
0.000000e+000	0.000000e+000	0.000000e+000	0.000000e+000	0.000000e+000	0.000000e+000	0.000000e+000	0.000000e+000	0.000000e+000	0.000000e+000	0.000000e+000	0.000000e+000	0.000000e+000	0.000000e+000	0.000000e+000	-2.530171e-098	-2.656984e+303	0.000000e+000	1.221717e-173	8.900469e-306	0.000000e+000	2.121996e-314	-7.845908e+298	9.176862e-001	3.973060e-001	-2.530171e-098	-2.656984e+303	0.000000e+000	1.272271e-173	8.902121e-306	
0.000000e+000	0.000000e+000	0.000000e+000	0.000000e+000	0.000000e+000	0.000000e+000	0.000000e+000	0.000000e+000	0.000000e+000	0.000000e+000	0.000000e+000	0.000000e+000	0.000000e+000	0.000000e+000	0.000000e+000	-2.530171e-098	-2.656984e+303	0.000000e+000	1.272257e-173	8.903555e-306	0.000000e+000	2.121996e-314	-7.845908e+298	4.013119e-001	9.159415e-001	-2.530171e-098	-2.656984e+303	0.000000e+000	1.272271e-173	8.905206e-306	
0.000000e+000	0.000000e+000	0.000000e+000	0.000000e+000	0.000000e+000	0.000000e+000	0.000000e+000	0.000000e+000	0.000000e+000	0.000000e+000	0.000000e+000	0.000000e+000	0.000000e+000	0.000000e+000	0.000000e+000	-2.530171e-098	-2.656984e+303	0.000000e+000	1.272257e-173	8.906640e-306	0.000000e+000	2.121996e-314	-7.845908e+298	7.915480e-001	6.111069e-001	-2.530171e-098	-2.656984e+303	0.000000e+000	1.272271e-173	8.908292e-306	
0.000000e+000	0.000000e+000	0.000000e+000	0.000000e+000	0.000000e+000	0.000000e+000	0.000000e+000	0.000000e+000	0.000000e+000	0.000000e+000	0.000000e+000	0.000000e+000	0.000000e+000	0.000000e+000	0.000000e+000	-2.530171e-098	-2.656984e+303	0.000000e+000	1.272257e-173	8.909726e-306	0.000000e+000	2.121996e-314	-7.845908e+298	9.011792e-001	4.334467e-001	-2.530171e-098	-2.656984e+303	0.000000e+000	1.272271e-173	8.911377e-306	
0.000000e+000	0.000000e+000	0.000000e+000	0.000000e+000	0.000000e+000	0.000000e+000	0.000000e+000	0.000000e+000	0.000000e+000	0.000000e+000	0.000000e+000	0.000000e+000	0.000000e+000	0.000000e+000	0.000000e+000	-2.530171e-098	-2.656984e+303	0.000000e+000	1.272257e-173	8.912811e-306	0.000000e+000	2.121996e-314	-7.845908e+298	9.690487e-001	2.468695e-001	-2.530171e-098	-2.656984e+303	0.000000e+000	1.272271e-173	8.914463e-306	
0.000000e+000	0.000000e+000	0.000000e+000	0.000000e+000	0.000000e+000	0.000000e+000	0.000000e+000	0.000000e+000	0.000000e+000	0.000000e+000	0.000000e+000	0.000000e+000	0.000000e+000	0.000000e+000	0.000000e+000	-2.530171e-098	-2.656984e+303	0.000000e+000	1.272257e-173	8.915897e-306	0.000000e+000	2.121996e-314	-7.845908e+298	8.194484e-001	5.731529e-001	-2.530171e-098	-2.656984e+303	0.000000e+000	1.272271e-173	8.917548e-306	
0.000000e+000	0.000000e+000	0.000000e+000	0.000000e+000	0.000000e+000	0.000000e+000	0.000000e+000	0.000000e+000	0.000000e+000	0.000000e+000	0.000000e+000	0.000000e+000	0.000000e+000	0.000000e+000	0.000000e+000	-2.530171e-098	-2.656984e+303	0.000000e+000	1.272257e-173	8.918983e-306	0.000000e+000	2.121996e-314	-7.845908e+298	5.761482e-001	8.173453e-001	-2.530171e-098	-2.656984e+303	0.000000e+000	1.272271e-173	8.920634e-306	
0.000000e+000	0.000000e+000	0.000000e+000	0.000000e+000	0.000000e+000	0.000000e+000	0.000000e+000	0.000000e+000	0.000000e+000	0.000000e+000	0.000000e+000	0.000000e+000	0.000000e+000	0.000000e+000	0.000000e+000	-2.530171e-098	-2.656984e+303	0.000000e+000	1.272257e-173	8.922068e-306	0.000000e+000	2.121996e-314	-7.845908e+298	9.780848e-001	2.082067e-001	-2.530171e-098	-2.656984e+303	0.000000e+000	1.272271e-173	8.923720e-306	
0.000000e+000	0.000000e+000	0.000000e+000	0.000000e+000	0.000000e+000	0.000000e+000	0.000000e+000	0.000000e+000	0.000000e+000	0.000000e+000	0.000000e+000	0.000000e+000	0.000000e+000	0.000000e+000	0.000000e+000	-2.530171e-098	-2.656984e+303	0.000000e+000	1.272257e-173	8.925154e-306	0.000000e+000	2.121996e-314	-7.845908e+298	6.838383e-001	7.296336e-001	-2.530171e-098	-2.656984e+303	0.000000e+000	1.272271e-173	8.926805e-306	
0.000000e+000	0.000000e+000	0.000000e+000	0.000000e+000	0.000000e+000	0.000000e+000	0.000000e+000	0.000000e+000	0.000000e+000	0.000000e+000	0.000000e+000	0.000000e+000	0.000000e+000	0.000000e+000	0.000000e+000	-2.530171e-098	-2.656984e+303	0.000000e+000	1.272257e-173	8.928239e-306	0.000000e+000	2.121996e-314	-7.845908e+298	2.649959e-001	9.642495e-001	-2.530171e-098	-2.656984e+303	0.000000e+000	1.272271e-173	8.929891e-306	
0.000000e+000	0.000000e+000	0.000000e+000	0.000000e+000	0.000000e+000	0.000000e+000	0.000000e+000	0.000000e+000	0.000000e+000	0.000000e+000	0.000000e+000	0.000000e+000	0.000000e+000	0.000000e+000	0.000000e+000	-2.530171e-098	-2.656984e+303	0.000000e+000	1.272257e-173	8.931325e-306	0.000000e+000	2.121996e-314	-7.845908e+298	8.818551e-001	4.715205e-001	-2.530171e-098	-2.656984e+303	0.000000e+000	1.272271e-173	8.932976e-306	
0.000000e+000	0.000000e+000	0.000000e+000	0.000000e+000	0.000000e+000	0.000000e+000	0.000000e+000	0.000000e+000	0.000000e+000	0.000000e+000	0.000000e+000	0.000000e+000	0.000000e+000	0.000000e+000	0.000000e+000	-2.530171e-098	-2.656984e+303	0.000000e+000	1.272257e-173	8.934410e-306	0.000000e+000	2.121996e-314	-7.845908e+298	6.293390e-001	7.771309e-001	-2.530171e-098	-2.656984e+303	0.000000e+000	1.272271e-173	8.936062e-306	
0.000000e+000	0.000000e+000	0.000000e+000	0.000000e+000	0.000000e+000	0.000000e+000	0.000000e+000	0.000000e+000	0.000000e+000	0.000000e+000	0.000000e+000	0.000000e+000	0.000000e+000	0.000000e+000	0.000000e+000	-2.530171e-098	-2.656984e+303	0.000000e+000	1.272257e-173	8.937496e-306	0.000000e+000	2.121996e-314	-7.845908e+298	2.235313e-001	9.746967e-001	-2.530171e-098	-2.656984e+303	0.000000e+000	1.272271e-173	8.939147e-306	
0.000000e+000	0.000000e+000	0.000000e+000	0.000000e+000	0.000000e+000	0.000000e+000	0.000000e+000	0.000000e+000	0.000000e+000	0.000000e+000	0.000000e+000	0.000000e+000	0.000000e+000	0.000000e+000	0.000000e+000	-2.530171e-098	-2.656984e+303	0.000000e+000	1.272257e-173	8.940581e-306	0.000000e+000	2.121996e-314	-7.845908e+298	9.923049e-001	1.238180e-001	-2.530171e-098	-2.656984e+303	0.000000e+000	1.272271e-173	8.942233e-306	
0.000000e+000	0.000000e+000	0.000000e+000	0.000000e+000	0.000000e+000	0.000000e+000	0.000000e+000	0.000000e+000	0.000000e+000	0.000000e+000	0.000000e+000	0.000000e+000	0.000000e+000	0.000000e+000	0.000000e+000	-2.530171e-098	-2.656984e+303	0.000000e+000	1.272257e-173	8.943667e-306	0.000000e+000	2.121996e-314	-7.845908e+298	4.309311e-001	9.023848e-001	-2.530171e-098	-2.656984e+303	0.000000e+000	1.272271e-173	8.945318e-306	
0.000000e+000	0.000000e+000	0.000000e+000	0.000000e+000	0.000000e+000	0.000000e+000	0.000000e+000	0.000000e+000	0.000000e+000	0.000000e+000	0.000000e+000	0.000000e+000	0.000000e+000	0.000000e+000	0.000000e+000	-2.530171e-098	-2.656984e+303	0.000000e+000	1.272257e-173	8.946753e-306	0.000000e+000	2.121996e-314	-7.845908e+298	9.307254e-001	3.657187e-001	-2.530171e-098	-2.656984e+303	0.000000e+000	1.272271e-173	8.948404e-306	
0.000000e+000	0.000000e+000	0.000000e+000	0.000000e+000	0.000000e+000	0.000000e+000	0.000000e+000	0.000000e+000	0.000000e+000	0.000000e+000	0.000000e+000	0.000000e+000	0.000000e+000	0.000000e+000	0.000000e+000	-2.530171e-098	-2.656984e+303	0.000000e+000	1.272257e-173	8.949838e-306	0.000000e+000	2.121996e-314	-7.845908e+298	5.481137e-001	8.364039e-001	-2.530171e-098	-2.656984e+303	0.000000e+000	1.272271e-173	8.951490e-306	
0.000000e+000	0.000000e+000	0.000000e+000	0.000000e+000	0.000000e+000	0.000000e+000	0.000000e+000	0.000000e+000	0.000000e+000	0.000000e+000	0.000000e+000	0.000000e+000	0.000000e+000	0.000000e+000	0.000000e+000	-2.530171e-098	-2.656984e+303	0.000000e+000	1.272257e-173	8.952924e-306	0.000000e+000	2.121996e-314	-7.845908e+298	4.699172e-001	8.827105e-001	-2.530171e-098	-2.656984e+303	0.000000e+000	1.272271e-173	8.954575e-306	
0.000000e+000	0.000000e+000	0.000000e+000	0.000000e+000	0.000000e+000	0.000000e+000	0.000000e+000	0.000000e+000	0.000000e+000	0.000000e+000	0.000000e+000	0.000000e+000	0.000000e+000	0.000000e+000	0.000000e+000	-2.530171e-098	-2.656984e+303	0.000000e+000	1.272257e-173	8.956009e-306	0.000000e+000	2.121996e-314	-7.845908e+298	9.989604e-001	4.558540e-002	-2.530171e-098	-2.656984e+303	0.000000e+000	1.272271e-173	8.957661e-306	
0.000000e+000	0.000000e+000	0.000000e+000	0.000000e+000	0.000000e+000	0.000000e+000	0.000000e+000	0.000000e+000	0.000000e+000	0.000000e+000	0.000000e+000	0.000000e+000	0.000000e+000	0.000000e+000	0.000000e+000	-2.530171e-098	-2.656984e+303	0.000000e+000	1.272257e-173	8.959095e-306	0.000000e+000	2.121996e-314	-7.845908e+298	7.715200e-001	6.362051e-001	-2.530171e-098	-2.656984e+303	0.000000e+000	1.272271e-173	8.960746e-306	
0.000000e+000	0.000000e+000	0.000000e+000	0.000000e+000	0.000000e+000	0.000000e+000	0.000000e+000	0.000000e+000	0.000000e+000	0.000000e+000	0.000000e+000	0.000000e+000	0.000000e+000	0.000000e+000	0.000000e+000	-2.530171e-098	-2.656984e+303	0.000000e+000	1.272257e-173	8.962180e-306	0.000000e+000	2.121996e-314	-7.845908e+298	6.566368e-001	7.542070e-001	-2.530171e-098	-2.656984e+303	0.000000e+000	1.272271e-173	8.963832e-306	
0.000000e+000	0.000000e+000	0.000000e+000	0.000000e+000	0.000000e+000	0.000000e+000	0.000000e+000	0.000000e+000	0.000000e+000	0.000000e+000	0.000000e+000	0.000000e+000	0.000000e+000	0.000000e+000	0.000000e+000	-2.530171e-098	-2.656984e+303	0.000000e+000	1.272257e-173	8.965266e-306	0.000000e+000	2.121996e-314	-7.845908e+298	9.963857e-001	8.494405e-002	-2.530171e-098	-2.656984e+303	0.000000e+000	1.272271e-173	8.966917e-306	
0.000000e+000	0.000000e+000	0.000000e+000	0.000000e+000	0.000000e+000	0.000000e+000	0.000000e+000	0.000000e+000	0.000000e+000	0.000000e+000	0.000000e+000	0.000000e+000	0.000000e+000	0.000000e+000	0.000000e+000	-2.530171e-098	-2.656984e+303	0.000000e+000	1.272257e-173	8.968351e-306	0.000000e+000	2.121996e-314	-7.845908e+298	1.000000e+000	0.000000e+000	-2.530171e-098	-2.656984e+303	0.000000e+000	1.272271e-173	8.970003e-306	
0.000000e+000	0.000000e+000	0.000000e+000	0.000000e+000	0.000000e+000	0.000000e+000	0.000000e+000	0.000000e+000	0.000000e+000	0.000000e+000	0.000000e+000	0.000000e+000	0.000000e+000	0.000000e+000	0.000000e+000	-2.530171e-098	-2.656984e+303	0.000000e+000	1.272257e-173	8.971437e-306	0.000000e+000	2.121996e-314	-7.845908e+298	6.123234e-017	1.000000e+000	-2.530171e-098	-2.656984e+303	0.000000e+000	1.272271e-173	8.973088e-306	
0.000000e+000	0.000000e+000	0.000000e+000	0.000000e+000	0.000000e+000	0.000000e+000	0.000000e+000	0.000000e+000	0.000000e+000	0.000000e+000	0.000000e+000	0.000000e+000	0.000000e+000	0.000000e+000	0.000000e+000	-2.530171e-098	-2.656984e+303	0.000000e+000	1.272257e-173	8.974523e-306	0.000000e+000	2.121996e-314	-7.845908e+298	9.460609e-001	3.239888e-001	-2.530171e-098	-2.656984e+303	0.000000e+000	1.272271e-173	8.976174e-306	
0.000000e+000	0.000000e+000	0.000000e+000	0.000000e+000	0.000000e+000	0.000000e+000	0.000000e+000	0.000000e+000	0.000000e+000	0.000000e+000	0.000000e+000	0.000000e+000	0.000000e+000	0.000000e+000	0.000000e+000	-2.530171e-098	-2.656984e+303	0.000000e+000	1.272257e-173	8.977608e-306	0.000000e+000	2.121996e-314	-7.845908e+298	9.188150e-002	9.957699e-001	-2.530171e-098	-2.656984e+303	0.000000e+000	1.272271e-173	8.979259e-306	
0.000000e+000	0.000000e+000	0.000000e+000	0.000000e+000	0.000000e+000	0.000000e+000	0.000000e+000	0.000000e+000	0.000000e+000	0.000000e+000	0.000000e+000	0.000000e+000	0.000000e+000	0.000000e+000	0.000000e+000	-2.530171e-098	-2.656984e+303	0.000000e+000	1.272257e-173	8.980694e-306	0.000000e+000	2.121996e-314	-7.845908e+298	9.865511e-001	1.634533e-001	-2.530171e-098	-2.656984e+303	0.000000e+000	1.272271e-173	8.982345e-306	
0.000000e+000	0.000000e+000	0.000000e+000	0.000000e+000	0.000000e+000	0.000000e+000	0.000000e+000	0.000000e+000	0.000000e+000	0.000000e+000	0.000000e+000	0.000000e+000	0.000000e+000	0.000000e+000	0.000000e+000	-2.530171e-098	-2.656984e+303	0.000000e+000	1.272257e-173	8.983779e-306	0.000000e+000	2.121996e-314	-7.845908e+298	8.536344e-001	5.208726e-001	-2.530171e-098	-2.656984e+303	0.000000e+000	1.272271e-173	8.985431e-306	
0.000000e+000	0.000000e+000	0.000000e+000	0.000000e+000	0.000000e+000	0.000000e+000	0.000000e+000	0.000000e+000	0.000000e+000	0.000000e+000	0.000000e+000	0.000000e+000	0.000000e+000	0.000000e+000	0.000000e+000	-2.530171e-098	-2.656984e+303	0.000000e+000	1.272257e-173	8.986865e-306	0.000000e+000	2.121996e-314	-7.845908e+298	3.002279e-001	9.538675e-001	-2.530171e-098	-2.656984e+303	0.000000e+000	1.272271e-173	8.988516e-306	
0.000000e+000	0.000000e+000	0.000000e+000	0.000000e+000	0.000000e+000	0.000000e+000	0.000000e+000	8.325571e-001	0.000000e+000	0.000000e+000	0.000000e+000	0.000000e+000	0.000000e+000	0.000000e+000	0.000000e+000	-2.530171e-098	-2.656984e+303	0.000000e+000	1.272257e-173	8.989950e-306	0.000000e+000	2.121996e-314	-7.845908e+298	2.599965e-001	9.656095e-001	-2.530171e-098	-2.656984e+303	0.000000e+000	1.272271e-173	8.991602e-306	
0.000000e+000	0.000000e+000	0.000000e+000	0.000000e+000	0.000000e+000	0.000000e+000	0.000000e+000	6.721369e-001	0.000000e+000	0.000000e+000	0.000000e+000	0.000000e+000	0.000000e+000	0.000000e+000	0.000000e+000	-2.530171e-098	-2.656984e+303	0.000000e+000	1.272257e-173	8.993036e-306	0.000000e+000	2.121996e-314	-7.845908e+298	4.925402e-001	8.702897e-001	-2.530171e-098	-2.656984e+303	0.000000e+000	1.272271e-173	8.994687e-306	
0.000000e+000	0.000000e+000	0.000000e+000	0.000000e+000	0.000000e+000	0.000000e+000	0.000000e+000	2.082341e-001	0.000000e+000	0.000000e+000	0.000000e+000	0.000000e+000	0.000000e+000	0.000000e+000	0.000000e+000	-2.530171e-098	-2.656984e+303	0.000000e+000	1.272257e-173	8.996121e-306	0.000000e+000	2.121996e-314	-7.845908e+298	9.469802e-001	3.212918e-001	-2.530171e-098	-2.656984e+303	0.000000e+000	1.272271e-173	8.997773e-306	
0.000000e+000	0.000000e+000	0.000000e+000	0.000000e+000	0.000000e+000	0.000000e+000	0.000000e+000	3.125893e-001	0.000000e+000	0.000000e+000	0.000000e+000	0.000000e+000	0.000000e+000	0.000000e+000	0.000000e+000	-2.530171e-098	-2.656984e+303	0.000000e+000	1.272257e-173	8.999207e-306	0.000000e+000	2.121996e-314	-7.845908e+298	8.818551e-001	4.715205e-001	-2.530171e-098	-2.656984e+303	0.000000e+000	1.272271e-173	9.000858e-306	
0.000000e+000	0.000000e+000	0.000000e+000	0.000000e+000	0.000000e+000	0.000000e+000	0.000000e+000	3.790898e-001	0.000000e+000	0.000000e+000	0.000000e+000	0.000000e+000	0.000000e+000	0.000000e+000	0.000000e+000	-2.530171e-098	-2.656984e+303	0.000000e+000	1.272257e-173	9.002292e-306	0.000000e+000	2.121996e-314	-7.845908e+298	8.278834e-001	5.609002e-001	-2.530171e-098	-2.656984e+303	0.000000e+000	1.272271e-173	9.003944e-306	
0.000000e+000	0.000000e+000	0.000000e+000	0.000000e+000	0.000000e+000	0.000000e+000	0.000000e+000	1.562630e-001	0.000000e+000	0.000000e+000	0.000000e+000	0.000000e+000	0.000000e+000	0.000000e+000	0.000000e+000	-2.530171e-098	-2.656984e+303	0.000000e+000	1.272257e-173	9.005378e-306	0.000000e+000	2.121996e-314	-7.845908e+298	9.700263e-001	2.430000e-001	-2.530171e-098	-2.656984e+303	0.000000e+000	1.272271e-173	9.007029e-306	
0.000000e+000	0.000000e+000	0.000000e+000	0.000000e+000	0.000000e+000	0.000000e+000	0.000000e+000	7.654747e-001	0.000000e+000	0.000000e+000	0.000000e+000	0.000000e+000	0.000000e+000	0.000000e+000	0.000000e+000	-2.530171e-098	-2.656984e+303	0.000000e+000	1.272257e-173	9.008464e-306	0.000000e+000	2.121996e-314	-7.845908e+298	3.601153e-001	9.329078e-001	-2.530171e-098	-2.656984e+303	0.000000e+000	1.272271e-173	9.010115e-306	
0.000000e+000	0.000000e+000	0.000000e+000	0.000000e+000	0.000000e+000	0.000000e+000	0.000000e+000	1.000000e+000	0.000000e+000	0.000000e+000	0.000000e+000	0.000000e+000	0.000000e+000	0.000000e+000	0.000000e+000	-2.530171e-098	-2.656984e+303	0.000000e+000	1.272257e-173	9.011549e-306	0.000000e+000	2.121996e-314	-7.845908e+298	6.123234e-017	1.000000e+000	-2.530171e-098	-2.656984e+303	0.000000e+000	1.272271e-173	9.013201e-306	
0.000000e+000	0.000000e+000	0.000000e+000	0.000000e+000	0.000000e+000	0.000000e+000	0.000000e+000	1.791954e-001	0.000000e+000	0.000000e+000	0.000000e+000	0.000000e+000	0.000000e+000	0.000000e+000	0.000000e+000	-2.530171e-098	-2.656984e+303	0.000000e+000	1.272257e-173	9.014635e-306	0.000000e+000	2.121996e-314	-7.845908e+298	9.606455e-001	2.777771e-001	-2.530171e-098	-2.656984e+303	0.000000e+000	1.272271e-173	9.016286e-306	
0.000000e+000	0.000000e+000	0.000000e+000	0.000000e+000	0.000000e+000	0.000000e+000	0.000000e+000	2.539452e-001	0.000000e+000	0.000000e+000	0.000000e+000	0.000000e+000	0.000000e+000	0.000000e+000	0.000000e+000	-2.530171e-098	-2.656984e+303	0.000000e+000	1.272257e-173	9.017720e-306	0.000000e+000	2.121996e-314	-7.845908e+298	9.214903e-001	3.884014e-001	-2.530171e-098	-2.656984e+303	0.000000e+000	1.272271e-173	9.019372e-306	
0.000000e+000	0.000000e+000	0.000000e+000	0.000000e+000	0.000000e+000	0.000000e+000	0.000000e+000	5.439569e-001	0.000000e+000	0.000000e+000	0.000000e+000	0.000000e+000	0.000000e+000	0.000000e+000	0.000000e+000	-2.530171e-098	-2.656984e+303	0.000000e+000	1.272257e-173	9.020806e-306	0.000000e+000	2.121996e-314	-7.845908e+298	6.566368e-001	7.542070e-001	-2.530171e-098	-2.656984e+303	0.000000e+000	1.272271e-173	9.022457e-306	
0.000000e+000	0.000000e+000	0.000000e+000	0.000000e+000	0.000000e+000	0.000000e+000	0.000000e+000	5.632735e-002	0.000000e+000	0.000000e+000	0.000000e+000	0.000000e+000	0.000000e+000	0.000000e+000	0.000000e+000	-2.530171e-098	-2.656984e+303	0.000000e+000	1.272257e-173	9.023891e-306	0.000000e+000	2.121996e-314	-7.845908e+298	9.960883e-001	8.836339e-002	-2.530171e-098	-2.656984e+303	0.000000e+000	1.272271e-173	9.025543e-306	
0.000000e+000	0.000000e+000	0.000000e+000	0.000000e+000	0.000000e+000	0.000000e+000	0.000000e+000	5.666514e-001	0.000000e+000	0.000000e+000	0.000000e+000	0.000000e+000	0.000000e+000	0.000000e+000	0.000000e+000	-2.530171e-098	-2.656984e+303	0.000000e+000	1.272257e-173	9.026977e-306	0.000000e+000	2.121996e-314	-7.845908e+298	6.293390e-001	7.771309e-001	-2.530171e-098	-2.656984e+303	0.000000e+000	1.272271e-173	9.028628e-306	
0.000000e+000	0.000000e+000	0.000000e+000	0.000000e+000	0.000000e+000	0.000000e+000	0.000000e+000	1.297599e-001	0.000000e+000	0.000000e+000	0.000000e+000	0.000000e+000	0.000000e+000	0.000000e+000	0.000000e+000	-2.530171e-098	-2.656984e+303	0.000000e+000	1.272257e-173	9.030062e-306	0.000000e+000	2.121996e-314	-7.845908e+298	9.792992e-001	2.024180e-001	-2.530171e-098	-2.656984e+303	0.000000e+000	1.272271e-173	9.031714e-306	
0.000000e+000	0.000000e+000	0.000000e+000	0.000000e+000	0.000000e+000	0.000000e+000	0.000000e+000	1.045266e-001	0.000000e+000	0.000000e+000	0.000000e+000	0.000000e+000	0.000000e+000	0.000000e+000	0.000000e+000	-2.530171e-098	-2.656984e+303	0.000000e+000	1.272257e-173	9.033148e-306	0.000000e+000	2.121996e-314	-7.845908e+298	9.865511e-001	1.634533e-001	-2.530171e-098	-2.656984e+303	0.000000e+000	1.272271e-173	9.034799e-306	
0.000000e+000	0.000000e+000	0.000000e+000	0.000000e+000	0.000000e+000	0.000000e+000	0.000000e+000	7.163704e-001	0.000000e+000	0.000000e+000	0.000000e+000	0.000000e+000	0.000000e+000	0.000000e+000	0.000000e+000	-2.530171e-098	-2.656984e+303	0.000000e+000	1.272257e-173	9.036234e-306	0.000000e+000	2.121996e-314	-7.845908e+298	4.309311e-001	9.023848e-001	-2.530171e-098	-2.656984e+303	0.000000e+000	1.272271e-173	9.037885e-306	
0.000000e+000	0.000000e+000	0.000000e+000	0.000000e+000	0.000000e+000	0.000000e+000	0.000000e+000	8.584597e-002	0.000000e+000	0.000000e+000	0.000000e+000	0.000000e+000	0.000000e+000	0.000000e+000	0.000000e+000	-2.530171e-098	-2.656984e+303	0.000000e+000	1.272257e-173	9.039319e-306	0.000000e+000	2.121996e-314	-7.845908e+298	9.909220e-001	1.344382e-001	-2.530171e-098	-2.656984e+303	0.000000e+000	1.272271e-173	9.040971e-306	
0.000000e+000	0.000000e+000	0.000000e+000	0.000000e+000	0.000000e+000	0.000000e+000	0.000000e+000	3.416379e-001	0.000000e+000	0.000000e+000	0.000000e+000	0.000000e+000	0.000000e+000	0.000000e+000	0.000000e+000	-2.530171e-098	-2.656984e+303	0.000000e+000	1.272257e-173	9.042405e-306	0.000000e+000	2.121996e-314	-7.845908e+298	8.594295e-001	5.112543e-001	-2.530171e-098	-2.656984e+303	0.000000e+000	1.272271e-173	9.044056e-306	
0.000000e+000	0.000000e+000	0.000000e+000	0.000000e+000	0.000000e+000	0.000000e+000	0.000000e+000	8.564830e-001	0.000000e+000	0.000000e+000	0.000000e+000	0.000000e+000	0.000000e+000	0.000000e+000	0.000000e+000	-2.530171e-098	-2.656984e+303	0.000000e+000	1.272257e-173	9.045490e-306	0.000000e+000	2.121996e-314	-7.845908e+298	2.235313e-001	9.746967e-001	-2.530171e-098	-2.656984e+303	0.000000e+000	1.272271e-173	9.047142e-306	
0.000000e+000	0.000000e+000	0.000000e+000	0.000000e+000	0.000000e+000	0.000000e+000	0.000000e+000	4.728158e-001	0.000000e+000	0.000000e+000	0.000000e+000	0.000000e+000	0.000000e+000	0.000000e+000	0.000000e+000	-2.530171e-098	-2.656984e+303	0.000000e+000	1.272257e-173	9.048576e-306	0.000000e+000	2.121996e-314	-7.845908e+298	7.366471e-001	6.762773e-001	-2.530171e-098	-2.656984e+303	0.000000e+000	1.272271e-173	9.050227e-306	
0.000000e+000	0.000000e+000	0.000000e+000	0.000000e+000	0.000000e+000	0.000000e+000	0.000000e+000	2.315576e-001	0.000000e+000	0.000000e+000	0.000000e+000	0.000000e+000	0.000000e+000	0.000000e+000	0.000000e+000	-2.530171e-098	-2.656984e+303	0.000000e+000	1.272257e-173	9.051661e-306	0.000000e+000	2.121996e-314	-7.845908e+298	9.345764e-001	3.557626e-001	-2.530171e-098	-2.656984e+303	0.000000e+000	1.272271e-173	9.053313e-306	
0.000000e+000	0.000000e+000	0.000000e+000	0.000000e+000	0.000000e+000	0.000000e+000	0.000000e+000	8.772866e-001	0.000000e+000	0.000000e+000	0.000000e+000	0.000000e+000	0.000000e+000	0.000000e+000	0.000000e+000	-2.530171e-098	-2.656984e+303	0.000000e+000	1.272257e-173	9.054747e-306	0.000000e+000	2.121996e-314	-7.845908e+298	1.915663e-001	9.814797e-001	-2.530171e-098	-2.656984e+303	0.000000e+000	1.272271e-173	9.056398e-306	
0.000000e+000	0.000000e+000	0.000000e+000	0.000000e+000	0.000000e+000	0.000000e+000	0.000000e+000	5.013179e-001	0.000000e+000	0.000000e+000	0.000000e+000	0.000000e+000	0.000000e+000	0.000000e+000	0.000000e+000	-2.530171e-098	-2.656984e+303	0.000000e+000	1.272257e-173	9.057832e-306	0.000000e+000	2.121996e-314	-7.845908e+298	7.056414e-001	7.085691e-001	-2.530171e-098	-2.656984e+303	0.000000e+000	1.272271e-173	9.059484e-306	
0.000000e+000	0.000000e+000	0.000000e+000	0.000000e+000	0.000000e+000	0.000000e+000	0.000000e+000	8.090141e-001	0.000000e+000	0.000000e+000	0.000000e+000	0.000000e+000	0.000000e+000	0.000000e+000	0.000000e+000	-2.530171e-098	-2.656984e+303	0.000000e+000	1.272257e-173	9.060918e-306	0.000000e+000	2.121996e-314	-7.845908e+298	2.955201e-001	9.553365e-001	-2.530171e-098	-2.656984e+303	0.000000e+000	1.272271e-173	9.062569e-306	
0.000000e+000	0.000000e+000	0.000000e+000	0.000000e+000	0.000000e+000	0.000000e+000	0.000000e+000	9.766451e-001	0.000000e+000	0.000000e+000	0.000000e+000	0.000000e+000	0.000000e+000	0.000000e+000	0.000000e+000	-2.530171e-098	-2.656984e+303	0.000000e+000	1.272257e-173	9.064004e-306	0.000000e+000	2.121996e-314	-7.845908e+298	3.667752e-002	9.993272e-001	-2.530171e-098	-2.656984e+303	0.000000e+000	1.272271e-173	9.065655e-306	
0.000000e+000	0.000000e+000	0.000000e+000	0.000000e+000	0.000000e+000	0.000000e+000	0.000000e+000	3.623627e-001	0.000000e+000	0.000000e+000	0.000000e+000	0.000000e+000	0.000000e+000	0.000000e+000	0.000000e+000	-2.530171e-098	-2.656984e+303	0.000000e+000	1.272257e-173	9.067089e-306	0.000000e+000	2.121996e-314	-7.845908e+298	8.423335e-001	5.389567e-001	-2.530171e-098	-2.656984e+303	0.000000e+000	1.272271e-173	9.068740e-306	
0.000000e+000	0.000000e+000	0.000000e+000	0.000000e+000	0.000000e+000	0.000000e+000	0.000000e+000	6.885675e-001	0.000000e+000	0.000000e+000	0.000000e+000	0.000000e+000	0.000000e+000	0.000000e+000	0.000000e+000	-2.530171e-098	-2.656984e+303	0.000000e+000	1.272257e-173	9.070175e-306	0.000000e+000	2.121996e-314	-7.845908e+298	4.699172e-001	8.827105e-001	-2.530171e-098	-2.656984e+303	0.000000e+000	1.272271e-173	9.071826e-306	
0.000000e+000	0.000000e+000	0.000000e+000	0.000000e+000	0.000000e+000	0.000000e+000	0.000000e+000	7.371087e-001	0.000000e+000	0.000000e+000	0.000000e+000	0.000000e+000	0.000000e+000	0.000000e+000	0.000000e+000	-2.530171e-098	-2.656984e+303	0.000000e+000	1.272257e-173	9.073260e-306	0.000000e+000	2.121996e-314	-7.845908e+298	4.013119e-001	9.159415e-001	-2.530171e-098	-2.656984e+303	0.000000e+000	1.272271e-173	9.074912e-306	
0.000000e+000	0.000000e+000	0.000000e+000	0.000000e+000	0.000000e+000	0.000000e+000	0.000000e+000	4.185509e-001	0.000000e+000	0.000000e+000	0.000000e+000	0.000000e+000	0.000000e+000	0.000000e+000	0.000000e+000	-2.530171e-098	-2.656984e+303	0.000000e+000	1.272257e-173	9.076346e-306	0.000000e+000	2.121996e-314	-7.845908e+298	7.915480e-001	6.111069e-001	-2.530171e-098	-2.656984e+303	0.000000e+000	1.272271e-173	9.077997e-306	
0.000000e+000	0.000000e+000	0.000000e+000	0.000000e+000	0.000000e+000	0.000000e+000	0.000000e+000	6.579208e-001	0.000000e+000	0.000000e+000	0.000000e+000	0.000000e+000	0.000000e+000	0.000000e+000	0.000000e+000	-2.530171e-098	-2.656984e+303	0.000000e+000	1.272257e-173	9.079431e-306	0.000000e+000	2.121996e-314	-7.845908e+298	5.118499e-001	8.590749e-001	-2.530171e-098	-2.656984e+303	0.000000e+000	1.272271e-173	9.081083e-306	
0.000000e+000	0.000000e+000	0.000000e+000	0.000000e+000	0.000000e+000	0.000000e+000	0.000000e+000	3.991808e-001	0.000000e+000	0.000000e+000	0.000000e+000	0.000000e+000	0.000000e+000	0.000000e+000	0.000000e+000	-2.530171e-098	-2.656984e+303	0.000000e+000	1.272257e-173	9.082517e-306	0.000000e+000	2.121996e-314	-7.845908e+298	8.097727e-001	5.867437e-001	-2.530171e-098	-2.656984e+303	0.000000e+000	1.272271e-173	9.084168e-306	
0.000000e+000	0.000000e+000	0.000000e+000	0.000000e+000	0.000000e+000	0.000000e+000	0.000000e+000	5.867309e-001	0.000000e+000	0.000000e+000	0.000000e+000	0.000000e+000	0.000000e+000	0.000000e+000	0.000000e+000	-2.530171e-098	-2.656984e+303	0.000000e+000	1.272257e-173	9.085602e-306	0.000000e+000	2.121996e-314	-7.845908e+298	6.045187e-001	7.965909e-001	-2.530171e-098	-2.656984e+303	0.000000e+000	1.272271e-173	9.087254e-306	
0.000000e+000	0.000000e+000	0.000000e+000	0.000000e+000	0.000000e+000	0.000000e+000	0.000000e+000	3.499766e-002	0.000000e+000	0.000000e+000	0.000000e+000	0.000000e+000	0.000000e+000	0.000000e+000	0.000000e+000	-2.530171e-098	-2.656984e+303	0.000000e+000	1.272257e-173	9.088688e-306	0.000000e+000	2.121996e-314	-7.845908e+298	9.984893e-001	5.494651e-002	-2.530171e-098	-2.656984e+303	0.000000e+000	1.272271e-173	9.090339e-306	
0.000000e+000	0.000000e+000	0.000000e+000	0.000000e+000	0.000000e+000	0.000000e+000	0.000000e+000	8.996029e-001	0.000000e+000	0.000000e+000	0.000000e+000	0.000000e+000	0.000000e+000	0.000000e+000	0.000000e+000	-2.530171e-098	-2.656984e+303	0.000000e+000	1.272257e-173	9.091773e-306	0.000000e+000	2.121996e-314	-7.845908e+298	1.570505e-001	9.875906e-001	-2.530171e-098	-2.656984e+303	0.000000e+000	1.272271e-173	9.093425e-306	
0.000000e+000	0.000000e+000	0.000000e+000	0.000000e+000	0.000000e+000	0.000000e+000	0.000000e+000	6.098866e-001	0.000000e+000	0.000000e+000	0.000000e+000	0.000000e+000	0.000000e+000	0.000000e+000	0.000000e+000	-2.530171e-098	-2.656984e+303	0.000000e+000	1.272257e-173	9.094859e-306	0.000000e+000	2.121996e-314	-7.845908e+298	5.751510e-001	8.180473e-001	-2.530171e-098	-2.656984e+303	0.000000e+000	1.272271e-173	9.096510e-306	
0.000000e+000	0.000000e+000	0.000000e+000	0.000000e+000	0.000000e+000	0.000000e+000	0.000000e+000	2.854055e-001	0.000000e+000	0.000000e+000	0.000000e+000	0.000000e+000	0.000000e+000	0.000000e+000	0.000000e+000	-2.530171e-098	-2.656984e+303	0.000000e+000	1.272257e-173	9.097945e-306	0.000000e+000	2.121996e-314	-7.845908e+298	9.011792e-001	4.334467e-001	-2.530171e-098	-2.656984e+303	0.000000e+000	1.272271e-173	9.099596e-306	
0.000000e+000	0.000000e+000	0.000000e+000	0.000000e+000	0.000000e+000	0.000000e+000	0.000000e+000	4.389936e-001	0.000000e+000	0.000000e+000	0.000000e+000	0.000000e+000	0.000000e+000	0.000000e+000	0.000000e+000	-2.530171e-098	-2.656984e+303	0.000000e+000	1.272257e-173	9.101030e-306	0.000000e+000	2.121996e-314	-7.845908e+298	7.715200e-001	6.362051e-001	-2.530171e-098	-2.656984e+303	0.000000e+000	1.272271e-173	9.102682e-306	
0.000000e+000	0.000000e+000	0.000000e+000	0.000000e+000	0.000000e+000	0.000000e+000	0.000000e+000	7.840883e-001	0.000000e+000	0.000000e+000	0.000000e+000	0.000000e+000	0.000000e+000	0.000000e+000	0.000000e+000	-2.530171e-098	-2.656984e+303	0.000000e+000	1.272257e-173	9.104116e-306	0.000000e+000	2.121996e-314	-7.845908e+298	3.326888e-001	9.430367e-001	-2.530171e-098	-2.656984e+303	0.000000e+000	1.272271e-173	9.105767e-306	
0.000000e+000	0.000000e+000	0.000000e+000	0.000000e+000	0.000000e+000	0.000000e+000	0.000000e+000	0.000000e+000	0.000000e+000	0.000000e+000	0.000000e+000	0.000000e+000	0.000000e+000	0.000000e+000	0.000000e+000	-2.530171e-098	-2.656984e+303	0.000000e+000	1.272257e-173	9.107201e-306	0.000000e+000	2.121996e-314	-7.845908e+298	1.000000e+000	0.000000e+000	-2.530171e-098	-2.656984e+303	0.000000e+000	1.272271e-173	9.108853e-306	
0.000000e+000	0.000000e+000	0.000000e+000	0.000000e+000	0.000000e+000	0.000000e+000	0.000000e+000	6.343411e-001	0.000000e+000	0.000000e+000	0.000000e+000	0.000000e+000	0.000000e+000	0.000000e+000	0.000000e+000	-2.530171e-098	-2.656984e+303	0.000000e+000	1.272257e-173	9.110287e-306	0.000000e+000	2.121996e-314	-7.845908e+298	5.433107e-001	8.395317e-001	-2.530171e-098	-2.656984e+303	0.000000e+000	1.272271e-173	9.111938e-306	
