-2.065718e-001	3.592100e-002	-6.395837e-002	1.715396e-002	1.946789e-002	1.166429e-002	1.870771e-002	-1.904961e-002	-4.268233e-002	1.763650e-002	3.198707e-002	-1.195566e-002	2.422741e-002	1.785151e-002	-4.628965e-002	-2.530171e-098	-2.656984e+303	0.000000e+000	9.414885e-174	1.414044e-307	0.000000e+000	2.121996e-314	-7.845908e+298	4.139011e-002	8.320602e-001	-2.530171e-098	-2.656984e+303	0.000000e+000	9.414861e-174	1.414302e-307	
-7.588443e-002	6.919112e-002	1.027690e-001	1.715396e-002	9.992032e-003	1.166429e-002	3.735435e-002	1.007366e-002	-4.807228e-003	2.684215e-002	2.293782e-002	5.978972e-004	3.590219e-002	-1.433603e-001	-4.628965e-002	-2.530171e-098	-2.656984e+303	0.000000e+000	9.414885e-174	1.414526e-307	0.000000e+000	2.121996e-314	-7.845908e+298	5.769373e-001	3.540718e-001	-2.530171e-098	-2.656984e+303	0.000000e+000	9.414861e-174	1.414784e-307	
-9.860554e-002	-2.386536e-002	-6.428892e-002	1.715396e-002	2.815108e-002	5.149882e-002	-6.388661e-002	5.747713e-003	-1.368947e-001	6.452895e-002	-2.167862e-002	-3.787912e-003	-1.325385e-004	2.076086e-002	-5.268276e-002	-2.530171e-098	-2.656984e+303	0.000000e+000	9.414885e-174	1.415008e-307	0.000000e+000	2.121996e-314	-7.845908e+298	1.635041e-001	6.233657e-001	-2.530171e-098	-2.656984e+303	0.000000e+000	9.414861e-174	1.415266e-307	
1.842131e-002	2.333558e-002	1.606533e-002	7.068603e-003	-1.366067e-002	3.311727e-002	1.088742e-001	3.216949e-003	-7.512913e-002	6.882756e-002	8.404752e-002	6.182665e-003	7.736926e-003	3.594744e-002	-4.638166e-002	-2.530171e-098	-2.656984e+303	0.000000e+000	9.414885e-174	1.415490e-307	0.000000e+000	2.121996e-314	-7.845908e+298	2.373225e-001	5.452194e-001	-2.530171e-098	-2.656984e+303	0.000000e+000	9.414861e-174	1.415748e-307	
-1.266585e-002	-3.840568e-002	-1.040827e-002	4.416419e-002	-1.366067e-002	-3.083447e-002	2.738043e-002	-1.115118e-002	-2.847124e-002	-6.010412e-002	1.126647e-002	1.146847e-002	5.108606e-002	1.990636e-002	-4.340854e-002	-2.530171e-098	-2.656984e+303	0.000000e+000	9.414885e-174	1.415972e-307	0.000000e+000	2.121996e-314	-7.845908e+298	1.378181e-002	9.126163e-001	-2.530171e-098	-2.656984e+303	0.000000e+000	9.414861e-174	1.416230e-307	
9.578933e-003	-3.840568e-002	9.648901e-002	4.579767e-002	-1.366067e-002	1.329772e-001	2.738043e-002	-1.214977e-002	-2.847124e-002	3.715209e-002	1.126647e-002	1.146847e-002	3.939804e-002	1.990636e-002	-7.825069e-002	-2.530171e-098	-2.656984e+303	0.000000e+000	9.414885e-174	1.416454e-307	0.000000e+000	2.121996e-314	-7.845908e+298	6.312281e-001	3.269225e-001	-2.530171e-098	-2.656984e+303	0.000000e+000	9.414861e-174	1.416712e-307	
3.365182e-002	3.126138e-002	-1.040827e-002	2.691191e-002	-1.029472e-002	-3.083447e-002	1.599663e-002	-1.115118e-002	1.466099e-002	-6.010412e-002	1.126647e-002	2.085959e-002	3.536309e-002	1.990636e-002	-4.340854e-002	-2.530171e-098	-2.656984e+303	0.000000e+000	9.414885e-174	1.416936e-307	0.000000e+000	2.121996e-314	-7.845908e+298	5.802572e-003	9.653551e-001	-2.530171e-098	-2.656984e+303	0.000000e+000	9.414861e-174	1.417194e-307	
-1.266585e-002	-4.785783e-002	2.554202e-002	-2.504952e-002	-4.355443e-002	7.672172e-004	8.392212e-002	-1.115118e-002	-2.847124e-002	4.449110e-002	1.126647e-002	1.146847e-002	5.108606e-002	2.325689e-002	-4.340854e-002	-2.530171e-098	-2.656984e+303	0.000000e+000	9.414885e-174	1.417418e-307	0.000000e+000	2.121996e-314	-7.845908e+298	5.422462e-003	1.009434e+000	-2.530171e-098	-2.656984e+303	0.000000e+000	9.414861e-174	1.417677e-307	
8.531109e-002	-6.491590e-002	9.496198e-002	2.736686e-002	-1.366067e-002	-3.083447e-002	2.738043e-002	-3.620973e-002	-2.847124e-002	1.525399e-001	1.241049e-002	-1.277597e-002	5.108606e-002	1.255375e-001	-8.412532e-002	-2.530171e-098	-2.656984e+303	0.000000e+000	9.414885e-174	1.417901e-307	0.000000e+000	2.121996e-314	-7.845908e+298	2.723345e-001	5.130967e-001	-2.530171e-098	-2.656984e+303	0.000000e+000	9.414861e-174	1.418159e-307	
2.849840e-002	-6.491590e-002	9.496198e-002	2.736686e-002	-1.366067e-002	-3.083447e-002	4.050223e-002	-3.620973e-002	-1.866368e-002	1.525399e-001	1.241049e-002	-1.217481e-002	5.108606e-002	1.255375e-001	-4.214470e-002	-2.530171e-098	-2.656984e+303	0.000000e+000	9.414885e-174	1.418383e-307	0.000000e+000	2.121996e-314	-7.845908e+298	7.287082e-001	3.106827e-001	-2.530171e-098	-2.656984e+303	0.000000e+000	9.414861e-174	1.418641e-307	
-1.266585e-002	-3.840568e-002	-5.669236e-002	8.567968e-003	1.039261e-002	-2.125483e-003	-7.931258e-002	2.637703e-002	8.700501e-003	4.275250e-002	2.704079e-002	1.146847e-002	4.340104e-002	-4.818412e-002	-5.336809e-002	-2.530171e-098	-2.656984e+303	0.000000e+000	9.414885e-174	1.418865e-307	0.000000e+000	2.121996e-314	-7.845908e+298	3.554462e-001	4.781244e-001	-2.530171e-098	-2.656984e+303	0.000000e+000	9.414861e-174	1.419123e-307	
-1.266585e-002	-3.840568e-002	4.476581e-002	5.003940e-002	8.202726e-003	7.830936e-002	3.637743e-002	-3.432157e-002	-6.090888e-002	1.016310e-002	2.704079e-002	2.162373e-002	4.340104e-002	-1.577746e-001	-5.336809e-002	-2.530171e-098	-2.656984e+303	0.000000e+000	9.414885e-174	1.421275e-307	0.000000e+000	2.121996e-314	-7.845908e+298	3.030097e-001	5.038890e-001	-2.530171e-098	-2.656984e+303	0.000000e+000	9.414861e-174	1.421533e-307	
4.488864e-002	-3.840568e-002	1.222430e-001	2.983635e-002	8.202726e-003	-3.354583e-003	1.627161e-002	-2.484353e-002	-3.462183e-002	1.016310e-002	2.704079e-002	1.875204e-002	4.340104e-002	-4.818412e-002	-5.336809e-002	-2.530171e-098	-2.656984e+303	0.000000e+000	9.414885e-174	1.422240e-307	0.000000e+000	2.121996e-314	-7.845908e+298	1.959905e-001	5.901328e-001	-2.530171e-098	-2.656984e+303	0.000000e+000	9.414861e-174	1.422498e-307	
4.488864e-002	7.646128e-002	3.546923e-002	2.202022e-002	8.202726e-003	-1.947313e-002	7.238435e-003	-2.484353e-002	-1.156109e-002	8.410631e-003	2.704079e-002	1.875204e-002	-1.982785e-002	-4.818412e-002	-5.336809e-002	-2.530171e-098	-2.656984e+303	0.000000e+000	9.414885e-174	1.422722e-307	0.000000e+000	2.121996e-314	-7.845908e+298	9.378627e-003	9.359099e-001	-2.530171e-098	-2.656984e+303	0.000000e+000	9.414861e-174	1.422980e-307	
1.018719e-002	-1.444079e-001	-2.355056e-002	7.597742e-003	1.280497e-002	-6.099055e-002	-1.460722e-001	-3.494533e-002	-1.973039e-003	1.104561e-001	1.126647e-002	-9.287025e-003	6.360889e-002	1.417613e-001	-1.685452e-002	-2.530171e-098	-2.656984e+303	0.000000e+000	9.414885e-174	1.423204e-307	0.000000e+000	2.121996e-314	-7.845908e+298	3.208432e-001	4.887243e-001	-2.530171e-098	-2.656984e+303	0.000000e+000	9.414861e-174	1.423462e-307	
5.103755e-002	2.150867e-002	-4.928169e-002	6.882868e-002	-8.725462e-004	-2.830977e-002	-6.972577e-002	6.645307e-003	3.195007e-003	4.337078e-002	2.141636e-002	8.157909e-003	2.299357e-002	1.990636e-002	-1.575391e-002	-2.530171e-098	-2.656984e+303	0.000000e+000	9.414885e-174	1.423686e-307	0.000000e+000	2.121996e-314	-7.845908e+298	4.612558e-002	7.961330e-001	-2.530171e-098	-2.656984e+303	0.000000e+000	9.414861e-174	1.423944e-307	
1.078291e-001	5.154493e-002	7.859020e-002	3.179939e-002	-2.409284e-002	-2.047108e-002	7.238435e-003	-3.404151e-002	3.195007e-003	4.337078e-002	-2.400084e-002	3.251752e-002	-2.741400e-002	-6.546869e-002	-1.575391e-002	-2.530171e-098	-2.656984e+303	0.000000e+000	9.414885e-174	1.424168e-307	0.000000e+000	2.121996e-314	-7.845908e+298	1.694105e-003	1.023827e+000	-2.530171e-098	-2.656984e+303	0.000000e+000	9.414861e-174	1.424426e-307	
9.306021e-004	8.711250e-003	-4.715272e-003	1.878902e-002	3.844397e-002	7.407047e-002	2.465751e-002	-4.437135e-002	-4.773358e-002	4.885165e-002	-3.564990e-003	2.604066e-002	2.368375e-002	2.732696e-002	2.428310e-002	-2.530171e-098	-2.656984e+303	0.000000e+000	9.414885e-174	1.425132e-307	0.000000e+000	2.121996e-314	-7.845908e+298	1.132638e-001	6.878935e-001	-2.530171e-098	-2.656984e+303	0.000000e+000	9.414861e-174	1.425390e-307	
2.098840e-003	8.711250e-003	-1.325244e-003	-7.621495e-005	2.283258e-002	5.627931e-002	2.465751e-002	-1.360274e-002	-1.617823e-002	4.885165e-002	-2.463801e-002	-5.886118e-003	1.904810e-002	2.732696e-002	-8.414253e-002	-2.530171e-098	-2.656984e+303	0.000000e+000	9.414885e-174	1.425614e-307	0.000000e+000	2.121996e-314	-7.845908e+298	1.064760e-001	7.090840e-001	-2.530171e-098	-2.656984e+303	0.000000e+000	9.414861e-174	1.425873e-307	
9.306021e-004	8.711250e-003	2.591734e-002	1.878902e-002	5.636810e-003	7.407047e-002	2.465751e-002	1.135832e-002	-4.773358e-002	4.885165e-002	2.193510e-002	2.604066e-002	2.368375e-002	-8.948698e-002	-7.704395e-002	-2.530171e-098	-2.656984e+303	0.000000e+000	9.414885e-174	1.426097e-307	0.000000e+000	2.121996e-314	-7.845908e+298	1.772185e-001	6.097545e-001	-2.530171e-098	-2.656984e+303	0.000000e+000	9.414861e-174	1.426355e-307	
-2.097924e-001	1.115338e-001	4.711846e-002	3.263166e-002	8.869653e-003	6.575971e-002	5.162788e-003	-5.665806e-003	-4.077242e-002	2.343339e-002	-1.791721e-001	3.689000e-002	-9.860259e-003	-2.221567e-001	-1.332353e-002	-2.530171e-098	-2.656984e+303	0.000000e+000	9.414885e-174	1.426579e-307	0.000000e+000	2.121996e-314	-7.845908e+298	5.117850e-001	3.549874e-001	-2.530171e-098	-2.656984e+303	0.000000e+000	9.414861e-174	1.426837e-307	
7.182326e-003	1.115338e-001	-1.106888e-003	8.074543e-003	1.681683e-002	6.575971e-002	6.068672e-002	2.565172e-002	-4.077242e-002	2.554669e-002	1.305555e-001	2.538209e-002	-1.420773e-002	5.145969e-002	-1.332353e-002	-2.530171e-098	-2.656984e+303	0.000000e+000	9.414885e-174	1.427061e-307	0.000000e+000	2.121996e-314	-7.845908e+298	3.895359e-001	4.561270e-001	-2.530171e-098	-2.656984e+303	0.000000e+000	9.414861e-174	1.427319e-307	
-3.593136e-001	8.373744e-002	-1.224864e-001	3.263166e-002	8.869653e-003	6.575971e-002	5.162788e-003	-5.665806e-003	1.778943e-002	2.343339e-002	2.230305e-002	3.689000e-002	2.046682e-002	-2.221567e-001	-5.494612e-002	-2.530171e-098	-2.656984e+303	0.000000e+000	9.414885e-174	1.427543e-307	0.000000e+000	2.121996e-314	-7.845908e+298	9.600225e-001	2.248726e-001	-2.530171e-098	-2.656984e+303	0.000000e+000	9.414861e-174	1.427801e-307	
-1.442274e-001	2.272174e-002	-4.103148e-002	-1.015950e-002	3.850802e-002	5.365468e-002	-5.587275e-002	8.076047e-003	-1.238980e-001	-1.818939e-002	1.031383e-001	8.172216e-004	1.806724e-002	9.372472e-002	1.319893e-001	-2.530171e-098	-2.656984e+303	0.000000e+000	9.414885e-174	1.428025e-307	0.000000e+000	2.121996e-314	-7.845908e+298	4.847865e-001	3.850759e-001	-2.530171e-098	-2.656984e+303	0.000000e+000	9.414861e-174	1.428283e-307	
-5.878597e-002	-1.362430e-001	7.324872e-003	1.441331e-002	3.619102e-002	7.536185e-002	-2.754085e-002	-1.087799e-002	-1.228425e-001	4.504801e-003	-1.682367e-002	1.783542e-002	7.196759e-003	1.524025e-002	-5.484688e-002	-2.530171e-098	-2.656984e+303	0.000000e+000	9.414885e-174	1.428989e-307	0.000000e+000	2.121996e-314	-7.845908e+298	7.795333e-002	7.485845e-001	-2.530171e-098	-2.656984e+303	0.000000e+000	9.414861e-174	1.429247e-307	
8.585755e-002	-7.718994e-002	-3.104134e-002	3.071159e-002	2.221532e-002	-4.027937e-002	-6.461076e-003	8.659820e-003	-5.560195e-002	4.180734e-002	1.054264e-001	2.622405e-002	1.571209e-002	5.044771e-002	-5.056826e-002	-2.530171e-098	-2.656984e+303	0.000000e+000	9.414885e-174	1.429954e-307	0.000000e+000	2.121996e-314	-7.845908e+298	3.987371e-001	4.331674e-001	-2.530171e-098	-2.656984e+303	0.000000e+000	9.414861e-174	1.430212e-307	
1.080155e-001	2.088963e-002	-5.823595e-002	8.573358e-002	2.740548e-002	-5.767693e-002	-2.854906e-002	-5.466351e-002	-2.931391e-002	-4.884050e-002	-1.189526e-001	4.583405e-002	2.449284e-002	-1.747558e-001	-1.444103e-002	-2.530171e-098	-2.656984e+303	0.000000e+000	9.414885e-174	1.430436e-307	0.000000e+000	2.121996e-314	-7.845908e+298	4.668021e-001	4.069747e-001	-2.530171e-098	-2.656984e+303	0.000000e+000	9.414861e-174	1.430694e-307	
-6.283602e-002	2.088963e-002	-5.823595e-002	1.788231e-002	-1.649270e-002	-5.767693e-002	7.378583e-002	-5.466351e-002	-1.037853e-001	7.314134e-002	-1.189526e-001	4.583405e-002	1.090093e-002	3.779826e-002	-1.444103e-002	-2.530171e-098	-2.656984e+303	0.000000e+000	9.414885e-174	1.430918e-307	0.000000e+000	2.121996e-314	-7.845908e+298	1.576853e-001	6.438447e-001	-2.530171e-098	-2.656984e+303	0.000000e+000	9.414861e-174	1.431176e-307	
-1.468278e-001	-1.004706e-001	-2.441427e-002	3.878138e-002	4.327955e-003	5.447559e-003	-3.282240e-002	-4.437135e-002	-6.211950e-002	2.626405e-002	-6.087840e-002	-4.620995e-003	3.055542e-002	2.155316e-002	2.476796e-002	-2.530171e-098	-2.656984e+303	0.000000e+000	9.414885e-174	1.431400e-307	0.000000e+000	2.121996e-314	-7.845908e+298	4.362086e-001	4.244899e-001	-2.530171e-098	-2.656984e+303	0.000000e+000	9.414861e-174	1.431658e-307	
-1.468278e-001	5.993665e-002	-2.441427e-002	1.283453e-002	4.327955e-003	5.447559e-003	-3.783608e-002	-4.437135e-002	-6.211950e-002	5.363702e-002	5.541233e-003	-4.620995e-003	3.055542e-002	2.155316e-002	2.476796e-002	-2.530171e-098	-2.656984e+303	0.000000e+000	9.414885e-174	1.431882e-307	0.000000e+000	2.121996e-314	-7.845908e+298	1.248677e-001	6.721870e-001	-2.530171e-098	-2.656984e+303	0.000000e+000	9.414861e-174	1.432140e-307	
6.656461e-003	-9.114273e-002	-2.282299e-002	3.065908e-002	4.327955e-003	-9.585089e-003	-4.486263e-002	-4.437135e-002	1.946637e-003	3.019450e-002	-2.739891e-002	7.473267e-003	3.055542e-002	5.930741e-002	-4.109496e-002	-2.530171e-098	-2.656984e+303	0.000000e+000	9.414885e-174	1.432364e-307	0.000000e+000	2.121996e-314	-7.845908e+298	8.987052e-002	7.185832e-001	-2.530171e-098	-2.656984e+303	0.000000e+000	9.414861e-174	1.432622e-307	
-2.199842e-003	2.769775e-003	-2.282299e-002	3.065908e-002	2.136517e-002	-9.585089e-003	-4.486263e-002	-4.437135e-002	1.946637e-003	7.528990e-002	6.598350e-002	7.473267e-003	3.055542e-002	-6.987604e-002	-7.643055e-002	-2.530171e-098	-2.656984e+303	0.000000e+000	9.414885e-174	1.432846e-307	0.000000e+000	2.121996e-314	-7.845908e+298	1.361484e-001	6.544379e-001	-2.530171e-098	-2.656984e+303	0.000000e+000	9.414861e-174	1.433104e-307	
-3.054846e-003	1.798784e-002	5.064425e-002	5.315412e-002	1.181238e-001	2.094968e-001	-2.463208e-002	-3.220428e-002	6.263854e-002	-1.184186e-001	6.640421e-003	-1.303007e-001	8.721972e-002	1.016254e-001	-1.475457e-001	-2.530171e-098	-2.656984e+303	0.000000e+000	9.414885e-174	1.434293e-307	0.000000e+000	2.121996e-314	-7.845908e+298	2.255875e-001	5.527706e-001	-2.530171e-098	-2.656984e+303	0.000000e+000	9.414861e-174	1.434551e-307	
8.580830e-002	-2.940325e-002	2.638391e-002	-8.058254e-003	3.016341e-002	7.072416e-003	3.205439e-002	-2.709816e-002	1.729877e-001	-1.864369e-001	4.439793e-002	1.000751e-001	-7.807206e-002	-9.032283e-003	-2.306714e-001	-2.530171e-098	-2.656984e+303	0.000000e+000	9.414885e-174	1.434775e-307	0.000000e+000	2.121996e-314	-7.845908e+298	9.651687e-003	9.349797e-001	-2.530171e-098	-2.656984e+303	0.000000e+000	9.414861e-174	1.435033e-307	
9.494702e-003	1.884840e-001	-1.000520e-001	-4.649113e-002	-3.523614e-002	2.070723e-002	-4.290650e-002	-2.513260e-002	-9.468777e-002	-4.858229e-003	-4.396575e-003	6.467106e-002	-6.605151e-002	-4.987233e-003	-2.396802e-001	-2.530171e-098	-2.656984e+303	0.000000e+000	9.414885e-174	1.435257e-307	0.000000e+000	2.121996e-314	-7.845908e+298	2.443780e-002	8.723085e-001	-2.530171e-098	-2.656984e+303	0.000000e+000	9.414861e-174	1.435515e-307	
1.927053e-002	1.992607e-002	-1.000520e-001	1.070164e-001	7.077380e-002	3.679282e-002	-7.934099e-002	-2.709816e-002	6.388360e-002	-5.937673e-002	2.732029e-002	-1.684272e-001	-4.897160e-002	-4.987233e-003	-2.306714e-001	-2.530171e-098	-2.656984e+303	0.000000e+000	9.414885e-174	1.435739e-307	0.000000e+000	2.121996e-314	-7.845908e+298	4.172621e-002	8.283355e-001	-2.530171e-098	-2.656984e+303	0.000000e+000	9.414861e-174	1.435997e-307	
-1.374055e-001	-1.009491e-001	-9.674232e-002	1.070164e-001	7.077380e-002	1.550878e-001	-4.306909e-002	-2.709816e-002	-1.202238e-001	3.673093e-002	2.732029e-002	-1.684272e-001	-4.897160e-002	-4.324150e-003	1.860858e-001	-2.530171e-098	-2.656984e+303	0.000000e+000	9.414885e-174	1.436221e-307	0.000000e+000	2.121996e-314	-7.845908e+298	1.606129e-001	6.295447e-001	-2.530171e-098	-2.656984e+303	0.000000e+000	9.414861e-174	1.436479e-307	
5.904398e-002	1.474006e-001	4.586824e-002	-4.663423e-002	-5.268193e-002	3.255851e-001	-4.941672e-002	-2.973932e-002	9.958356e-002	-5.501650e-002	9.837509e-003	2.471086e-002	-8.212712e-002	-4.987233e-003	-2.306714e-001	-2.530171e-098	-2.656984e+303	0.000000e+000	9.414885e-174	1.436703e-307	0.000000e+000	2.121996e-314	-7.845908e+298	3.567987e-001	4.702446e-001	-2.530171e-098	-2.656984e+303	0.000000e+000	9.414861e-174	1.436961e-307	
1.203412e-001	9.804171e-003	-1.921678e-002	-2.291455e-002	-5.268193e-002	2.770194e-001	-5.858683e-002	-2.973932e-002	1.248894e-001	-1.120483e-001	8.207495e-003	1.286551e-002	-4.720991e-002	1.709115e-001	-1.444732e-001	-2.530171e-098	-2.656984e+303	0.000000e+000	9.414885e-174	1.437185e-307	0.000000e+000	2.121996e-314	-7.845908e+298	3.037629e-001	4.926573e-001	-2.530171e-098	-2.656984e+303	0.000000e+000	9.414861e-174	1.437443e-307	
9.747655e-002	3.148877e-002	-2.976867e-002	-7.142206e-002	-2.064126e-002	4.323965e-002	5.369483e-002	-2.693869e-002	-6.593365e-002	-7.644132e-003	2.819819e-002	2.925743e-002	-8.555426e-003	3.460259e-002	-1.534503e-002	-2.530171e-098	-2.656984e+303	0.000000e+000	9.414885e-174	1.437667e-307	0.000000e+000	2.121996e-314	-7.845908e+298	4.502077e-002	7.980006e-001	-2.530171e-098	-2.656984e+303	0.000000e+000	9.414861e-174	1.437925e-307	
9.747655e-002	-1.514601e-001	4.495545e-002	-7.142206e-002	-2.064126e-002	2.376483e-001	5.369483e-002	-1.066653e-001	-8.425392e-003	-5.540892e-002	1.671330e-002	1.590010e-002	4.247235e-002	3.460259e-002	-1.010108e-002	-2.530171e-098	-2.656984e+303	0.000000e+000	9.414885e-174	1.438150e-307	0.000000e+000	2.121996e-314	-7.845908e+298	2.564680e-001	5.304378e-001	-2.530171e-098	-2.656984e+303	0.000000e+000	9.414861e-174	1.438408e-307	
1.124987e-001	4.299449e-002	-4.282839e-002	-8.977980e-002	6.569858e-004	1.185743e-001	5.369483e-002	-5.463502e-002	-1.308423e-001	2.738097e-002	2.819819e-002	-4.930384e-002	-7.966365e-002	1.735238e-003	-6.640742e-002	-2.530171e-098	-2.656984e+303	0.000000e+000	9.414885e-174	1.439596e-307	0.000000e+000	2.121996e-314	-7.845908e+298	1.261561e-001	6.649255e-001	-2.530171e-098	-2.656984e+303	0.000000e+000	9.414861e-174	1.439854e-307	
9.747655e-002	1.441257e-002	-2.976867e-002	-7.142206e-002	1.859227e-002	5.375354e-002	1.147030e-001	-1.149821e-001	-6.593365e-002	-7.644132e-003	2.819819e-002	2.925743e-002	-8.555426e-003	3.460259e-002	-1.534503e-002	-2.530171e-098	-2.656984e+303	0.000000e+000	9.414885e-174	1.440560e-307	0.000000e+000	2.121996e-314	-7.845908e+298	5.586203e-002	7.787362e-001	-2.530171e-098	-2.656984e+303	0.000000e+000	9.414861e-174	1.440818e-307	
3.751493e-002	-1.483686e-001	5.557941e-002	-1.306411e-003	5.856737e-002	1.760261e-002	5.826048e-002	2.155621e-002	-2.297191e-001	-2.101764e-001	5.021445e-003	1.772543e-003	-1.128899e-002	-4.968737e-002	-2.760929e-001	-2.530171e-098	-2.656984e+303	0.000000e+000	9.414885e-174	1.441524e-307	0.000000e+000	2.121996e-314	-7.845908e+298	2.169538e-002	8.960094e-001	-2.530171e-098	-2.656984e+303	0.000000e+000	9.414861e-174	1.441782e-307	
1.124987e-001	1.004911e-001	-4.282839e-002	-1.365507e-002	-6.323774e-002	2.962776e-002	5.369483e-002	-1.632898e-002	-1.706990e-001	-2.624386e-001	4.703423e-002	-4.930384e-002	-7.205173e-002	6.455055e-002	-1.456916e-001	-2.530171e-098	-2.656984e+303	0.000000e+000	9.414885e-174	1.443935e-307	0.000000e+000	2.121996e-314	-7.845908e+298	3.655509e-002	8.576627e-001	-2.530171e-098	-2.656984e+303	0.000000e+000	9.414861e-174	1.444193e-307	
1.625855e-001	1.217835e-001	2.605690e-002	3.218003e-003	-1.089160e-001	3.382832e-001	7.927671e-002	1.164958e-002	7.120339e-002	-4.626960e-002	1.716454e-003	-1.146719e-001	-5.921035e-002	3.460259e-002	-2.727660e-002	-2.530171e-098	-2.656984e+303	0.000000e+000	9.414885e-174	1.444417e-307	0.000000e+000	2.121996e-314	-7.845908e+298	3.760404e-001	4.636195e-001	-2.530171e-098	-2.656984e+303	0.000000e+000	9.414861e-174	1.444675e-307	
-4.494898e-002	-1.082341e-001	2.605690e-002	-1.405269e-001	-9.365746e-002	4.394245e-001	-8.732890e-003	-5.235432e-002	-1.308941e-001	-3.499793e-002	4.693120e-002	-3.573055e-002	-1.336782e-001	-3.785110e-002	2.018007e-002	-2.530171e-098	-2.656984e+303	0.000000e+000	9.414885e-174	1.445863e-307	0.000000e+000	2.121996e-314	-7.845908e+298	5.087209e-001	3.785923e-001	-2.530171e-098	-2.656984e+303	0.000000e+000	9.414861e-174	1.446121e-307	
8.898125e-004	1.217835e-001	2.862232e-002	-5.791837e-002	-5.574571e-002	6.430003e-002	5.318977e-002	7.037005e-002	-5.798771e-002	-5.051509e-002	4.703423e-002	-1.673477e-001	-1.336782e-001	-1.040388e-002	-4.539424e-002	-2.530171e-098	-2.656984e+303	0.000000e+000	9.414885e-174	1.446346e-307	0.000000e+000	2.121996e-314	-7.845908e+298	7.164041e-002	7.559045e-001	-2.530171e-098	-2.656984e+303	0.000000e+000	9.920258e-174	1.446604e-307	
-9.526646e-002	-9.039148e-002	1.844436e-002	-2.340722e-001	-1.019258e-001	4.986622e-001	-2.630224e-002	-4.909420e-002	-2.713300e-002	-9.832288e-002	9.753920e-005	-2.094128e-001	1.210678e-001	3.933760e-002	-1.442702e-001	-2.530171e-098	-2.656984e+303	0.000000e+000	9.920282e-174	1.447310e-307	0.000000e+000	2.121996e-314	-7.845908e+298	6.019056e-001	3.437619e-001	-2.530171e-098	-2.656984e+303	0.000000e+000	9.920258e-174	1.447568e-307	
4.069548e-003	1.016180e-001	3.596316e-002	-8.707389e-002	3.690306e-002	2.691966e-001	-6.791296e-002	2.184464e-002	2.006960e-001	-2.164524e-001	3.876813e-002	-1.940072e-001	-3.798325e-002	1.523186e-001	-5.886787e-002	-2.530171e-098	-2.656984e+303	0.000000e+000	9.920282e-174	1.447792e-307	0.000000e+000	2.121996e-314	-7.845908e+298	2.902547e-001	5.112384e-001	-2.530171e-098	-2.656984e+303	0.000000e+000	9.920258e-174	1.448050e-307	
-3.166468e-002	8.406465e-002	3.596316e-002	-3.412177e-003	9.371363e-002	3.081385e-003	8.432346e-002	3.571051e-003	-6.936518e-002	-3.865009e-002	1.118659e-002	-2.550610e-001	-8.043687e-002	1.046949e-001	-1.357037e-001	-2.530171e-098	-2.656984e+303	0.000000e+000	9.920282e-174	1.448274e-307	0.000000e+000	2.121996e-314	-7.845908e+298	8.426663e-003	9.639173e-001	-2.530171e-098	-2.656984e+303	0.000000e+000	9.920258e-174	1.448532e-307	
-3.166468e-002	-3.092865e-002	3.596316e-002	-2.273262e-001	4.371570e-002	1.809745e-001	8.432346e-002	7.054227e-003	-6.936518e-002	-6.914537e-002	1.118659e-002	-2.550610e-001	-8.043687e-002	-9.262562e-002	-3.193952e-002	-2.530171e-098	-2.656984e+303	0.000000e+000	9.920282e-174	1.448756e-307	0.000000e+000	2.121996e-314	-7.845908e+298	1.921295e-001	5.940592e-001	-2.530171e-098	-2.656984e+303	0.000000e+000	9.920258e-174	1.449014e-307	
7.900542e-002	-6.217420e-002	3.596316e-002	-1.117922e-001	1.440363e-002	7.480887e-002	8.432346e-002	-1.362905e-002	-6.936518e-002	2.102270e-002	1.118659e-002	-9.500612e-002	1.132113e-002	3.300501e-002	1.047451e-001	-2.530171e-098	-2.656984e+303	0.000000e+000	9.920282e-174	1.449238e-307	0.000000e+000	2.121996e-314	-7.845908e+298	8.050803e-002	7.361454e-001	-2.530171e-098	-2.656984e+303	0.000000e+000	9.920258e-174	1.449496e-307	
2.640408e-002	8.406465e-002	3.728961e-002	3.568661e-002	6.775507e-002	1.647339e-001	2.147167e-002	-1.918768e-002	-8.909883e-002	1.504602e-001	1.118659e-002	-3.171844e-002	6.238211e-002	2.336284e-003	-8.055613e-002	-2.530171e-098	-2.656984e+303	0.000000e+000	9.920282e-174	1.449720e-307	0.000000e+000	2.121996e-314	-7.845908e+298	1.737463e-001	6.120803e-001	-2.530171e-098	-2.656984e+303	0.000000e+000	9.920258e-174	1.449978e-307	
-4.783089e-002	4.149733e-002	-8.664897e-003	-1.117922e-001	-1.565984e-002	5.540389e-001	-2.527544e-002	-1.349074e-001	2.006960e-001	-2.164524e-001	-5.913347e-002	-3.526400e-003	-3.169037e-002	-1.562416e-001	-1.753775e-001	-2.530171e-098	-2.656984e+303	0.000000e+000	9.920282e-174	1.450202e-307	0.000000e+000	2.121996e-314	-7.845908e+298	6.827145e-001	3.201439e-001	-2.530171e-098	-2.656984e+303	0.000000e+000	9.920258e-174	1.450461e-307	
2.770474e-002	-1.458872e-001	5.220100e-002	-1.203418e-001	5.304966e-002	1.983214e-001	3.075225e-002	-3.823326e-002	-7.676635e-003	-1.021331e-001	6.117719e-002	-2.601729e-002	5.930535e-002	5.757099e-002	-6.855903e-002	-2.530171e-098	-2.656984e+303	0.000000e+000	9.920282e-174	1.450685e-307	0.000000e+000	2.121996e-314	-7.845908e+298	2.064889e-001	5.661319e-001	-2.530171e-098	-2.656984e+303	0.000000e+000	9.920258e-174	1.450943e-307	
-9.247500e-002	1.628565e-001	5.220100e-002	-8.648619e-002	4.477535e-002	8.673566e-002	-4.402360e-002	8.601825e-003	-1.201145e-001	-1.021331e-001	-8.310981e-006	2.150778e-003	-1.010253e-002	1.483628e-003	-3.540641e-002	-2.530171e-098	-2.656984e+303	0.000000e+000	9.920282e-174	1.451167e-307	0.000000e+000	2.121996e-314	-7.845908e+298	9.241654e-002	7.177591e-001	-2.530171e-098	-2.656984e+303	0.000000e+000	9.920258e-174	1.451425e-307	
8.619704e-002	-4.268339e-002	-8.512608e-003	-1.448530e-001	6.455171e-002	8.703494e-003	-5.740485e-002	-1.285260e-002	-6.023297e-002	-2.012849e-002	-3.414112e-004	-3.848100e-002	1.364139e-001	3.630790e-002	-1.802362e-002	-2.530171e-098	-2.656984e+303	0.000000e+000	9.920282e-174	1.451649e-307	0.000000e+000	2.121996e-314	-7.845908e+298	1.345203e-002	9.135569e-001	-2.530171e-098	-2.656984e+303	0.000000e+000	9.920258e-174	1.451907e-307	
1.259655e-001	1.109412e-001	3.133284e-002	-9.030685e-002	6.455171e-002	3.030503e-001	-5.740485e-002	-7.502065e-002	-6.023297e-002	-1.027172e-001	3.703888e-002	-7.159462e-002	1.683704e-001	1.416324e-001	-1.802362e-002	-2.530171e-098	-2.656984e+303	0.000000e+000	9.920282e-174	1.452131e-307	0.000000e+000	2.121996e-314	-7.845908e+298	3.270303e-001	4.871393e-001	-2.530171e-098	-2.656984e+303	0.000000e+000	9.920258e-174	1.452389e-307	
