0.000000e+000	0.000000e+000	0.000000e+000	0.000000e+000	0.000000e+000	0.000000e+000	0.000000e+000	0.000000e+000	0.000000e+000	0.000000e+000	0.000000e+000	0.000000e+000	0.000000e+000	0.000000e+000	0.000000e+000	-2.530171e-098	-2.656984e+303	0.000000e+000	1.019558e-173	6.850067e-290	0.000000e+000	2.121996e-314	-7.845908e+298	9.102369e-001	4.140880e-001	-2.530171e-098	-2.656984e+303	0.000000e+000	1.019573e-173	6.851555e-290	
0.000000e+000	0.000000e+000	0.000000e+000	0.000000e+000	0.000000e+000	0.000000e+000	0.000000e+000	0.000000e+000	0.000000e+000	0.000000e+000	0.000000e+000	0.000000e+000	0.000000e+000	0.000000e+000	0.000000e+000	-2.530171e-098	-2.656984e+303	0.000000e+000	1.019558e-173	6.852847e-290	0.000000e+000	2.121996e-314	-7.845908e+298	2.704151e-001	9.627438e-001	-2.530171e-098	-2.656984e+303	0.000000e+000	1.019573e-173	6.854334e-290	
0.000000e+000	0.000000e+000	0.000000e+000	0.000000e+000	0.000000e+000	0.000000e+000	0.000000e+000	0.000000e+000	0.000000e+000	0.000000e+000	0.000000e+000	0.000000e+000	0.000000e+000	0.000000e+000	0.000000e+000	-2.530171e-098	-2.656984e+303	0.000000e+000	1.019558e-173	6.855626e-290	0.000000e+000	2.121996e-314	-7.845908e+298	3.266110e-001	9.451588e-001	-2.530171e-098	-2.656984e+303	0.000000e+000	1.019573e-173	6.857113e-290	
0.000000e+000	0.000000e+000	0.000000e+000	0.000000e+000	0.000000e+000	0.000000e+000	0.000000e+000	0.000000e+000	0.000000e+000	0.000000e+000	0.000000e+000	0.000000e+000	0.000000e+000	0.000000e+000	0.000000e+000	-2.530171e-098	-2.656984e+303	0.000000e+000	1.019558e-173	6.858405e-290	0.000000e+000	2.121996e-314	-7.845908e+298	6.123234e-017	1.000000e+000	-2.530171e-098	-2.656984e+303	0.000000e+000	1.019573e-173	6.859893e-290	
0.000000e+000	0.000000e+000	0.000000e+000	0.000000e+000	0.000000e+000	0.000000e+000	0.000000e+000	0.000000e+000	0.000000e+000	0.000000e+000	0.000000e+000	0.000000e+000	0.000000e+000	0.000000e+000	0.000000e+000	-2.530171e-098	-2.656984e+303	0.000000e+000	1.019558e-173	6.861184e-290	0.000000e+000	2.121996e-314	-7.845908e+298	7.397869e-001	6.728412e-001	-2.530171e-098	-2.656984e+303	0.000000e+000	1.019573e-173	6.862672e-290	
0.000000e+000	0.000000e+000	0.000000e+000	0.000000e+000	0.000000e+000	0.000000e+000	0.000000e+000	0.000000e+000	0.000000e+000	0.000000e+000	0.000000e+000	0.000000e+000	0.000000e+000	0.000000e+000	0.000000e+000	-2.530171e-098	-2.656984e+303	0.000000e+000	1.019558e-173	6.863964e-290	0.000000e+000	2.121996e-314	-7.845908e+298	4.161234e-001	9.093081e-001	-2.530171e-098	-2.656984e+303	0.000000e+000	1.019573e-173	6.865451e-290	
0.000000e+000	0.000000e+000	0.000000e+000	0.000000e+000	0.000000e+000	0.000000e+000	0.000000e+000	0.000000e+000	0.000000e+000	0.000000e+000	0.000000e+000	0.000000e+000	0.000000e+000	0.000000e+000	0.000000e+000	-2.530171e-098	-2.656984e+303	0.000000e+000	1.019558e-173	6.866743e-290	0.000000e+000	2.121996e-314	-7.845908e+298	2.341724e-001	9.721951e-001	-2.530171e-098	-2.656984e+303	0.000000e+000	1.019573e-173	6.868230e-290	
0.000000e+000	0.000000e+000	0.000000e+000	0.000000e+000	0.000000e+000	0.000000e+000	0.000000e+000	0.000000e+000	0.000000e+000	0.000000e+000	0.000000e+000	0.000000e+000	0.000000e+000	0.000000e+000	0.000000e+000	-2.530171e-098	-2.656984e+303	0.000000e+000	1.019558e-173	6.869522e-290	0.000000e+000	2.121996e-314	-7.845908e+298	6.590496e-001	7.520995e-001	-2.530171e-098	-2.656984e+303	0.000000e+000	1.019573e-173	6.871009e-290	
0.000000e+000	0.000000e+000	0.000000e+000	0.000000e+000	0.000000e+000	0.000000e+000	0.000000e+000	0.000000e+000	0.000000e+000	0.000000e+000	0.000000e+000	0.000000e+000	0.000000e+000	0.000000e+000	0.000000e+000	-2.530171e-098	-2.656984e+303	0.000000e+000	1.019558e-173	6.872301e-290	0.000000e+000	2.121996e-314	-7.845908e+298	9.385516e-001	3.451390e-001	-2.530171e-098	-2.656984e+303	0.000000e+000	1.019573e-173	6.873789e-290	
0.000000e+000	0.000000e+000	0.000000e+000	0.000000e+000	0.000000e+000	0.000000e+000	0.000000e+000	0.000000e+000	0.000000e+000	0.000000e+000	0.000000e+000	0.000000e+000	0.000000e+000	0.000000e+000	0.000000e+000	-2.530171e-098	-2.656984e+303	0.000000e+000	1.019558e-173	6.875080e-290	0.000000e+000	2.121996e-314	-7.845908e+298	8.428725e-001	5.381133e-001	-2.530171e-098	-2.656984e+303	0.000000e+000	1.019573e-173	6.876568e-290	
0.000000e+000	0.000000e+000	0.000000e+000	0.000000e+000	0.000000e+000	0.000000e+000	0.000000e+000	0.000000e+000	0.000000e+000	0.000000e+000	0.000000e+000	0.000000e+000	0.000000e+000	0.000000e+000	0.000000e+000	-2.530171e-098	-2.656984e+303	0.000000e+000	1.019558e-173	6.877860e-290	0.000000e+000	2.121996e-314	-7.845908e+298	7.203437e-001	6.936173e-001	-2.530171e-098	-2.656984e+303	0.000000e+000	1.019573e-173	6.879347e-290	
0.000000e+000	0.000000e+000	0.000000e+000	0.000000e+000	0.000000e+000	0.000000e+000	0.000000e+000	0.000000e+000	0.000000e+000	0.000000e+000	0.000000e+000	0.000000e+000	0.000000e+000	0.000000e+000	0.000000e+000	-2.530171e-098	-2.656984e+303	0.000000e+000	1.019558e-173	6.880639e-290	0.000000e+000	2.121996e-314	-7.845908e+298	4.578821e-001	8.890129e-001	-2.530171e-098	-2.656984e+303	0.000000e+000	1.019573e-173	6.882126e-290	
0.000000e+000	0.000000e+000	0.000000e+000	0.000000e+000	0.000000e+000	0.000000e+000	0.000000e+000	0.000000e+000	0.000000e+000	0.000000e+000	0.000000e+000	0.000000e+000	0.000000e+000	0.000000e+000	0.000000e+000	-2.530171e-098	-2.656984e+303	0.000000e+000	1.019558e-173	6.883418e-290	0.000000e+000	2.121996e-314	-7.845908e+298	7.562034e-002	9.971367e-001	-2.530171e-098	-2.656984e+303	0.000000e+000	1.019573e-173	6.884906e-290	
0.000000e+000	0.000000e+000	0.000000e+000	0.000000e+000	0.000000e+000	0.000000e+000	0.000000e+000	0.000000e+000	0.000000e+000	0.000000e+000	0.000000e+000	0.000000e+000	0.000000e+000	0.000000e+000	0.000000e+000	-2.530171e-098	-2.656984e+303	0.000000e+000	1.019558e-173	6.886197e-290	0.000000e+000	2.121996e-314	-7.845908e+298	1.000000e+000	0.000000e+000	-2.530171e-098	-2.656984e+303	0.000000e+000	1.019573e-173	6.887685e-290	
0.000000e+000	0.000000e+000	0.000000e+000	0.000000e+000	0.000000e+000	0.000000e+000	0.000000e+000	0.000000e+000	0.000000e+000	0.000000e+000	0.000000e+000	0.000000e+000	0.000000e+000	0.000000e+000	0.000000e+000	-2.530171e-098	-2.656984e+303	0.000000e+000	1.019558e-173	6.888977e-290	0.000000e+000	2.121996e-314	-7.845908e+298	4.992497e-001	8.664582e-001	-2.530171e-098	-2.656984e+303	0.000000e+000	1.019573e-173	6.890464e-290	
0.000000e+000	0.000000e+000	0.000000e+000	0.000000e+000	0.000000e+000	0.000000e+000	0.000000e+000	0.000000e+000	0.000000e+000	0.000000e+000	0.000000e+000	0.000000e+000	0.000000e+000	0.000000e+000	0.000000e+000	-2.530171e-098	-2.656984e+303	0.000000e+000	1.019558e-173	6.891756e-290	0.000000e+000	2.121996e-314	-7.845908e+298	9.913702e-001	1.310923e-001	-2.530171e-098	-2.656984e+303	0.000000e+000	1.019573e-173	6.893243e-290	
0.000000e+000	0.000000e+000	0.000000e+000	0.000000e+000	0.000000e+000	0.000000e+000	0.000000e+000	0.000000e+000	0.000000e+000	0.000000e+000	0.000000e+000	0.000000e+000	0.000000e+000	0.000000e+000	0.000000e+000	-2.530171e-098	-2.656984e+303	0.000000e+000	1.019558e-173	6.894535e-290	0.000000e+000	2.121996e-314	-7.845908e+298	1.655970e-001	9.861935e-001	-2.530171e-098	-2.656984e+303	0.000000e+000	1.019573e-173	6.896022e-290	
0.000000e+000	0.000000e+000	0.000000e+000	0.000000e+000	0.000000e+000	0.000000e+000	0.000000e+000	0.000000e+000	0.000000e+000	0.000000e+000	0.000000e+000	0.000000e+000	0.000000e+000	0.000000e+000	0.000000e+000	-2.530171e-098	-2.656984e+303	0.000000e+000	1.019558e-173	6.897314e-290	0.000000e+000	2.121996e-314	-7.845908e+298	5.998475e-001	8.001144e-001	-2.530171e-098	-2.656984e+303	0.000000e+000	1.019573e-173	6.898802e-290	
0.000000e+000	0.000000e+000	0.000000e+000	0.000000e+000	0.000000e+000	0.000000e+000	0.000000e+000	0.000000e+000	0.000000e+000	0.000000e+000	0.000000e+000	0.000000e+000	0.000000e+000	0.000000e+000	0.000000e+000	-2.530171e-098	-2.656984e+303	0.000000e+000	1.019558e-173	6.900093e-290	0.000000e+000	2.121996e-314	-7.845908e+298	2.326628e-002	9.997293e-001	-2.530171e-098	-2.656984e+303	0.000000e+000	1.019573e-173	6.901581e-290	
0.000000e+000	0.000000e+000	0.000000e+000	0.000000e+000	0.000000e+000	0.000000e+000	0.000000e+000	0.000000e+000	0.000000e+000	0.000000e+000	0.000000e+000	0.000000e+000	0.000000e+000	0.000000e+000	0.000000e+000	-2.530171e-098	-2.656984e+303	0.000000e+000	1.019558e-173	6.902873e-290	0.000000e+000	2.121996e-314	-7.845908e+298	9.646704e-001	2.634595e-001	-2.530171e-098	-2.656984e+303	0.000000e+000	1.019573e-173	6.904360e-290	
0.000000e+000	0.000000e+000	0.000000e+000	0.000000e+000	0.000000e+000	0.000000e+000	0.000000e+000	0.000000e+000	0.000000e+000	0.000000e+000	0.000000e+000	0.000000e+000	0.000000e+000	0.000000e+000	0.000000e+000	-2.530171e-098	-2.656984e+303	0.000000e+000	1.019558e-173	6.905652e-290	0.000000e+000	2.121996e-314	-7.845908e+298	9.277788e-001	3.731306e-001	-2.530171e-098	-2.656984e+303	0.000000e+000	1.019573e-173	6.907139e-290	
0.000000e+000	0.000000e+000	0.000000e+000	0.000000e+000	0.000000e+000	0.000000e+000	0.000000e+000	0.000000e+000	0.000000e+000	0.000000e+000	0.000000e+000	0.000000e+000	0.000000e+000	0.000000e+000	0.000000e+000	-2.530171e-098	-2.656984e+303	0.000000e+000	1.019558e-173	6.908431e-290	0.000000e+000	2.121996e-314	-7.845908e+298	6.841938e-001	7.293002e-001	-2.530171e-098	-2.656984e+303	0.000000e+000	1.019573e-173	6.909919e-290	
0.000000e+000	0.000000e+000	0.000000e+000	0.000000e+000	0.000000e+000	0.000000e+000	0.000000e+000	0.000000e+000	0.000000e+000	0.000000e+000	0.000000e+000	0.000000e+000	0.000000e+000	0.000000e+000	0.000000e+000	-2.530171e-098	-2.656984e+303	0.000000e+000	1.019558e-173	6.911210e-290	0.000000e+000	2.121996e-314	-7.845908e+298	1.983897e-001	9.801232e-001	-2.530171e-098	-2.656984e+303	0.000000e+000	1.019573e-173	6.912698e-290	
0.000000e+000	0.000000e+000	0.000000e+000	0.000000e+000	0.000000e+000	0.000000e+000	0.000000e+000	0.000000e+000	0.000000e+000	0.000000e+000	0.000000e+000	0.000000e+000	0.000000e+000	0.000000e+000	0.000000e+000	-2.530171e-098	-2.656984e+303	0.000000e+000	1.019558e-173	6.913989e-290	0.000000e+000	2.121996e-314	-7.845908e+298	9.729190e-001	2.311464e-001	-2.530171e-098	-2.656984e+303	0.000000e+000	1.019573e-173	6.915477e-290	
0.000000e+000	0.000000e+000	0.000000e+000	0.000000e+000	0.000000e+000	0.000000e+000	0.000000e+000	0.000000e+000	0.000000e+000	0.000000e+000	0.000000e+000	0.000000e+000	0.000000e+000	0.000000e+000	0.000000e+000	-2.530171e-098	-2.656984e+303	0.000000e+000	1.019558e-173	6.916769e-290	0.000000e+000	2.121996e-314	-7.845908e+298	2.928616e-001	9.561548e-001	-2.530171e-098	-2.656984e+303	0.000000e+000	1.019573e-173	6.918256e-290	
0.000000e+000	0.000000e+000	0.000000e+000	0.000000e+000	0.000000e+000	0.000000e+000	0.000000e+000	0.000000e+000	0.000000e+000	0.000000e+000	0.000000e+000	0.000000e+000	0.000000e+000	0.000000e+000	0.000000e+000	-2.530171e-098	-2.656984e+303	0.000000e+000	1.019558e-173	6.919548e-290	0.000000e+000	2.121996e-314	-7.845908e+298	9.842514e-001	1.767743e-001	-2.530171e-098	-2.656984e+303	0.000000e+000	1.019573e-173	6.921035e-290	
0.000000e+000	0.000000e+000	0.000000e+000	0.000000e+000	0.000000e+000	0.000000e+000	0.000000e+000	0.000000e+000	0.000000e+000	0.000000e+000	0.000000e+000	0.000000e+000	0.000000e+000	0.000000e+000	0.000000e+000	-2.530171e-098	-2.656984e+303	0.000000e+000	1.019558e-173	6.922327e-290	0.000000e+000	2.121996e-314	-7.845908e+298	8.627312e-001	5.056628e-001	-2.530171e-098	-2.656984e+303	0.000000e+000	1.019573e-173	6.923815e-290	
0.000000e+000	0.000000e+000	0.000000e+000	0.000000e+000	0.000000e+000	0.000000e+000	0.000000e+000	0.000000e+000	0.000000e+000	0.000000e+000	0.000000e+000	0.000000e+000	0.000000e+000	0.000000e+000	0.000000e+000	-2.530171e-098	-2.656984e+303	0.000000e+000	1.019558e-173	6.925106e-290	0.000000e+000	2.121996e-314	-7.845908e+298	9.965846e-001	8.257826e-002	-2.530171e-098	-2.656984e+303	0.000000e+000	1.019573e-173	6.926594e-290	
0.000000e+000	0.000000e+000	0.000000e+000	0.000000e+000	0.000000e+000	0.000000e+000	0.000000e+000	0.000000e+000	0.000000e+000	0.000000e+000	0.000000e+000	0.000000e+000	0.000000e+000	0.000000e+000	0.000000e+000	-2.530171e-098	-2.656984e+303	0.000000e+000	1.019558e-173	6.927886e-290	0.000000e+000	2.121996e-314	-7.845908e+298	9.992196e-001	3.949813e-002	-2.530171e-098	-2.656984e+303	0.000000e+000	1.019573e-173	6.929373e-290	
0.000000e+000	0.000000e+000	0.000000e+000	0.000000e+000	0.000000e+000	0.000000e+000	0.000000e+000	0.000000e+000	0.000000e+000	0.000000e+000	0.000000e+000	0.000000e+000	0.000000e+000	0.000000e+000	0.000000e+000	-2.530171e-098	-2.656984e+303	0.000000e+000	1.019558e-173	6.930665e-290	0.000000e+000	2.121996e-314	-7.845908e+298	3.835626e-001	9.235149e-001	-2.530171e-098	-2.656984e+303	0.000000e+000	1.019573e-173	6.932152e-290	
0.000000e+000	0.000000e+000	0.000000e+000	0.000000e+000	0.000000e+000	0.000000e+000	0.000000e+000	0.000000e+000	0.000000e+000	0.000000e+000	0.000000e+000	0.000000e+000	0.000000e+000	0.000000e+000	0.000000e+000	-2.530171e-098	-2.656984e+303	0.000000e+000	1.019558e-173	6.933444e-290	0.000000e+000	2.121996e-314	-7.845908e+298	6.364988e-001	7.712777e-001	-2.530171e-098	-2.656984e+303	0.000000e+000	1.019573e-173	6.934931e-290	
0.000000e+000	0.000000e+000	0.000000e+000	0.000000e+000	0.000000e+000	0.000000e+000	0.000000e+000	0.000000e+000	0.000000e+000	0.000000e+000	0.000000e+000	0.000000e+000	0.000000e+000	0.000000e+000	0.000000e+000	-2.530171e-098	-2.656984e+303	0.000000e+000	1.019558e-173	6.936223e-290	0.000000e+000	2.121996e-314	-7.845908e+298	8.000487e-001	5.999351e-001	-2.530171e-098	-2.656984e+303	0.000000e+000	1.019573e-173	6.937711e-290	
0.000000e+000	0.000000e+000	0.000000e+000	0.000000e+000	0.000000e+000	0.000000e+000	0.000000e+000	0.000000e+000	0.000000e+000	0.000000e+000	0.000000e+000	0.000000e+000	0.000000e+000	0.000000e+000	0.000000e+000	-2.530171e-098	-2.656984e+303	0.000000e+000	1.019558e-173	6.939002e-290	0.000000e+000	2.121996e-314	-7.845908e+298	1.272025e-001	9.918768e-001	-2.530171e-098	-2.656984e+303	0.000000e+000	1.019573e-173	6.940490e-290	
0.000000e+000	0.000000e+000	0.000000e+000	0.000000e+000	0.000000e+000	0.000000e+000	0.000000e+000	0.000000e+000	0.000000e+000	0.000000e+000	0.000000e+000	0.000000e+000	0.000000e+000	0.000000e+000	0.000000e+000	-2.530171e-098	-2.656984e+303	0.000000e+000	1.019558e-173	6.941782e-290	0.000000e+000	2.121996e-314	-7.845908e+298	8.233807e-001	5.674894e-001	-2.530171e-098	-2.656984e+303	0.000000e+000	1.019573e-173	6.943269e-290	
0.000000e+000	0.000000e+000	0.000000e+000	0.000000e+000	0.000000e+000	0.000000e+000	0.000000e+000	0.000000e+000	0.000000e+000	0.000000e+000	0.000000e+000	0.000000e+000	0.000000e+000	0.000000e+000	0.000000e+000	-2.530171e-098	-2.656984e+303	0.000000e+000	1.019558e-173	6.944561e-290	0.000000e+000	2.121996e-314	-7.845908e+298	9.553122e-001	2.955987e-001	-2.530171e-098	-2.656984e+303	0.000000e+000	1.019573e-173	6.946048e-290	
0.000000e+000	0.000000e+000	0.000000e+000	0.000000e+000	0.000000e+000	0.000000e+000	0.000000e+000	0.000000e+000	0.000000e+000	0.000000e+000	0.000000e+000	0.000000e+000	0.000000e+000	0.000000e+000	0.000000e+000	-2.530171e-098	-2.656984e+303	0.000000e+000	1.019558e-173	6.947340e-290	0.000000e+000	2.121996e-314	-7.845908e+298	3.573320e-001	9.339774e-001	-2.530171e-098	-2.656984e+303	0.000000e+000	1.019573e-173	6.948828e-290	
0.000000e+000	0.000000e+000	0.000000e+000	0.000000e+000	0.000000e+000	0.000000e+000	0.000000e+000	0.000000e+000	0.000000e+000	0.000000e+000	0.000000e+000	0.000000e+000	0.000000e+000	0.000000e+000	0.000000e+000	-2.530171e-098	-2.656984e+303	0.000000e+000	1.019558e-173	6.950119e-290	0.000000e+000	2.121996e-314	-7.845908e+298	5.341757e-001	8.453735e-001	-2.530171e-098	-2.656984e+303	0.000000e+000	1.019573e-173	6.951607e-290	
0.000000e+000	0.000000e+000	0.000000e+000	0.000000e+000	0.000000e+000	0.000000e+000	0.000000e+000	0.000000e+000	0.000000e+000	0.000000e+000	0.000000e+000	0.000000e+000	0.000000e+000	0.000000e+000	0.000000e+000	-2.530171e-098	-2.656984e+303	0.000000e+000	1.019558e-173	6.952899e-290	0.000000e+000	2.121996e-314	-7.845908e+298	8.803777e-001	4.742732e-001	-2.530171e-098	-2.656984e+303	0.000000e+000	1.019573e-173	6.954386e-290	
0.000000e+000	0.000000e+000	0.000000e+000	0.000000e+000	0.000000e+000	0.000000e+000	0.000000e+000	0.000000e+000	0.000000e+000	0.000000e+000	0.000000e+000	0.000000e+000	0.000000e+000	0.000000e+000	0.000000e+000	-2.530171e-098	-2.656984e+303	0.000000e+000	1.019558e-173	6.955678e-290	0.000000e+000	2.121996e-314	-7.845908e+298	7.562708e-001	6.542587e-001	-2.530171e-098	-2.656984e+303	0.000000e+000	1.019573e-173	6.957165e-290	
0.000000e+000	0.000000e+000	0.000000e+000	0.000000e+000	0.000000e+000	0.000000e+000	0.000000e+000	0.000000e+000	0.000000e+000	0.000000e+000	0.000000e+000	0.000000e+000	0.000000e+000	0.000000e+000	0.000000e+000	-2.530171e-098	-2.656984e+303	0.000000e+000	1.019558e-173	6.958457e-290	0.000000e+000	2.121996e-314	-7.845908e+298	7.747152e-001	6.323103e-001	-2.530171e-098	-2.656984e+303	0.000000e+000	1.019573e-173	6.959944e-290	
0.000000e+000	0.000000e+000	0.000000e+000	0.000000e+000	0.000000e+000	0.000000e+000	0.000000e+000	0.000000e+000	0.000000e+000	0.000000e+000	0.000000e+000	1.697271e-001	0.000000e+000	0.000000e+000	0.000000e+000	-2.530171e-098	-2.656984e+303	0.000000e+000	1.019558e-173	6.961236e-290	0.000000e+000	2.121996e-314	-7.845908e+298	9.646704e-001	2.634595e-001	-2.530171e-098	-2.656984e+303	0.000000e+000	1.019573e-173	6.962724e-290	
0.000000e+000	0.000000e+000	0.000000e+000	0.000000e+000	0.000000e+000	0.000000e+000	0.000000e+000	0.000000e+000	0.000000e+000	0.000000e+000	0.000000e+000	1.000000e+000	0.000000e+000	0.000000e+000	0.000000e+000	-2.530171e-098	-2.656984e+303	0.000000e+000	1.019558e-173	6.964015e-290	0.000000e+000	2.121996e-314	-7.845908e+298	6.123234e-017	1.000000e+000	-2.530171e-098	-2.656984e+303	0.000000e+000	1.019573e-173	6.965503e-290	
0.000000e+000	0.000000e+000	0.000000e+000	0.000000e+000	0.000000e+000	0.000000e+000	0.000000e+000	0.000000e+000	0.000000e+000	0.000000e+000	0.000000e+000	2.912923e-001	0.000000e+000	0.000000e+000	0.000000e+000	-2.530171e-098	-2.656984e+303	0.000000e+000	1.019558e-173	6.966795e-290	0.000000e+000	2.121996e-314	-7.845908e+298	8.971326e-001	4.417613e-001	-2.530171e-098	-2.656984e+303	0.000000e+000	1.019573e-173	6.968282e-290	
0.000000e+000	0.000000e+000	0.000000e+000	0.000000e+000	0.000000e+000	0.000000e+000	0.000000e+000	0.000000e+000	0.000000e+000	0.000000e+000	0.000000e+000	0.000000e+000	0.000000e+000	0.000000e+000	0.000000e+000	-2.530171e-098	-2.656984e+303	0.000000e+000	1.019558e-173	6.969574e-290	0.000000e+000	2.121996e-314	-7.845908e+298	1.000000e+000	0.000000e+000	-2.530171e-098	-2.656984e+303	0.000000e+000	1.019573e-173	6.971061e-290	
0.000000e+000	0.000000e+000	0.000000e+000	0.000000e+000	0.000000e+000	0.000000e+000	0.000000e+000	0.000000e+000	0.000000e+000	0.000000e+000	0.000000e+000	4.357864e-001	0.000000e+000	0.000000e+000	0.000000e+000	-2.530171e-098	-2.656984e+303	0.000000e+000	1.019558e-173	6.972353e-290	0.000000e+000	2.121996e-314	-7.845908e+298	7.747152e-001	6.323103e-001	-2.530171e-098	-2.656984e+303	0.000000e+000	1.019573e-173	6.973841e-290	
0.000000e+000	0.000000e+000	0.000000e+000	0.000000e+000	0.000000e+000	0.000000e+000	0.000000e+000	0.000000e+000	0.000000e+000	0.000000e+000	0.000000e+000	4.860325e-001	0.000000e+000	0.000000e+000	0.000000e+000	-2.530171e-098	-2.656984e+303	0.000000e+000	1.019558e-173	6.975132e-290	0.000000e+000	2.121996e-314	-7.845908e+298	7.224494e-001	6.914238e-001	-2.530171e-098	-2.656984e+303	0.000000e+000	1.019573e-173	6.976620e-290	
0.000000e+000	0.000000e+000	0.000000e+000	0.000000e+000	0.000000e+000	0.000000e+000	0.000000e+000	0.000000e+000	0.000000e+000	0.000000e+000	0.000000e+000	5.060842e-001	0.000000e+000	0.000000e+000	0.000000e+000	-2.530171e-098	-2.656984e+303	0.000000e+000	1.019558e-173	6.977911e-290	0.000000e+000	2.121996e-314	-7.845908e+298	7.003167e-001	7.138323e-001	-2.530171e-098	-2.656984e+303	0.000000e+000	1.019573e-173	6.979399e-290	
0.000000e+000	0.000000e+000	0.000000e+000	0.000000e+000	0.000000e+000	0.000000e+000	0.000000e+000	0.000000e+000	0.000000e+000	0.000000e+000	0.000000e+000	3.286904e-001	0.000000e+000	0.000000e+000	0.000000e+000	-2.530171e-098	-2.656984e+303	0.000000e+000	1.019558e-173	6.980691e-290	0.000000e+000	2.121996e-314	-7.845908e+298	8.696489e-001	4.936707e-001	-2.530171e-098	-2.656984e+303	0.000000e+000	1.019573e-173	6.982178e-290	
0.000000e+000	0.000000e+000	0.000000e+000	0.000000e+000	0.000000e+000	0.000000e+000	0.000000e+000	0.000000e+000	0.000000e+000	0.000000e+000	0.000000e+000	8.728577e-001	0.000000e+000	0.000000e+000	0.000000e+000	-2.530171e-098	-2.656984e+303	0.000000e+000	1.019558e-173	6.983470e-290	0.000000e+000	2.121996e-314	-7.845908e+298	1.983897e-001	9.801232e-001	-2.530171e-098	-2.656984e+303	0.000000e+000	1.019573e-173	6.984957e-290	
0.000000e+000	0.000000e+000	0.000000e+000	0.000000e+000	0.000000e+000	0.000000e+000	0.000000e+000	0.000000e+000	0.000000e+000	0.000000e+000	0.000000e+000	6.177135e-001	0.000000e+000	0.000000e+000	0.000000e+000	-2.530171e-098	-2.656984e+303	0.000000e+000	1.019558e-173	6.986249e-290	0.000000e+000	2.121996e-314	-7.845908e+298	5.650503e-001	8.250564e-001	-2.530171e-098	-2.656984e+303	0.000000e+000	1.019573e-173	6.987737e-290	
0.000000e+000	0.000000e+000	0.000000e+000	0.000000e+000	0.000000e+000	0.000000e+000	0.000000e+000	0.000000e+000	0.000000e+000	0.000000e+000	0.000000e+000	5.641585e-001	0.000000e+000	0.000000e+000	0.000000e+000	-2.530171e-098	-2.656984e+303	0.000000e+000	1.019558e-173	6.989028e-290	0.000000e+000	2.121996e-314	-7.845908e+298	6.323773e-001	7.746606e-001	-2.530171e-098	-2.656984e+303	0.000000e+000	1.019573e-173	6.990516e-290	
0.000000e+000	0.000000e+000	0.000000e+000	0.000000e+000	0.000000e+000	0.000000e+000	0.000000e+000	0.000000e+000	0.000000e+000	0.000000e+000	0.000000e+000	8.987101e-001	0.000000e+000	0.000000e+000	0.000000e+000	-2.530171e-098	-2.656984e+303	0.000000e+000	1.019558e-173	6.991808e-290	0.000000e+000	2.121996e-314	-7.845908e+298	1.584354e-001	9.873693e-001	-2.530171e-098	-2.656984e+303	0.000000e+000	1.019573e-173	6.993295e-290	
0.000000e+000	0.000000e+000	0.000000e+000	0.000000e+000	0.000000e+000	0.000000e+000	0.000000e+000	0.000000e+000	0.000000e+000	0.000000e+000	0.000000e+000	7.267769e-001	0.000000e+000	0.000000e+000	0.000000e+000	-2.530171e-098	-2.656984e+303	0.000000e+000	1.019558e-173	6.994587e-290	0.000000e+000	2.121996e-314	-7.845908e+298	4.161234e-001	9.093081e-001	-2.530171e-098	-2.656984e+303	0.000000e+000	1.019573e-173	6.996074e-290	
0.000000e+000	0.000000e+000	0.000000e+000	0.000000e+000	0.000000e+000	0.000000e+000	0.000000e+000	0.000000e+000	0.000000e+000	0.000000e+000	0.000000e+000	6.669656e-001	0.000000e+000	0.000000e+000	0.000000e+000	-2.530171e-098	-2.656984e+303	0.000000e+000	1.019558e-173	6.997366e-290	0.000000e+000	2.121996e-314	-7.845908e+298	4.995933e-001	8.662601e-001	-2.530171e-098	-2.656984e+303	0.000000e+000	1.019573e-173	6.998853e-290	
0.000000e+000	0.000000e+000	0.000000e+000	0.000000e+000	0.000000e+000	0.000000e+000	0.000000e+000	0.000000e+000	0.000000e+000	0.000000e+000	0.000000e+000	8.369684e-002	0.000000e+000	0.000000e+000	0.000000e+000	-2.530171e-098	-2.656984e+303	0.000000e+000	1.019558e-173	7.000145e-290	0.000000e+000	2.121996e-314	-7.845908e+298	9.913702e-001	1.310923e-001	-2.530171e-098	-2.656984e+303	0.000000e+000	1.019573e-173	7.001633e-290	
0.000000e+000	0.000000e+000	0.000000e+000	0.000000e+000	0.000000e+000	0.000000e+000	0.000000e+000	0.000000e+000	0.000000e+000	0.000000e+000	0.000000e+000	1.910382e-001	0.000000e+000	0.000000e+000	0.000000e+000	-2.530171e-098	-2.656984e+303	0.000000e+000	1.019558e-173	7.002924e-290	0.000000e+000	2.121996e-314	-7.845908e+298	9.553122e-001	2.955987e-001	-2.530171e-098	-2.656984e+303	0.000000e+000	1.019573e-173	7.004412e-290	
0.000000e+000	0.000000e+000	0.000000e+000	0.000000e+000	0.000000e+000	0.000000e+000	0.000000e+000	0.000000e+000	0.000000e+000	0.000000e+000	0.000000e+000	8.107849e-001	0.000000e+000	0.000000e+000	0.000000e+000	-2.530171e-098	-2.656984e+303	0.000000e+000	1.019558e-173	7.005704e-290	0.000000e+000	2.121996e-314	-7.845908e+298	2.928616e-001	9.561548e-001	-2.530171e-098	-2.656984e+303	0.000000e+000	1.019573e-173	7.007191e-290	
0.000000e+000	0.000000e+000	0.000000e+000	0.000000e+000	0.000000e+000	0.000000e+000	0.000000e+000	0.000000e+000	0.000000e+000	0.000000e+000	0.000000e+000	6.972164e-001	0.000000e+000	0.000000e+000	0.000000e+000	-2.530171e-098	-2.656984e+303	0.000000e+000	1.019558e-173	7.008483e-290	0.000000e+000	2.121996e-314	-7.845908e+298	4.578821e-001	8.890129e-001	-2.530171e-098	-2.656984e+303	0.000000e+000	1.019573e-173	7.009970e-290	
0.000000e+000	0.000000e+000	0.000000e+000	0.000000e+000	0.000000e+000	0.000000e+000	0.000000e+000	0.000000e+000	0.000000e+000	0.000000e+000	0.000000e+000	7.543790e-001	0.000000e+000	0.000000e+000	0.000000e+000	-2.530171e-098	-2.656984e+303	0.000000e+000	1.019558e-173	7.011262e-290	0.000000e+000	2.121996e-314	-7.845908e+298	3.763195e-001	9.264900e-001	-2.530171e-098	-2.656984e+303	0.000000e+000	1.019573e-173	7.012750e-290	
0.000000e+000	0.000000e+000	0.000000e+000	0.000000e+000	0.000000e+000	0.000000e+000	0.000000e+000	0.000000e+000	0.000000e+000	0.000000e+000	0.000000e+000	1.484953e-001	0.000000e+000	0.000000e+000	0.000000e+000	-2.530171e-098	-2.656984e+303	0.000000e+000	1.019558e-173	7.014041e-290	0.000000e+000	2.121996e-314	-7.845908e+298	9.729190e-001	2.311464e-001	-2.530171e-098	-2.656984e+303	0.000000e+000	1.019573e-173	7.015529e-290	
0.000000e+000	0.000000e+000	0.000000e+000	0.000000e+000	0.000000e+000	0.000000e+000	0.000000e+000	0.000000e+000	0.000000e+000	0.000000e+000	0.000000e+000	3.841704e-001	0.000000e+000	0.000000e+000	0.000000e+000	-2.530171e-098	-2.656984e+303	0.000000e+000	1.019558e-173	7.016821e-290	0.000000e+000	2.121996e-314	-7.845908e+298	8.233807e-001	5.674894e-001	-2.530171e-098	-2.656984e+303	0.000000e+000	1.019573e-173	7.018308e-290	
0.000000e+000	0.000000e+000	0.000000e+000	0.000000e+000	0.000000e+000	0.000000e+000	0.000000e+000	0.000000e+000	0.000000e+000	0.000000e+000	0.000000e+000	9.518126e-001	0.000000e+000	0.000000e+000	0.000000e+000	-2.530171e-098	-2.656984e+303	0.000000e+000	1.019558e-173	7.019600e-290	0.000000e+000	2.121996e-314	-7.845908e+298	7.562034e-002	9.971367e-001	-2.530171e-098	-2.656984e+303	0.000000e+000	1.019573e-173	7.021087e-290	
0.000000e+000	0.000000e+000	0.000000e+000	0.000000e+000	0.000000e+000	0.000000e+000	0.000000e+000	0.000000e+000	0.000000e+000	0.000000e+000	0.000000e+000	9.851869e-001	0.000000e+000	0.000000e+000	0.000000e+000	-2.530171e-098	-2.656984e+303	0.000000e+000	1.019558e-173	7.022379e-290	0.000000e+000	2.121996e-314	-7.845908e+298	2.326628e-002	9.997293e-001	-2.530171e-098	-2.656984e+303	0.000000e+000	1.019573e-173	7.023866e-290	
0.000000e+000	0.000000e+000	0.000000e+000	0.000000e+000	0.000000e+000	0.000000e+000	0.000000e+000	0.000000e+000	0.000000e+000	0.000000e+000	0.000000e+000	2.717988e-001	0.000000e+000	0.000000e+000	0.000000e+000	-2.530171e-098	-2.656984e+303	0.000000e+000	1.019558e-173	7.025158e-290	0.000000e+000	2.121996e-314	-7.845908e+298	9.102369e-001	4.140880e-001	-2.530171e-098	-2.656984e+303	0.000000e+000	1.019573e-173	7.026646e-290	
0.000000e+000	0.000000e+000	0.000000e+000	0.000000e+000	0.000000e+000	0.000000e+000	0.000000e+000	0.000000e+000	0.000000e+000	0.000000e+000	0.000000e+000	2.515183e-002	0.000000e+000	0.000000e+000	0.000000e+000	-2.530171e-098	-2.656984e+303	0.000000e+000	1.019558e-173	7.027937e-290	0.000000e+000	2.121996e-314	-7.845908e+298	9.992196e-001	3.949813e-002	-2.530171e-098	-2.656984e+303	0.000000e+000	1.019573e-173	7.029425e-290	
0.000000e+000	0.000000e+000	0.000000e+000	0.000000e+000	0.000000e+000	0.000000e+000	0.000000e+000	0.000000e+000	0.000000e+000	0.000000e+000	0.000000e+000	7.805461e-001	0.000000e+000	0.000000e+000	0.000000e+000	-2.530171e-098	-2.656984e+303	0.000000e+000	1.019558e-173	7.030717e-290	0.000000e+000	2.121996e-314	-7.845908e+298	3.379307e-001	9.411710e-001	-2.530171e-098	-2.656984e+303	0.000000e+000	1.019573e-173	7.032204e-290	
0.000000e+000	0.000000e+000	0.000000e+000	0.000000e+000	0.000000e+000	0.000000e+000	0.000000e+000	0.000000e+000	0.000000e+000	0.000000e+000	0.000000e+000	5.263088e-002	0.000000e+000	0.000000e+000	0.000000e+000	-2.530171e-098	-2.656984e+303	0.000000e+000	1.019558e-173	7.033496e-290	0.000000e+000	2.121996e-314	-7.845908e+298	9.965846e-001	8.257826e-002	-2.530171e-098	-2.656984e+303	0.000000e+000	1.019573e-173	7.034983e-290	
0.000000e+000	0.000000e+000	0.000000e+000	0.000000e+000	0.000000e+000	0.000000e+000	0.000000e+000	0.000000e+000	0.000000e+000	0.000000e+000	0.000000e+000	9.185057e-001	0.000000e+000	0.000000e+000	0.000000e+000	-2.530171e-098	-2.656984e+303	0.000000e+000	1.019558e-173	7.036275e-290	0.000000e+000	2.121996e-314	-7.845908e+298	1.276617e-001	9.918178e-001	-2.530171e-098	-2.656984e+303	0.000000e+000	1.019573e-173	7.037763e-290	
0.000000e+000	0.000000e+000	0.000000e+000	0.000000e+000	0.000000e+000	0.000000e+000	0.000000e+000	0.000000e+000	0.000000e+000	0.000000e+000	0.000000e+000	4.585598e-001	0.000000e+000	0.000000e+000	0.000000e+000	-2.530171e-098	-2.656984e+303	0.000000e+000	1.019558e-173	7.039054e-290	0.000000e+000	2.121996e-314	-7.845908e+298	7.516053e-001	6.596132e-001	-2.530171e-098	-2.656984e+303	0.000000e+000	1.019573e-173	7.040542e-290	
0.000000e+000	0.000000e+000	0.000000e+000	0.000000e+000	0.000000e+000	0.000000e+000	0.000000e+000	0.000000e+000	0.000000e+000	0.000000e+000	0.000000e+000	5.419174e-001	0.000000e+000	0.000000e+000	0.000000e+000	-2.530171e-098	-2.656984e+303	0.000000e+000	1.019558e-173	7.041833e-290	0.000000e+000	2.121996e-314	-7.845908e+298	6.590496e-001	7.520995e-001	-2.530171e-098	-2.656984e+303	0.000000e+000	1.019573e-173	7.043321e-290	
0.000000e+000	0.000000e+000	0.000000e+000	0.000000e+000	0.000000e+000	0.000000e+000	0.000000e+000	0.000000e+000	0.000000e+000	0.000000e+000	0.000000e+000	3.170359e-001	0.000000e+000	0.000000e+000	0.000000e+000	-2.530171e-098	-2.656984e+303	0.000000e+000	1.019558e-173	7.044613e-290	0.000000e+000	2.121996e-314	-7.845908e+298	8.785402e-001	4.776684e-001	-2.530171e-098	-2.656984e+303	0.000000e+000	1.019573e-173	7.046100e-290	
0.000000e+000	0.000000e+000	0.000000e+000	0.000000e+000	0.000000e+000	0.000000e+000	0.000000e+000	0.000000e+000	0.000000e+000	0.000000e+000	0.000000e+000	6.375595e-001	0.000000e+000	0.000000e+000	0.000000e+000	-2.530171e-098	-2.656984e+303	0.000000e+000	1.019558e-173	7.047392e-290	0.000000e+000	2.121996e-314	-7.845908e+298	5.390596e-001	8.422676e-001	-2.530171e-098	-2.656984e+303	0.000000e+000	1.019573e-173	7.048879e-290	
0.000000e+000	0.000000e+000	0.000000e+000	0.000000e+000	0.000000e+000	0.000000e+000	0.000000e+000	0.000000e+000	0.000000e+000	0.000000e+000	0.000000e+000	8.495239e-001	0.000000e+000	0.000000e+000	0.000000e+000	-2.530171e-098	-2.656984e+303	0.000000e+000	1.019558e-173	7.050171e-290	0.000000e+000	2.121996e-314	-7.845908e+298	2.341724e-001	9.721951e-001	-2.530171e-098	-2.656984e+303	0.000000e+000	1.019573e-173	7.051659e-290	
0.000000e+000	0.000000e+000	0.000000e+000	0.000000e+000	0.000000e+000	0.000000e+000	0.000000e+000	0.000000e+000	0.000000e+000	0.000000e+000	0.000000e+000	3.543420e-001	0.000000e+000	0.000000e+000	0.000000e+000	-2.530171e-098	-2.656984e+303	0.000000e+000	1.019558e-173	7.052950e-290	0.000000e+000	2.121996e-314	-7.845908e+298	8.490567e-001	5.283017e-001	-2.530171e-098	-2.656984e+303	0.000000e+000	1.019573e-173	7.054438e-290	
0.000000e+000	0.000000e+000	0.000000e+000	0.000000e+000	0.000000e+000	0.000000e+000	0.000000e+000	0.000000e+000	0.000000e+000	0.000000e+000	0.000000e+000	8.256781e-001	0.000000e+000	0.000000e+000	0.000000e+000	-2.530171e-098	-2.656984e+303	0.000000e+000	1.070098e-173	7.055730e-290	0.000000e+000	2.121996e-314	-7.845908e+298	2.704151e-001	9.627438e-001	-2.530171e-098	-2.656984e+303	0.000000e+000	1.070112e-173	7.057217e-290	
0.000000e+000	0.000000e+000	0.000000e+000	0.000000e+000	0.000000e+000	0.000000e+000	0.000000e+000	0.000000e+000	0.000000e+000	0.000000e+000	0.000000e+000	2.317854e-001	0.000000e+000	0.000000e+000	0.000000e+000	-2.530171e-098	-2.656984e+303	0.000000e+000	1.070098e-173	7.058509e-290	0.000000e+000	2.121996e-314	-7.845908e+298	9.344490e-001	3.560969e-001	-2.530171e-098	-2.656984e+303	0.000000e+000	1.070112e-173	7.059996e-290	
0.000000e+000	0.000000e+000	0.000000e+000	0.000000e+000	0.000000e+000	0.000000e+000	0.000000e+000	0.000000e+000	0.000000e+000	0.000000e+000	0.000000e+000	4.074013e-001	0.000000e+000	0.000000e+000	0.000000e+000	-2.530171e-098	-2.656984e+303	0.000000e+000	1.070098e-173	7.061288e-290	0.000000e+000	2.121996e-314	-7.845908e+298	8.021289e-001	5.971509e-001	-2.530171e-098	-2.656984e+303	0.000000e+000	1.070112e-173	7.062775e-290	
0.000000e+000	0.000000e+000	0.000000e+000	0.000000e+000	0.000000e+000	0.000000e+000	0.000000e+000	0.000000e+000	0.000000e+000	0.000000e+000	0.000000e+000	5.904558e-001	0.000000e+000	0.000000e+000	0.000000e+000	-2.530171e-098	-2.656984e+303	0.000000e+000	1.070098e-173	7.064067e-290	0.000000e+000	2.121996e-314	-7.845908e+298	5.998475e-001	8.001144e-001	-2.530171e-098	-2.656984e+303	0.000000e+000	1.070112e-173	7.065555e-290	
0.000000e+000	0.000000e+000	0.000000e+000	0.000000e+000	0.000000e+000	0.000000e+000	0.000000e+000	0.000000e+000	0.000000e+000	0.000000e+000	0.000000e+000	5.203085e-001	0.000000e+000	0.000000e+000	0.000000e+000	-2.530171e-098	-2.656984e+303	0.000000e+000	1.070098e-173	7.066846e-290	0.000000e+000	2.121996e-314	-7.845908e+298	6.841938e-001	7.293002e-001	-2.530171e-098	-2.656984e+303	0.000000e+000	1.070112e-173	7.068334e-290	
0.000000e+000	0.000000e+000	0.000000e+000	0.000000e+000	0.000000e+000	0.000000e+000	0.000000e+000	0.000000e+000	0.000000e+000	0.000000e+000	0.000000e+000	1.131325e-001	0.000000e+000	0.000000e+000	0.000000e+000	-2.530171e-098	-2.656984e+303	0.000000e+000	1.070098e-173	7.069626e-290	0.000000e+000	2.121996e-314	-7.845908e+298	9.842514e-001	1.767743e-001	-2.530171e-098	-2.656984e+303	0.000000e+000	1.070112e-173	7.071113e-290	
