0.000000e+000	0.000000e+000	0.000000e+000	0.000000e+000	0.000000e+000	0.000000e+000	0.000000e+000	0.000000e+000	0.000000e+000	9.102812e-001	0.000000e+000	0.000000e+000	0.000000e+000	0.000000e+000	0.000000e+000	-2.530171e-098	-2.656984e+303	0.000000e+000	1.019558e-173	7.325056e-306	0.000000e+000	2.121996e-314	-7.845908e+298	1.404640e-001	9.900858e-001	-2.530171e-098	-2.656984e+303	0.000000e+000	1.019573e-173	7.326708e-306	
0.000000e+000	0.000000e+000	0.000000e+000	0.000000e+000	0.000000e+000	0.000000e+000	0.000000e+000	0.000000e+000	0.000000e+000	4.792688e-001	0.000000e+000	0.000000e+000	0.000000e+000	0.000000e+000	0.000000e+000	-2.530171e-098	-2.656984e+303	0.000000e+000	1.019558e-173	7.328142e-306	0.000000e+000	2.121996e-314	-7.845908e+298	7.297544e-001	6.837093e-001	-2.530171e-098	-2.656984e+303	0.000000e+000	1.019573e-173	7.329793e-306	
0.000000e+000	0.000000e+000	0.000000e+000	0.000000e+000	0.000000e+000	0.000000e+000	0.000000e+000	0.000000e+000	0.000000e+000	6.397096e-001	0.000000e+000	0.000000e+000	0.000000e+000	0.000000e+000	0.000000e+000	-2.530171e-098	-2.656984e+303	0.000000e+000	1.019558e-173	7.331227e-306	0.000000e+000	2.121996e-314	-7.845908e+298	5.362119e-001	8.440834e-001	-2.530171e-098	-2.656984e+303	0.000000e+000	1.019573e-173	7.332879e-306	
0.000000e+000	0.000000e+000	0.000000e+000	0.000000e+000	0.000000e+000	0.000000e+000	0.000000e+000	0.000000e+000	0.000000e+000	3.196481e-002	0.000000e+000	0.000000e+000	0.000000e+000	0.000000e+000	0.000000e+000	-2.530171e-098	-2.656984e+303	0.000000e+000	1.019558e-173	7.334313e-306	0.000000e+000	2.121996e-314	-7.845908e+298	9.987397e-001	5.018912e-002	-2.530171e-098	-2.656984e+303	0.000000e+000	1.019573e-173	7.335964e-306	
0.000000e+000	0.000000e+000	0.000000e+000	0.000000e+000	0.000000e+000	0.000000e+000	0.000000e+000	0.000000e+000	0.000000e+000	0.000000e+000	0.000000e+000	0.000000e+000	0.000000e+000	0.000000e+000	0.000000e+000	-2.530171e-098	-2.656984e+303	0.000000e+000	1.019558e-173	7.337398e-306	0.000000e+000	2.121996e-314	-7.845908e+298	1.000000e+000	0.000000e+000	-2.530171e-098	-2.656984e+303	0.000000e+000	1.019573e-173	7.339050e-306	
0.000000e+000	0.000000e+000	0.000000e+000	0.000000e+000	0.000000e+000	0.000000e+000	0.000000e+000	0.000000e+000	0.000000e+000	4.557296e-001	0.000000e+000	0.000000e+000	0.000000e+000	0.000000e+000	0.000000e+000	-2.530171e-098	-2.656984e+303	0.000000e+000	1.019558e-173	7.340484e-306	0.000000e+000	2.121996e-314	-7.845908e+298	7.545302e-001	6.562654e-001	-2.530171e-098	-2.656984e+303	0.000000e+000	1.019573e-173	7.276209e-306	
0.000000e+000	0.000000e+000	0.000000e+000	0.000000e+000	0.000000e+000	0.000000e+000	0.000000e+000	0.000000e+000	0.000000e+000	1.911201e-001	0.000000e+000	0.000000e+000	0.000000e+000	0.000000e+000	0.000000e+000	-2.530171e-098	-2.656984e+303	0.000000e+000	1.019558e-173	7.278860e-306	0.000000e+000	2.121996e-314	-7.845908e+298	1.911201e-001	0.000000e+000	0.000000e+000	0.000000e+000	0.000000e+000	0.000000e+000	0.000000e+000	
0.000000e+000	0.000000e+000	0.000000e+000	0.000000e+000	0.000000e+000	0.000000e+000	0.000000e+000	0.000000e+000	0.000000e+000	8.047184e-001	0.000000e+000	0.000000e+000	0.000000e+000	0.000000e+000	0.000000e+000	-2.530171e-098	-2.656984e+303	0.000000e+000	1.019558e-173	7.280294e-306	0.000000e+000	2.121996e-314	-7.845908e+298	3.019597e-001	9.533207e-001	-2.530171e-098	-2.656984e+303	0.000000e+000	1.019573e-173	7.281945e-306	
0.000000e+000	0.000000e+000	0.000000e+000	0.000000e+000	0.000000e+000	0.000000e+000	0.000000e+000	0.000000e+000	0.000000e+000	9.806571e-001	0.000000e+000	0.000000e+000	0.000000e+000	0.000000e+000	0.000000e+000	-2.530171e-098	-2.656984e+303	0.000000e+000	1.019558e-173	7.283379e-306	0.000000e+000	2.121996e-314	-7.845908e+298	3.037901e-002	9.995385e-001	-2.530171e-098	-2.656984e+303	0.000000e+000	1.019573e-173	7.285031e-306	
0.000000e+000	0.000000e+000	0.000000e+000	0.000000e+000	0.000000e+000	0.000000e+000	0.000000e+000	0.000000e+000	0.000000e+000	6.615143e-001	0.000000e+000	0.000000e+000	0.000000e+000	0.000000e+000	0.000000e+000	-2.530171e-098	-2.656984e+303	0.000000e+000	1.019558e-173	7.286465e-306	0.000000e+000	2.121996e-314	-7.845908e+298	5.069926e-001	8.619504e-001	-2.530171e-098	-2.656984e+303	0.000000e+000	1.019573e-173	7.288116e-306	
0.000000e+000	0.000000e+000	0.000000e+000	0.000000e+000	0.000000e+000	0.000000e+000	0.000000e+000	0.000000e+000	0.000000e+000	7.062091e-001	0.000000e+000	0.000000e+000	0.000000e+000	0.000000e+000	0.000000e+000	-2.530171e-098	-2.656984e+303	0.000000e+000	1.019558e-173	7.289551e-306	0.000000e+000	2.121996e-314	-7.845908e+298	4.452788e-001	8.953920e-001	-2.530171e-098	-2.656984e+303	0.000000e+000	1.019573e-173	7.291202e-306	
0.000000e+000	0.000000e+000	0.000000e+000	0.000000e+000	0.000000e+000	0.000000e+000	0.000000e+000	0.000000e+000	0.000000e+000	3.183107e-001	0.000000e+000	0.000000e+000	0.000000e+000	0.000000e+000	0.000000e+000	-2.530171e-098	-2.656984e+303	0.000000e+000	1.019558e-173	7.292636e-306	0.000000e+000	2.121996e-314	-7.845908e+298	8.775820e-001	4.794266e-001	-2.530171e-098	-2.656984e+303	0.000000e+000	1.019573e-173	7.294288e-306	
0.000000e+000	0.000000e+000	0.000000e+000	0.000000e+000	0.000000e+000	0.000000e+000	0.000000e+000	0.000000e+000	0.000000e+000	5.502483e-001	0.000000e+000	0.000000e+000	0.000000e+000	0.000000e+000	0.000000e+000	-2.530171e-098	-2.656984e+303	0.000000e+000	1.019558e-173	7.295722e-306	0.000000e+000	2.121996e-314	-7.845908e+298	6.491514e-001	7.606592e-001	-2.530171e-098	-2.656984e+303	0.000000e+000	1.019573e-173	7.297373e-306	
0.000000e+000	0.000000e+000	0.000000e+000	0.000000e+000	0.000000e+000	0.000000e+000	0.000000e+000	0.000000e+000	0.000000e+000	8.566070e-001	0.000000e+000	0.000000e+000	0.000000e+000	0.000000e+000	0.000000e+000	-2.530171e-098	-2.656984e+303	0.000000e+000	5.803854e-309	5.697254e-306	1.019567e-173	7.275861e-306	5.899207e-312	4.243992e-314	-7.845908e+298	-1.#QNAN0e+000	0.000000e+000	8.487983e-311	-2.530171e-098	-2.656984e+303	
0.000000e+000	0.000000e+000	0.000000e+000	0.000000e+000	0.000000e+000	0.000000e+000	0.000000e+000	0.000000e+000	0.000000e+000	9.444762e-001	0.000000e+000	0.000000e+000	0.000000e+000	0.000000e+000	0.000000e+000	-2.530171e-098	-2.656984e+303	0.000000e+000	1.019558e-173	7.233228e-306	0.000000e+000	2.121996e-314	-7.845908e+298	8.710607e-002	9.961990e-001	-2.530171e-098	-2.656984e+303	0.000000e+000	1.019573e-173	7.234880e-306	
0.000000e+000	0.000000e+000	0.000000e+000	0.000000e+000	0.000000e+000	0.000000e+000	0.000000e+000	0.000000e+000	0.000000e+000	3.916710e-001	0.000000e+000	0.000000e+000	0.000000e+000	0.000000e+000	0.000000e+000	-2.530171e-098	-2.656984e+303	0.000000e+000	1.019558e-173	7.236314e-306	0.000000e+000	2.121996e-314	-7.845908e+298	8.166376e-001	5.771508e-001	-2.530171e-098	-2.656984e+303	0.000000e+000	1.019573e-173	7.237965e-306	
0.000000e+000	0.000000e+000	0.000000e+000	0.000000e+000	0.000000e+000	0.000000e+000	0.000000e+000	0.000000e+000	0.000000e+000	6.845690e-001	0.000000e+000	0.000000e+000	0.000000e+000	0.000000e+000	0.000000e+000	-2.530171e-098	-2.656984e+303	0.000000e+000	1.019558e-173	7.239399e-306	0.000000e+000	2.121996e-314	-7.845908e+298	4.754521e-001	8.797416e-001	-2.530171e-098	-2.656984e+303	0.000000e+000	1.019573e-173	7.241051e-306	
0.000000e+000	0.000000e+000	0.000000e+000	0.000000e+000	0.000000e+000	0.000000e+000	0.000000e+000	0.000000e+000	0.000000e+000	2.993022e-001	0.000000e+000	0.000000e+000	0.000000e+000	0.000000e+000	0.000000e+000	-2.530171e-098	-2.656984e+303	0.000000e+000	1.019558e-173	7.242485e-306	0.000000e+000	2.121996e-314	-7.845908e+298	8.915036e-001	4.530136e-001	-2.530171e-098	-2.656984e+303	0.000000e+000	1.019573e-173	7.244136e-306	
0.000000e+000	0.000000e+000	0.000000e+000	0.000000e+000	0.000000e+000	0.000000e+000	0.000000e+000	0.000000e+000	0.000000e+000	5.828469e-001	0.000000e+000	0.000000e+000	0.000000e+000	0.000000e+000	0.000000e+000	-2.530171e-098	-2.656984e+303	0.000000e+000	1.019558e-173	7.245571e-306	0.000000e+000	2.121996e-314	-7.845908e+298	6.093674e-001	7.928880e-001	-2.530171e-098	-2.656984e+303	0.000000e+000	1.019573e-173	7.247222e-306	
0.000000e+000	0.000000e+000	0.000000e+000	0.000000e+000	0.000000e+000	0.000000e+000	0.000000e+000	0.000000e+000	0.000000e+000	7.549828e-001	0.000000e+000	0.000000e+000	0.000000e+000	0.000000e+000	0.000000e+000	-2.530171e-098	-2.656984e+303	0.000000e+000	1.019558e-173	7.248656e-306	0.000000e+000	2.121996e-314	-7.845908e+298	3.754406e-001	9.268464e-001	-2.530171e-098	-2.656984e+303	0.000000e+000	1.019573e-173	7.250308e-306	
0.000000e+000	0.000000e+000	0.000000e+000	0.000000e+000	0.000000e+000	0.000000e+000	0.000000e+000	0.000000e+000	0.000000e+000	4.366096e-001	0.000000e+000	0.000000e+000	0.000000e+000	0.000000e+000	0.000000e+000	-2.530171e-098	-2.656984e+303	0.000000e+000	1.019558e-173	7.252785e-306	0.000000e+000	2.121996e-314	-7.845908e+298	7.738970e-001	6.333115e-001	-2.530171e-098	-2.656984e+303	0.000000e+000	1.019573e-173	7.255436e-306	
0.000000e+000	0.000000e+000	0.000000e+000	0.000000e+000	0.000000e+000	0.000000e+000	0.000000e+000	0.000000e+000	0.000000e+000	3.428507e-001	0.000000e+000	0.000000e+000	0.000000e+000	0.000000e+000	0.000000e+000	-2.530171e-098	-2.656984e+303	0.000000e+000	1.019558e-173	7.257087e-306	0.000000e+000	2.121996e-314	-7.845908e+298	3.428507e-001	0.000000e+000	0.000000e+000	0.000000e+000	0.000000e+000	0.000000e+000	0.000000e+000	
0.000000e+000	0.000000e+000	0.000000e+000	0.000000e+000	0.000000e+000	0.000000e+000	0.000000e+000	0.000000e+000	0.000000e+000	5.287256e-001	0.000000e+000	0.000000e+000	0.000000e+000	0.000000e+000	0.000000e+000	-2.530171e-098	-2.656984e+303	0.000000e+000	1.019558e-173	7.258521e-306	0.000000e+000	2.121996e-314	-7.845908e+298	6.744917e-001	7.382824e-001	-2.530171e-098	-2.656984e+303	0.000000e+000	1.019573e-173	7.260173e-306	
0.000000e+000	0.000000e+000	0.000000e+000	0.000000e+000	0.000000e+000	0.000000e+000	0.000000e+000	0.000000e+000	0.000000e+000	7.332021e-001	0.000000e+000	0.000000e+000	0.000000e+000	0.000000e+000	0.000000e+000	-2.530171e-098	-2.656984e+303	0.000000e+000	1.019558e-173	7.261607e-306	0.000000e+000	2.121996e-314	-7.845908e+298	4.069250e-001	9.134616e-001	-2.530171e-098	-2.656984e+303	0.000000e+000	1.019573e-173	7.263258e-306	
0.000000e+000	0.000000e+000	0.000000e+000	0.000000e+000	0.000000e+000	0.000000e+000	0.000000e+000	0.000000e+000	0.000000e+000	1.000000e+000	0.000000e+000	0.000000e+000	0.000000e+000	0.000000e+000	0.000000e+000	-2.530171e-098	-2.656984e+303	0.000000e+000	1.019558e-173	7.264692e-306	0.000000e+000	2.121996e-314	-7.845908e+298	6.123234e-017	1.000000e+000	-2.530171e-098	-2.656984e+303	0.000000e+000	1.019573e-173	7.266344e-306	
0.000000e+000	0.000000e+000	0.000000e+000	0.000000e+000	0.000000e+000	0.000000e+000	0.000000e+000	0.000000e+000	0.000000e+000	2.692498e-001	0.000000e+000	0.000000e+000	0.000000e+000	0.000000e+000	0.000000e+000	-2.530171e-098	-2.656984e+303	0.000000e+000	1.019558e-173	7.267778e-306	0.000000e+000	2.121996e-314	-7.845908e+298	9.118876e-001	4.104400e-001	-2.530171e-098	-2.656984e+303	0.000000e+000	1.019573e-173	7.269429e-306	
0.000000e+000	0.000000e+000	0.000000e+000	0.000000e+000	0.000000e+000	0.000000e+000	0.000000e+000	0.000000e+000	0.000000e+000	1.318478e-001	0.000000e+000	0.000000e+000	0.000000e+000	0.000000e+000	0.000000e+000	-2.530171e-098	-2.656984e+303	0.000000e+000	1.019558e-173	7.270863e-306	0.000000e+000	2.121996e-314	-7.845908e+298	9.786301e-001	2.056286e-001	-2.530171e-098	-2.656984e+303	0.000000e+000	1.019573e-173	7.272515e-306	
0.000000e+000	0.000000e+000	0.000000e+000	0.000000e+000	0.000000e+000	0.000000e+000	0.000000e+000	0.000000e+000	0.000000e+000	4.131502e-001	0.000000e+000	0.000000e+000	0.000000e+000	0.000000e+000	0.000000e+000	-2.530171e-098	-2.656984e+303	0.000000e+000	1.019558e-173	7.206632e-306	0.000000e+000	2.121996e-314	-7.845908e+298	7.967038e-001	6.043699e-001	-2.530171e-098	-2.656984e+303	0.000000e+000	1.019573e-173	7.274949e-306	
0.000000e+000	0.000000e+000	0.000000e+000	0.000000e+000	0.000000e+000	0.000000e+000	0.000000e+000	0.000000e+000	0.000000e+000	6.139787e-001	0.000000e+000	0.000000e+000	0.000000e+000	0.000000e+000	0.000000e+000	-2.530171e-098	-2.656984e+303	0.000000e+000	1.019558e-173	7.208283e-306	0.000000e+000	2.121996e-314	-7.845908e+298	5.698809e-001	8.217273e-001	-2.530171e-098	-2.656984e+303	0.000000e+000	1.019573e-173	7.298460e-306	
0.000000e+000	0.000000e+000	0.000000e+000	0.000000e+000	0.000000e+000	0.000000e+000	0.000000e+000	0.000000e+000	0.000000e+000	7.797292e-001	0.000000e+000	0.000000e+000	0.000000e+000	0.000000e+000	0.000000e+000	-2.530171e-098	-2.656984e+303	0.000000e+000	1.019558e-173	7.211369e-306	0.000000e+000	2.121996e-314	-7.845908e+298	3.391382e-001	9.407366e-001	-2.530171e-098	-2.656984e+303	0.000000e+000	1.019573e-173	7.213020e-306	
0.000000e+000	0.000000e+000	0.000000e+000	0.000000e+000	0.000000e+000	0.000000e+000	0.000000e+000	0.000000e+000	0.000000e+000	8.878840e-001	0.000000e+000	0.000000e+000	0.000000e+000	0.000000e+000	0.000000e+000	-2.530171e-098	-2.656984e+303	0.000000e+000	1.019558e-173	7.214454e-306	0.000000e+000	2.121996e-314	-7.845908e+298	1.752024e-001	9.845324e-001	-2.530171e-098	-2.656984e+303	0.000000e+000	1.019573e-173	7.216106e-306	
0.000000e+000	0.000000e+000	0.000000e+000	0.000000e+000	0.000000e+000	0.000000e+000	0.000000e+000	0.000000e+000	0.000000e+000	2.318511e-001	0.000000e+000	0.000000e+000	0.000000e+000	0.000000e+000	0.000000e+000	-2.530171e-098	-2.656984e+303	0.000000e+000	1.019558e-173	7.217540e-306	0.000000e+000	2.121996e-314	-7.845908e+298	9.344123e-001	3.561934e-001	-2.530171e-098	-2.656984e+303	0.000000e+000	1.019573e-173	7.219191e-306	
0.000000e+000	0.000000e+000	0.000000e+000	0.000000e+000	0.000000e+000	0.000000e+000	0.000000e+000	0.000000e+000	0.000000e+000	1.592715e-001	0.000000e+000	0.000000e+000	0.000000e+000	0.000000e+000	0.000000e+000	-2.530171e-098	-2.656984e+303	0.000000e+000	1.019558e-173	7.220625e-306	0.000000e+000	2.121996e-314	-7.845908e+298	9.688671e-001	2.475814e-001	-2.530171e-098	-2.656984e+303	0.000000e+000	1.019573e-173	7.222277e-306	
0.000000e+000	0.000000e+000	0.000000e+000	0.000000e+000	0.000000e+000	0.000000e+000	0.000000e+000	0.000000e+000	0.000000e+000	6.600134e-002	0.000000e+000	0.000000e+000	0.000000e+000	0.000000e+000	0.000000e+000	-2.530171e-098	-2.656984e+303	0.000000e+000	1.019558e-173	7.223711e-306	0.000000e+000	2.121996e-314	-7.845908e+298	9.946306e-001	1.034890e-001	-2.530171e-098	-2.656984e+303	0.000000e+000	1.019573e-173	7.225362e-306	
0.000000e+000	0.000000e+000	0.000000e+000	0.000000e+000	0.000000e+000	0.000000e+000	0.000000e+000	0.000000e+000	0.000000e+000	8.307416e-001	0.000000e+000	0.000000e+000	0.000000e+000	0.000000e+000	0.000000e+000	-2.530171e-098	-2.656984e+303	0.000000e+000	1.019558e-173	7.226797e-306	0.000000e+000	2.121996e-314	-7.845908e+298	2.627492e-001	9.648642e-001	-2.530171e-098	-2.656984e+303	0.000000e+000	1.019573e-173	7.342613e-306	
0.000000e+000	0.000000e+000	0.000000e+000	0.000000e+000	0.000000e+000	0.000000e+000	0.000000e+000	0.000000e+000	0.000000e+000	5.721735e-001	0.000000e+000	0.000000e+000	0.000000e+000	0.000000e+000	0.000000e+000	-2.530171e-098	-2.656984e+303	0.000000e+000	1.019558e-173	7.345264e-306	0.000000e+000	2.121996e-314	-7.845908e+298	5.721735e-001	0.000000e+000	0.000000e+000	0.000000e+000	0.000000e+000	0.000000e+000	0.000000e+000	
0.000000e+000	0.000000e+000	0.000000e+000	0.000000e+000	0.000000e+000	0.000000e+000	0.000000e+000	0.000000e+000	0.000000e+000	1.001221e-001	0.000000e+000	0.000000e+000	0.000000e+000	0.000000e+000	0.000000e+000	-2.530171e-098	-2.656984e+303	0.000000e+000	1.019558e-173	7.346698e-306	0.000000e+000	2.121996e-314	-7.845908e+298	9.876583e-001	1.566238e-001	-2.530171e-098	-2.656984e+303	0.000000e+000	1.019573e-173	7.348350e-306	
0.000000e+000	0.000000e+000	0.000000e+000	0.000000e+000	0.000000e+000	0.000000e+000	0.000000e+000	0.000000e+000	0.000000e+000	3.613273e-001	0.000000e+000	0.000000e+000	0.000000e+000	0.000000e+000	0.000000e+000	-2.530171e-098	-2.656984e+303	0.000000e+000	1.019558e-173	7.349784e-306	0.000000e+000	2.121996e-314	-7.845908e+298	8.432090e-001	5.375860e-001	-2.530171e-098	-2.656984e+303	0.000000e+000	1.019573e-173	7.351435e-306	
0.000000e+000	0.000000e+000	0.000000e+000	0.000000e+000	0.000000e+000	0.000000e+000	0.000000e+000	0.000000e+000	0.000000e+000	4.995145e-001	0.000000e+000	0.000000e+000	0.000000e+000	0.000000e+000	0.000000e+000	-2.530171e-098	-2.656984e+303	0.000000e+000	1.019558e-173	7.352870e-306	0.000000e+000	2.121996e-314	-7.845908e+298	7.076458e-001	7.065674e-001	-2.530171e-098	-2.656984e+303	0.000000e+000	1.019573e-173	7.354521e-306	
0.000000e+000	0.000000e+000	0.000000e+000	0.000000e+000	0.000000e+000	0.000000e+000	0.000000e+000	0.000000e+000	0.000000e+000	2.500128e-001	0.000000e+000	0.000000e+000	0.000000e+000	0.000000e+000	0.000000e+000	-2.530171e-098	-2.656984e+303	0.000000e+000	1.019558e-173	7.355955e-306	0.000000e+000	2.121996e-314	-7.845908e+298	9.238719e-001	3.827020e-001	-2.530171e-098	-2.656984e+303	0.000000e+000	1.019573e-173	7.357607e-306	
0.000000e+000	0.000000e+000	0.000000e+000	0.000000e+000	0.000000e+000	0.000000e+000	0.000000e+000	0.000000e+000	0.000000e+000	0.000000e+000	0.000000e+000	0.000000e+000	0.000000e+000	0.000000e+000	0.000000e+000	-2.530171e-098	-2.656984e+303	0.000000e+000	1.019558e-173	7.359041e-306	0.000000e+000	2.121996e-314	-7.845908e+298	3.037901e-002	9.995385e-001	-2.530171e-098	-2.656984e+303	0.000000e+000	1.019573e-173	7.360692e-306	
0.000000e+000	0.000000e+000	0.000000e+000	0.000000e+000	0.000000e+000	0.000000e+000	0.000000e+000	0.000000e+000	0.000000e+000	0.000000e+000	0.000000e+000	0.000000e+000	0.000000e+000	0.000000e+000	0.000000e+000	-2.530171e-098	-2.656984e+303	0.000000e+000	1.019558e-173	7.362126e-306	0.000000e+000	2.121996e-314	-7.845908e+298	4.569612e-001	8.894866e-001	-2.530171e-098	-2.656984e+303	0.000000e+000	1.019573e-173	7.363778e-306	
0.000000e+000	0.000000e+000	0.000000e+000	0.000000e+000	0.000000e+000	0.000000e+000	0.000000e+000	0.000000e+000	0.000000e+000	0.000000e+000	0.000000e+000	0.000000e+000	0.000000e+000	0.000000e+000	0.000000e+000	-2.530171e-098	-2.656984e+303	0.000000e+000	1.019558e-173	7.365212e-306	0.000000e+000	2.121996e-314	-7.845908e+298	7.738970e-001	6.333115e-001	-2.530171e-098	-2.656984e+303	0.000000e+000	1.019573e-173	7.366863e-306	
0.000000e+000	0.000000e+000	0.000000e+000	0.000000e+000	0.000000e+000	0.000000e+000	0.000000e+000	0.000000e+000	0.000000e+000	0.000000e+000	0.000000e+000	0.000000e+000	0.000000e+000	0.000000e+000	0.000000e+000	-2.530171e-098	-2.656984e+303	0.000000e+000	1.019558e-173	7.368297e-306	0.000000e+000	2.121996e-314	-7.845908e+298	4.131398e-001	9.106676e-001	-2.530171e-098	-2.656984e+303	0.000000e+000	1.019573e-173	7.369949e-306	
0.000000e+000	0.000000e+000	0.000000e+000	0.000000e+000	0.000000e+000	0.000000e+000	0.000000e+000	0.000000e+000	0.000000e+000	0.000000e+000	0.000000e+000	0.000000e+000	0.000000e+000	0.000000e+000	0.000000e+000	-2.530171e-098	-2.656984e+303	0.000000e+000	1.019558e-173	7.371383e-306	0.000000e+000	2.121996e-314	-7.845908e+298	5.362119e-001	8.440834e-001	-2.530171e-098	-2.656984e+303	0.000000e+000	1.019573e-173	7.373034e-306	
0.000000e+000	0.000000e+000	0.000000e+000	0.000000e+000	0.000000e+000	0.000000e+000	0.000000e+000	0.000000e+000	0.000000e+000	0.000000e+000	0.000000e+000	0.000000e+000	0.000000e+000	0.000000e+000	0.000000e+000	-2.530171e-098	-2.656984e+303	0.000000e+000	1.019558e-173	7.374468e-306	0.000000e+000	2.121996e-314	-7.845908e+298	6.123234e-017	1.000000e+000	-2.530171e-098	-2.656984e+303	0.000000e+000	1.019573e-173	7.376120e-306	
0.000000e+000	0.000000e+000	0.000000e+000	0.000000e+000	0.000000e+000	0.000000e+000	0.000000e+000	0.000000e+000	0.000000e+000	0.000000e+000	0.000000e+000	0.000000e+000	0.000000e+000	0.000000e+000	0.000000e+000	-2.530171e-098	-2.656984e+303	0.000000e+000	1.019558e-173	7.377554e-306	0.000000e+000	2.121996e-314	-7.845908e+298	1.817910e-001	9.833372e-001	-2.530171e-098	-2.656984e+303	0.000000e+000	1.019573e-173	7.379205e-306	
0.000000e+000	0.000000e+000	0.000000e+000	0.000000e+000	0.000000e+000	0.000000e+000	0.000000e+000	0.000000e+000	0.000000e+000	0.000000e+000	0.000000e+000	0.000000e+000	0.000000e+000	0.000000e+000	0.000000e+000	-2.530171e-098	-2.656984e+303	0.000000e+000	1.019558e-173	7.380640e-306	0.000000e+000	2.121996e-314	-7.845908e+298	9.987397e-001	5.018912e-002	-2.530171e-098	-2.656984e+303	0.000000e+000	1.019573e-173	7.382291e-306	
0.000000e+000	0.000000e+000	0.000000e+000	0.000000e+000	0.000000e+000	0.000000e+000	0.000000e+000	0.000000e+000	0.000000e+000	0.000000e+000	0.000000e+000	0.000000e+000	0.000000e+000	0.000000e+000	0.000000e+000	-2.530171e-098	-2.656984e+303	0.000000e+000	1.019558e-173	7.383725e-306	0.000000e+000	2.121996e-314	-7.845908e+298	9.466907e-001	3.221439e-001	-2.530171e-098	-2.656984e+303	0.000000e+000	1.019573e-173	7.385377e-306	
0.000000e+000	0.000000e+000	0.000000e+000	0.000000e+000	0.000000e+000	0.000000e+000	0.000000e+000	0.000000e+000	0.000000e+000	0.000000e+000	0.000000e+000	0.000000e+000	0.000000e+000	0.000000e+000	0.000000e+000	-2.530171e-098	-2.656984e+303	0.000000e+000	1.019558e-173	7.386811e-306	0.000000e+000	2.121996e-314	-7.845908e+298	1.385607e-001	9.903539e-001	-2.530171e-098	-2.656984e+303	0.000000e+000	1.019573e-173	7.388462e-306	
0.000000e+000	0.000000e+000	0.000000e+000	0.000000e+000	0.000000e+000	0.000000e+000	0.000000e+000	0.000000e+000	0.000000e+000	0.000000e+000	0.000000e+000	0.000000e+000	0.000000e+000	0.000000e+000	0.000000e+000	-2.530171e-098	-2.656984e+303	0.000000e+000	1.019558e-173	7.389896e-306	0.000000e+000	2.121996e-314	-7.845908e+298	9.688671e-001	2.475814e-001	-2.530171e-098	-2.656984e+303	0.000000e+000	1.019573e-173	7.391548e-306	
0.000000e+000	0.000000e+000	0.000000e+000	0.000000e+000	0.000000e+000	0.000000e+000	0.000000e+000	0.000000e+000	0.000000e+000	0.000000e+000	0.000000e+000	0.000000e+000	0.000000e+000	0.000000e+000	0.000000e+000	-2.530171e-098	-2.656984e+303	0.000000e+000	1.019558e-173	7.392982e-306	0.000000e+000	2.121996e-314	-7.845908e+298	3.019597e-001	9.533207e-001	-2.530171e-098	-2.656984e+303	0.000000e+000	1.019573e-173	7.394633e-306	
0.000000e+000	0.000000e+000	0.000000e+000	0.000000e+000	0.000000e+000	0.000000e+000	0.000000e+000	0.000000e+000	0.000000e+000	0.000000e+000	0.000000e+000	0.000000e+000	0.000000e+000	0.000000e+000	0.000000e+000	-2.530171e-098	-2.656984e+303	0.000000e+000	1.019558e-173	7.396067e-306	0.000000e+000	2.121996e-314	-7.845908e+298	3.391382e-001	9.407366e-001	-2.530171e-098	-2.656984e+303	0.000000e+000	1.019573e-173	7.397719e-306	
0.000000e+000	0.000000e+000	0.000000e+000	0.000000e+000	0.000000e+000	0.000000e+000	0.000000e+000	0.000000e+000	0.000000e+000	0.000000e+000	0.000000e+000	0.000000e+000	0.000000e+000	0.000000e+000	0.000000e+000	-2.530171e-098	-2.656984e+303	0.000000e+000	1.019558e-173	7.399153e-306	0.000000e+000	2.121996e-314	-7.845908e+298	9.946306e-001	1.034890e-001	-2.530171e-098	-2.656984e+303	0.000000e+000	1.019573e-173	7.400804e-306	
0.000000e+000	0.000000e+000	0.000000e+000	0.000000e+000	0.000000e+000	0.000000e+000	0.000000e+000	0.000000e+000	0.000000e+000	0.000000e+000	0.000000e+000	0.000000e+000	0.000000e+000	0.000000e+000	0.000000e+000	-2.530171e-098	-2.656984e+303	0.000000e+000	1.019558e-173	7.402238e-306	0.000000e+000	2.121996e-314	-7.845908e+298	5.069926e-001	8.619504e-001	-2.530171e-098	-2.656984e+303	0.000000e+000	1.019573e-173	7.403890e-306	
0.000000e+000	0.000000e+000	0.000000e+000	0.000000e+000	0.000000e+000	0.000000e+000	0.000000e+000	0.000000e+000	0.000000e+000	0.000000e+000	0.000000e+000	0.000000e+000	0.000000e+000	0.000000e+000	0.000000e+000	-2.530171e-098	-2.656984e+303	0.000000e+000	1.019558e-173	7.405324e-306	0.000000e+000	2.121996e-314	-7.845908e+298	2.233415e-001	9.747403e-001	-2.530171e-098	-2.656984e+303	0.000000e+000	1.019573e-173	7.406975e-306	
0.000000e+000	0.000000e+000	0.000000e+000	0.000000e+000	0.000000e+000	0.000000e+000	0.000000e+000	0.000000e+000	0.000000e+000	0.000000e+000	0.000000e+000	0.000000e+000	0.000000e+000	0.000000e+000	0.000000e+000	-2.530171e-098	-2.656984e+303	0.000000e+000	1.019558e-173	7.408409e-306	0.000000e+000	2.121996e-314	-7.845908e+298	7.499219e-001	6.615263e-001	-2.530171e-098	-2.656984e+303	0.000000e+000	1.019573e-173	7.410061e-306	
0.000000e+000	0.000000e+000	0.000000e+000	0.000000e+000	0.000000e+000	0.000000e+000	0.000000e+000	0.000000e+000	0.000000e+000	0.000000e+000	0.000000e+000	0.000000e+000	0.000000e+000	0.000000e+000	0.000000e+000	-2.530171e-098	-2.656984e+303	0.000000e+000	1.019558e-173	7.411495e-306	0.000000e+000	2.121996e-314	-7.845908e+298	7.297544e-001	6.837093e-001	-2.530171e-098	-2.656984e+303	0.000000e+000	1.019573e-173	7.413146e-306	
0.000000e+000	0.000000e+000	0.000000e+000	0.000000e+000	0.000000e+000	0.000000e+000	0.000000e+000	0.000000e+000	0.000000e+000	0.000000e+000	0.000000e+000	0.000000e+000	0.000000e+000	0.000000e+000	0.000000e+000	-2.530171e-098	-2.656984e+303	0.000000e+000	1.019558e-173	7.414581e-306	0.000000e+000	2.121996e-314	-7.845908e+298	9.118876e-001	4.104400e-001	-2.530171e-098	-2.656984e+303	0.000000e+000	1.019573e-173	7.416232e-306	
0.000000e+000	0.000000e+000	0.000000e+000	0.000000e+000	0.000000e+000	0.000000e+000	0.000000e+000	0.000000e+000	0.000000e+000	0.000000e+000	0.000000e+000	0.000000e+000	0.000000e+000	0.000000e+000	0.000000e+000	-2.530171e-098	-2.656984e+303	0.000000e+000	1.019558e-173	7.417666e-306	0.000000e+000	2.121996e-314	-7.845908e+298	5.779607e-001	8.160646e-001	-2.530171e-098	-2.656984e+303	0.000000e+000	1.019573e-173	7.419318e-306	
0.000000e+000	0.000000e+000	0.000000e+000	0.000000e+000	0.000000e+000	0.000000e+000	0.000000e+000	0.000000e+000	0.000000e+000	0.000000e+000	0.000000e+000	0.000000e+000	0.000000e+000	0.000000e+000	0.000000e+000	-2.530171e-098	-2.656984e+303	0.000000e+000	1.019558e-173	7.420752e-306	0.000000e+000	2.121996e-314	-7.845908e+298	4.853616e-001	8.743135e-001	-2.530171e-098	-2.656984e+303	0.000000e+000	1.019573e-173	7.422403e-306	
0.000000e+000	0.000000e+000	0.000000e+000	0.000000e+000	0.000000e+000	0.000000e+000	0.000000e+000	0.000000e+000	0.000000e+000	0.000000e+000	0.000000e+000	0.000000e+000	0.000000e+000	0.000000e+000	0.000000e+000	-2.530171e-098	-2.656984e+303	0.000000e+000	1.019558e-173	7.423837e-306	0.000000e+000	2.121996e-314	-7.845908e+298	7.967038e-001	6.043699e-001	-2.530171e-098	-2.656984e+303	0.000000e+000	1.019573e-173	7.425489e-306	
0.000000e+000	0.000000e+000	0.000000e+000	0.000000e+000	0.000000e+000	0.000000e+000	0.000000e+000	0.000000e+000	0.000000e+000	0.000000e+000	0.000000e+000	0.000000e+000	0.000000e+000	0.000000e+000	0.000000e+000	-2.530171e-098	-2.656984e+303	0.000000e+000	1.019558e-173	7.426923e-306	0.000000e+000	2.121996e-314	-7.845908e+298	8.775820e-001	4.794266e-001	-2.530171e-098	-2.656984e+303	0.000000e+000	1.019573e-173	7.428574e-306	
0.000000e+000	0.000000e+000	0.000000e+000	0.000000e+000	0.000000e+000	0.000000e+000	0.000000e+000	0.000000e+000	0.000000e+000	0.000000e+000	0.000000e+000	0.000000e+000	0.000000e+000	0.000000e+000	0.000000e+000	-2.530171e-098	-2.656984e+303	0.000000e+000	1.019558e-173	7.430008e-306	0.000000e+000	2.121996e-314	-7.845908e+298	2.632108e-001	9.647384e-001	-2.530171e-098	-2.656984e+303	0.000000e+000	1.019573e-173	7.431660e-306	
0.000000e+000	0.000000e+000	0.000000e+000	0.000000e+000	0.000000e+000	0.000000e+000	0.000000e+000	0.000000e+000	0.000000e+000	0.000000e+000	0.000000e+000	0.000000e+000	0.000000e+000	0.000000e+000	0.000000e+000	-2.530171e-098	-2.656984e+303	0.000000e+000	1.019558e-173	7.433094e-306	0.000000e+000	2.121996e-314	-7.845908e+298	9.552742e-001	2.957216e-001	-2.530171e-098	-2.656984e+303	0.000000e+000	1.019573e-173	7.434745e-306	
0.000000e+000	0.000000e+000	0.000000e+000	0.000000e+000	0.000000e+000	0.000000e+000	0.000000e+000	0.000000e+000	0.000000e+000	0.000000e+000	0.000000e+000	0.000000e+000	0.000000e+000	0.000000e+000	0.000000e+000	-2.530171e-098	-2.656984e+303	0.000000e+000	1.019558e-173	7.436179e-306	0.000000e+000	2.121996e-314	-7.845908e+298	8.583728e-002	9.963092e-001	-2.530171e-098	-2.656984e+303	0.000000e+000	1.019573e-173	7.437831e-306	
0.000000e+000	0.000000e+000	0.000000e+000	0.000000e+000	0.000000e+000	0.000000e+000	0.000000e+000	0.000000e+000	0.000000e+000	0.000000e+000	0.000000e+000	0.000000e+000	0.000000e+000	0.000000e+000	0.000000e+000	-2.530171e-098	-2.656984e+303	0.000000e+000	1.019558e-173	7.439265e-306	0.000000e+000	2.121996e-314	-7.845908e+298	6.626732e-001	7.489087e-001	-2.530171e-098	-2.656984e+303	0.000000e+000	1.019573e-173	7.440916e-306	
0.000000e+000	0.000000e+000	0.000000e+000	0.000000e+000	0.000000e+000	0.000000e+000	0.000000e+000	0.000000e+000	0.000000e+000	0.000000e+000	0.000000e+000	0.000000e+000	0.000000e+000	0.000000e+000	0.000000e+000	-2.530171e-098	-2.656984e+303	0.000000e+000	1.019558e-173	7.442351e-306	0.000000e+000	2.121996e-314	-7.845908e+298	6.336430e-001	7.736256e-001	-2.530171e-098	-2.656984e+303	0.000000e+000	1.019573e-173	7.444002e-306	
0.000000e+000	0.000000e+000	0.000000e+000	0.000000e+000	0.000000e+000	0.000000e+000	0.000000e+000	0.000000e+000	0.000000e+000	0.000000e+000	0.000000e+000	0.000000e+000	0.000000e+000	0.000000e+000	0.000000e+000	-2.530171e-098	-2.656984e+303	0.000000e+000	1.019558e-173	7.445436e-306	0.000000e+000	2.121996e-314	-7.845908e+298	9.773174e-001	2.117799e-001	-2.530171e-098	-2.656984e+303	0.000000e+000	1.019573e-173	7.447088e-306	
0.000000e+000	0.000000e+000	0.000000e+000	0.000000e+000	0.000000e+000	0.000000e+000	0.000000e+000	0.000000e+000	0.000000e+000	0.000000e+000	0.000000e+000	0.000000e+000	0.000000e+000	0.000000e+000	0.000000e+000	-2.530171e-098	-2.656984e+303	0.000000e+000	1.019558e-173	7.448522e-306	0.000000e+000	2.121996e-314	-7.845908e+298	5.485746e-001	8.361016e-001	-2.530171e-098	-2.656984e+303	0.000000e+000	1.019573e-173	7.450173e-306	
0.000000e+000	0.000000e+000	0.000000e+000	0.000000e+000	0.000000e+000	0.000000e+000	0.000000e+000	0.000000e+000	0.000000e+000	0.000000e+000	0.000000e+000	0.000000e+000	0.000000e+000	0.000000e+000	0.000000e+000	-2.530171e-098	-2.656984e+303	0.000000e+000	1.019558e-173	7.451607e-306	0.000000e+000	2.121996e-314	-7.845908e+298	6.855688e-001	7.280078e-001	-2.530171e-098	-2.656984e+303	0.000000e+000	1.019573e-173	7.453259e-306	
0.000000e+000	0.000000e+000	0.000000e+000	0.000000e+000	0.000000e+000	0.000000e+000	0.000000e+000	0.000000e+000	0.000000e+000	0.000000e+000	0.000000e+000	0.000000e+000	0.000000e+000	0.000000e+000	0.000000e+000	-2.530171e-098	-2.656984e+303	0.000000e+000	1.019558e-173	7.454693e-306	0.000000e+000	2.121996e-314	-7.845908e+298	8.166376e-001	5.771508e-001	-2.530171e-098	-2.656984e+303	0.000000e+000	1.019573e-173	7.456344e-306	
0.000000e+000	0.000000e+000	0.000000e+000	0.000000e+000	0.000000e+000	0.000000e+000	0.000000e+000	0.000000e+000	0.000000e+000	0.000000e+000	0.000000e+000	0.000000e+000	0.000000e+000	0.000000e+000	0.000000e+000	-2.530171e-098	-2.656984e+303	0.000000e+000	1.019558e-173	7.457778e-306	0.000000e+000	2.121996e-314	-7.845908e+298	9.344123e-001	3.561934e-001	-2.530171e-098	-2.656984e+303	0.000000e+000	1.019573e-173	7.459430e-306	
0.000000e+000	0.000000e+000	0.000000e+000	0.000000e+000	0.000000e+000	0.000000e+000	0.000000e+000	0.000000e+000	0.000000e+000	0.000000e+000	0.000000e+000	0.000000e+000	0.000000e+000	0.000000e+000	0.000000e+000	-2.530171e-098	-2.656984e+303	0.000000e+000	1.019558e-173	7.460864e-306	0.000000e+000	2.121996e-314	-7.845908e+298	7.078965e-001	7.063162e-001	-2.530171e-098	-2.656984e+303	0.000000e+000	1.019573e-173	7.462515e-306	
0.000000e+000	0.000000e+000	0.000000e+000	0.000000e+000	0.000000e+000	0.000000e+000	0.000000e+000	0.000000e+000	0.000000e+000	0.000000e+000	0.000000e+000	0.000000e+000	0.000000e+000	0.000000e+000	0.000000e+000	-2.530171e-098	-2.656984e+303	0.000000e+000	1.019558e-173	7.463949e-306	0.000000e+000	2.121996e-314	-7.845908e+298	8.432090e-001	5.375860e-001	-2.530171e-098	-2.656984e+303	0.000000e+000	1.019573e-173	7.465601e-306	
0.000000e+000	0.000000e+000	0.000000e+000	0.000000e+000	0.000000e+000	0.000000e+000	0.000000e+000	0.000000e+000	0.000000e+000	0.000000e+000	0.000000e+000	0.000000e+000	0.000000e+000	0.000000e+000	0.000000e+000	-2.530171e-098	-2.656984e+303	0.000000e+000	1.019558e-173	7.467035e-306	0.000000e+000	2.121996e-314	-7.845908e+298	9.841321e-001	1.774372e-001	-2.530171e-098	-2.656984e+303	0.000000e+000	1.019573e-173	7.468686e-306	
0.000000e+000	0.000000e+000	0.000000e+000	0.000000e+000	0.000000e+000	0.000000e+000	0.000000e+000	0.000000e+000	0.000000e+000	0.000000e+000	0.000000e+000	0.000000e+000	0.000000e+000	0.000000e+000	0.000000e+000	-2.530171e-098	-2.656984e+303	0.000000e+000	1.019558e-173	7.470121e-306	0.000000e+000	2.121996e-314	-7.845908e+298	3.754406e-001	9.268464e-001	-2.530171e-098	-2.656984e+303	0.000000e+000	1.019573e-173	7.471772e-306	
0.000000e+000	0.000000e+000	0.000000e+000	0.000000e+000	0.000000e+000	0.000000e+000	0.000000e+000	0.000000e+000	0.000000e+000	0.000000e+000	0.000000e+000	0.000000e+000	0.000000e+000	0.000000e+000	0.000000e+000	-2.530171e-098	-2.656984e+303	0.000000e+000	1.019558e-173	7.473206e-306	0.000000e+000	2.121996e-314	-7.845908e+298	8.966851e-001	4.426690e-001	-2.530171e-098	-2.656984e+303	0.000000e+000	1.019573e-173	7.474858e-306	
0.000000e+000	0.000000e+000	0.000000e+000	0.000000e+000	0.000000e+000	0.000000e+000	0.000000e+000	0.000000e+000	0.000000e+000	0.000000e+000	0.000000e+000	0.000000e+000	0.000000e+000	0.000000e+000	0.000000e+000	-2.530171e-098	-2.656984e+303	0.000000e+000	1.019558e-173	7.476292e-306	0.000000e+000	2.121996e-314	-7.845908e+298	9.895920e-001	1.439018e-001	-2.530171e-098	-2.656984e+303	0.000000e+000	1.070112e-173	7.477943e-306	
0.000000e+000	0.000000e+000	0.000000e+000	0.000000e+000	0.000000e+000	0.000000e+000	0.000000e+000	0.000000e+000	0.000000e+000	0.000000e+000	0.000000e+000	0.000000e+000	0.000000e+000	0.000000e+000	0.000000e+000	-2.530171e-098	-2.656984e+303	0.000000e+000	1.070098e-173	7.479377e-306	0.000000e+000	2.121996e-314	-7.845908e+298	6.093674e-001	7.928880e-001	-2.530171e-098	-2.656984e+303	0.000000e+000	1.070112e-173	7.481029e-306	
