0.000000e+000	0.000000e+000	0.000000e+000	0.000000e+000	0.000000e+000	0.000000e+000	0.000000e+000	0.000000e+000	0.000000e+000	0.000000e+000	0.000000e+000	0.000000e+000	0.000000e+000	0.000000e+000	0.000000e+000	-2.530171e-098	-2.656984e+303	0.000000e+000	1.272257e-173	9.138404e-306	0.000000e+000	2.121996e-314	-7.845908e+298	9.198953e-001	3.921640e-001	-2.530171e-098	-2.656984e+303	0.000000e+000	1.272271e-173	9.140056e-306	
0.000000e+000	0.000000e+000	0.000000e+000	0.000000e+000	0.000000e+000	0.000000e+000	0.000000e+000	0.000000e+000	0.000000e+000	0.000000e+000	0.000000e+000	0.000000e+000	0.000000e+000	0.000000e+000	0.000000e+000	-2.530171e-098	-2.656984e+303	0.000000e+000	1.272257e-173	9.141490e-306	0.000000e+000	2.121996e-314	-7.845908e+298	5.867578e-001	8.097625e-001	-2.530171e-098	-2.656984e+303	0.000000e+000	1.272271e-173	9.143141e-306	
0.000000e+000	0.000000e+000	0.000000e+000	0.000000e+000	0.000000e+000	0.000000e+000	0.000000e+000	0.000000e+000	0.000000e+000	0.000000e+000	0.000000e+000	0.000000e+000	0.000000e+000	0.000000e+000	0.000000e+000	-2.530171e-098	-2.656984e+303	0.000000e+000	1.272257e-173	9.144576e-306	0.000000e+000	2.121996e-314	-7.845908e+298	9.422330e-001	3.349582e-001	-2.530171e-098	-2.656984e+303	0.000000e+000	1.272271e-173	9.146227e-306	
0.000000e+000	0.000000e+000	0.000000e+000	0.000000e+000	0.000000e+000	0.000000e+000	0.000000e+000	0.000000e+000	0.000000e+000	0.000000e+000	0.000000e+000	0.000000e+000	0.000000e+000	0.000000e+000	0.000000e+000	-2.530171e-098	-2.656984e+303	0.000000e+000	1.272257e-173	9.147661e-306	0.000000e+000	2.121996e-314	-7.845908e+298	8.113696e-001	5.845334e-001	-2.530171e-098	-2.656984e+303	0.000000e+000	1.272271e-173	9.149313e-306	
0.000000e+000	0.000000e+000	0.000000e+000	0.000000e+000	0.000000e+000	0.000000e+000	0.000000e+000	0.000000e+000	0.000000e+000	0.000000e+000	0.000000e+000	0.000000e+000	0.000000e+000	0.000000e+000	0.000000e+000	-2.530171e-098	-2.656984e+303	0.000000e+000	1.272257e-173	9.150747e-306	0.000000e+000	2.121996e-314	-7.845908e+298	1.837283e-001	9.829771e-001	-2.530171e-098	-2.656984e+303	0.000000e+000	1.272271e-173	9.152398e-306	
0.000000e+000	0.000000e+000	0.000000e+000	0.000000e+000	0.000000e+000	0.000000e+000	0.000000e+000	0.000000e+000	0.000000e+000	0.000000e+000	0.000000e+000	0.000000e+000	0.000000e+000	0.000000e+000	0.000000e+000	-2.530171e-098	-2.656984e+303	0.000000e+000	1.272257e-173	9.153832e-306	0.000000e+000	2.121996e-314	-7.845908e+298	9.835514e-001	1.806286e-001	-2.530171e-098	-2.656984e+303	0.000000e+000	1.272271e-173	9.155484e-306	
0.000000e+000	0.000000e+000	0.000000e+000	0.000000e+000	0.000000e+000	0.000000e+000	0.000000e+000	0.000000e+000	0.000000e+000	0.000000e+000	0.000000e+000	0.000000e+000	0.000000e+000	0.000000e+000	0.000000e+000	-2.530171e-098	-2.656984e+303	0.000000e+000	1.272257e-173	9.156918e-306	0.000000e+000	2.121996e-314	-7.845908e+298	9.903779e-001	1.383891e-001	-2.530171e-098	-2.656984e+303	0.000000e+000	1.272271e-173	9.158569e-306	
0.000000e+000	0.000000e+000	0.000000e+000	0.000000e+000	0.000000e+000	0.000000e+000	0.000000e+000	0.000000e+000	0.000000e+000	0.000000e+000	0.000000e+000	0.000000e+000	0.000000e+000	0.000000e+000	0.000000e+000	-2.530171e-098	-2.656984e+303	0.000000e+000	1.272257e-173	9.160003e-306	0.000000e+000	2.121996e-314	-7.845908e+298	3.317492e-001	9.433676e-001	-2.530171e-098	-2.656984e+303	0.000000e+000	1.272271e-173	9.161655e-306	
0.000000e+000	0.000000e+000	0.000000e+000	0.000000e+000	0.000000e+000	0.000000e+000	0.000000e+000	0.000000e+000	0.000000e+000	0.000000e+000	0.000000e+000	0.000000e+000	0.000000e+000	0.000000e+000	0.000000e+000	-2.530171e-098	-2.656984e+303	0.000000e+000	1.272257e-173	9.163089e-306	0.000000e+000	2.121996e-314	-7.845908e+298	7.908471e-001	6.120138e-001	-2.530171e-098	-2.656984e+303	0.000000e+000	1.272271e-173	9.164740e-306	
0.000000e+000	0.000000e+000	0.000000e+000	0.000000e+000	0.000000e+000	0.000000e+000	0.000000e+000	0.000000e+000	0.000000e+000	0.000000e+000	0.000000e+000	0.000000e+000	0.000000e+000	0.000000e+000	0.000000e+000	-2.530171e-098	-2.656984e+303	0.000000e+000	1.272257e-173	9.166174e-306	0.000000e+000	2.121996e-314	-7.845908e+298	1.000000e+000	0.000000e+000	-2.530171e-098	-2.656984e+303	0.000000e+000	1.272271e-173	9.167826e-306	
0.000000e+000	0.000000e+000	0.000000e+000	0.000000e+000	0.000000e+000	0.000000e+000	0.000000e+000	0.000000e+000	0.000000e+000	0.000000e+000	0.000000e+000	0.000000e+000	0.000000e+000	0.000000e+000	0.000000e+000	-2.530171e-098	-2.656984e+303	0.000000e+000	1.272257e-173	9.169260e-306	0.000000e+000	2.121996e-314	-7.845908e+298	9.951493e-001	9.837598e-002	-2.530171e-098	-2.656984e+303	0.000000e+000	1.272271e-173	9.170911e-306	
0.000000e+000	0.000000e+000	0.000000e+000	0.000000e+000	0.000000e+000	0.000000e+000	0.000000e+000	0.000000e+000	0.000000e+000	0.000000e+000	0.000000e+000	0.000000e+000	0.000000e+000	0.000000e+000	0.000000e+000	-2.530171e-098	-2.656984e+303	0.000000e+000	1.272257e-173	9.172345e-306	0.000000e+000	2.121996e-314	-7.845908e+298	6.963011e-001	7.177498e-001	-2.530171e-098	-2.656984e+303	0.000000e+000	1.272271e-173	9.173997e-306	
0.000000e+000	0.000000e+000	0.000000e+000	0.000000e+000	0.000000e+000	0.000000e+000	0.000000e+000	0.000000e+000	0.000000e+000	0.000000e+000	0.000000e+000	0.000000e+000	0.000000e+000	0.000000e+000	0.000000e+000	-2.530171e-098	-2.656984e+303	0.000000e+000	1.272257e-173	9.175431e-306	0.000000e+000	2.121996e-314	-7.845908e+298	6.729102e-001	7.397242e-001	-2.530171e-098	-2.656984e+303	0.000000e+000	1.272271e-173	9.177082e-306	
0.000000e+000	0.000000e+000	0.000000e+000	0.000000e+000	0.000000e+000	0.000000e+000	0.000000e+000	0.000000e+000	0.000000e+000	0.000000e+000	0.000000e+000	0.000000e+000	0.000000e+000	0.000000e+000	0.000000e+000	-2.530171e-098	-2.656984e+303	0.000000e+000	1.272257e-173	9.178517e-306	0.000000e+000	2.121996e-314	-7.845908e+298	4.660048e-001	8.847822e-001	-2.530171e-098	-2.656984e+303	0.000000e+000	1.272271e-173	9.180168e-306	
0.000000e+000	0.000000e+000	0.000000e+000	0.000000e+000	0.000000e+000	0.000000e+000	0.000000e+000	0.000000e+000	0.000000e+000	0.000000e+000	0.000000e+000	0.000000e+000	0.000000e+000	0.000000e+000	0.000000e+000	-2.530171e-098	-2.656984e+303	0.000000e+000	1.272257e-173	9.181602e-306	0.000000e+000	2.121996e-314	-7.845908e+298	8.067457e-002	9.967405e-001	-2.530171e-098	-2.656984e+303	0.000000e+000	1.272271e-173	9.183254e-306	
0.000000e+000	0.000000e+000	0.000000e+000	0.000000e+000	0.000000e+000	0.000000e+000	0.000000e+000	0.000000e+000	0.000000e+000	0.000000e+000	0.000000e+000	0.000000e+000	0.000000e+000	0.000000e+000	0.000000e+000	-2.530171e-098	-2.656984e+303	0.000000e+000	1.272257e-173	9.184688e-306	0.000000e+000	2.121996e-314	-7.845908e+298	7.190041e-001	6.950059e-001	-2.530171e-098	-2.656984e+303	0.000000e+000	1.272271e-173	9.186339e-306	
0.000000e+000	0.000000e+000	0.000000e+000	0.000000e+000	0.000000e+000	0.000000e+000	0.000000e+000	0.000000e+000	0.000000e+000	0.000000e+000	0.000000e+000	0.000000e+000	0.000000e+000	0.000000e+000	0.000000e+000	-2.530171e-098	-2.656984e+303	0.000000e+000	1.272257e-173	9.187773e-306	0.000000e+000	2.121996e-314	-7.845908e+298	4.160598e-002	9.991341e-001	-2.530171e-098	-2.656984e+303	0.000000e+000	1.272271e-173	9.189425e-306	
0.000000e+000	0.000000e+000	0.000000e+000	0.000000e+000	0.000000e+000	0.000000e+000	0.000000e+000	0.000000e+000	0.000000e+000	0.000000e+000	0.000000e+000	0.000000e+000	0.000000e+000	0.000000e+000	0.000000e+000	-2.530171e-098	-2.656984e+303	0.000000e+000	1.272257e-173	9.190859e-306	0.000000e+000	2.121996e-314	-7.845908e+298	9.638688e-001	2.663774e-001	-2.530171e-098	-2.656984e+303	0.000000e+000	1.272271e-173	9.192510e-306	
0.000000e+000	0.000000e+000	0.000000e+000	0.000000e+000	0.000000e+000	0.000000e+000	0.000000e+000	0.000000e+000	0.000000e+000	0.000000e+000	0.000000e+000	0.000000e+000	0.000000e+000	0.000000e+000	0.000000e+000	-2.530171e-098	-2.656984e+303	0.000000e+000	1.272257e-173	9.193944e-306	0.000000e+000	2.121996e-314	-7.845908e+298	4.338803e-001	9.009705e-001	-2.530171e-098	-2.656984e+303	0.000000e+000	1.272271e-173	9.195596e-306	
0.000000e+000	0.000000e+000	0.000000e+000	0.000000e+000	0.000000e+000	0.000000e+000	0.000000e+000	0.000000e+000	0.000000e+000	0.000000e+000	0.000000e+000	0.000000e+000	0.000000e+000	0.000000e+000	0.000000e+000	-2.530171e-098	-2.656984e+303	0.000000e+000	1.272257e-173	9.197030e-306	0.000000e+000	2.121996e-314	-7.845908e+298	6.160304e-001	7.877223e-001	-2.530171e-098	-2.656984e+303	0.000000e+000	1.272271e-173	9.198681e-306	
0.000000e+000	0.000000e+000	0.000000e+000	0.000000e+000	0.000000e+000	0.000000e+000	0.000000e+000	0.000000e+000	0.000000e+000	0.000000e+000	0.000000e+000	0.000000e+000	0.000000e+000	0.000000e+000	0.000000e+000	-2.530171e-098	-2.656984e+303	0.000000e+000	1.272257e-173	9.200115e-306	0.000000e+000	2.121996e-314	-7.845908e+298	8.294652e-001	5.585584e-001	-2.530171e-098	-2.656984e+303	0.000000e+000	1.272271e-173	9.201767e-306	
0.000000e+000	0.000000e+000	0.000000e+000	0.000000e+000	0.000000e+000	0.000000e+000	0.000000e+000	0.000000e+000	0.000000e+000	0.000000e+000	0.000000e+000	0.000000e+000	0.000000e+000	0.000000e+000	0.000000e+000	-2.530171e-098	-2.656984e+303	0.000000e+000	1.272257e-173	9.203201e-306	0.000000e+000	2.121996e-314	-7.845908e+298	4.960284e-001	8.683063e-001	-2.530171e-098	-2.656984e+303	0.000000e+000	1.272271e-173	9.204852e-306	
0.000000e+000	0.000000e+000	0.000000e+000	0.000000e+000	0.000000e+000	0.000000e+000	0.000000e+000	0.000000e+000	0.000000e+000	0.000000e+000	0.000000e+000	0.000000e+000	0.000000e+000	0.000000e+000	0.000000e+000	-2.530171e-098	-2.656984e+303	0.000000e+000	1.272257e-173	9.206287e-306	0.000000e+000	2.121996e-314	-7.845908e+298	5.588305e-001	8.292819e-001	-2.530171e-098	-2.656984e+303	0.000000e+000	1.272271e-173	9.207938e-306	
0.000000e+000	0.000000e+000	0.000000e+000	0.000000e+000	0.000000e+000	0.000000e+000	0.000000e+000	0.000000e+000	0.000000e+000	0.000000e+000	0.000000e+000	0.000000e+000	0.000000e+000	0.000000e+000	0.000000e+000	-2.530171e-098	-2.656984e+303	0.000000e+000	1.272257e-173	9.209372e-306	0.000000e+000	2.121996e-314	-7.845908e+298	7.687086e-001	6.395992e-001	-2.530171e-098	-2.656984e+303	0.000000e+000	1.272271e-173	9.211024e-306	
0.000000e+000	0.000000e+000	0.000000e+000	0.000000e+000	0.000000e+000	0.000000e+000	0.000000e+000	0.000000e+000	0.000000e+000	0.000000e+000	0.000000e+000	0.000000e+000	0.000000e+000	0.000000e+000	0.000000e+000	-2.530171e-098	-2.656984e+303	0.000000e+000	1.272257e-173	9.212458e-306	0.000000e+000	2.121996e-314	-7.845908e+298	1.233524e-001	9.923629e-001	-2.530171e-098	-2.656984e+303	0.000000e+000	1.272271e-173	9.214109e-306	
0.000000e+000	0.000000e+000	0.000000e+000	0.000000e+000	0.000000e+000	0.000000e+000	0.000000e+000	0.000000e+000	0.000000e+000	0.000000e+000	0.000000e+000	0.000000e+000	0.000000e+000	0.000000e+000	0.000000e+000	-2.530171e-098	-2.656984e+303	0.000000e+000	1.272257e-173	9.215543e-306	0.000000e+000	2.121996e-314	-7.845908e+298	6.421456e-001	7.665827e-001	-2.530171e-098	-2.656984e+303	0.000000e+000	1.272271e-173	9.217195e-306	
0.000000e+000	0.000000e+000	0.000000e+000	0.000000e+000	0.000000e+000	0.000000e+000	0.000000e+000	0.000000e+000	0.000000e+000	0.000000e+000	0.000000e+000	0.000000e+000	0.000000e+000	0.000000e+000	0.000000e+000	-2.530171e-098	-2.656984e+303	0.000000e+000	1.272257e-173	9.218629e-306	0.000000e+000	2.121996e-314	-7.845908e+298	3.733279e-001	9.276994e-001	-2.530171e-098	-2.656984e+303	0.000000e+000	1.272271e-173	9.220280e-306	
0.000000e+000	0.000000e+000	0.000000e+000	0.000000e+000	0.000000e+000	0.000000e+000	0.000000e+000	0.000000e+000	0.000000e+000	0.000000e+000	0.000000e+000	0.000000e+000	0.000000e+000	0.000000e+000	0.000000e+000	-2.530171e-098	-2.656984e+303	0.000000e+000	1.272257e-173	9.221714e-306	0.000000e+000	2.121996e-314	-7.845908e+298	2.586985e-001	9.659581e-001	-2.530171e-098	-2.656984e+303	0.000000e+000	1.272271e-173	9.223366e-306	
0.000000e+000	0.000000e+000	0.000000e+000	0.000000e+000	0.000000e+000	0.000000e+000	0.000000e+000	0.000000e+000	0.000000e+000	0.000000e+000	0.000000e+000	0.000000e+000	0.000000e+000	0.000000e+000	0.000000e+000	-2.530171e-098	-2.656984e+303	0.000000e+000	1.272257e-173	9.224800e-306	0.000000e+000	2.121996e-314	-7.845908e+298	3.005291e-001	9.537726e-001	-2.530171e-098	-2.656984e+303	0.000000e+000	1.272271e-173	9.226451e-306	
0.000000e+000	0.000000e+000	0.000000e+000	0.000000e+000	0.000000e+000	0.000000e+000	0.000000e+000	0.000000e+000	0.000000e+000	0.000000e+000	0.000000e+000	0.000000e+000	0.000000e+000	0.000000e+000	0.000000e+000	-2.530171e-098	-2.656984e+303	0.000000e+000	1.272257e-173	9.227885e-306	0.000000e+000	2.121996e-314	-7.845908e+298	9.043011e-001	4.268952e-001	-2.530171e-098	-2.656984e+303	0.000000e+000	1.272271e-173	9.229537e-306	
0.000000e+000	0.000000e+000	0.000000e+000	0.000000e+000	0.000000e+000	0.000000e+000	0.000000e+000	0.000000e+000	0.000000e+000	0.000000e+000	0.000000e+000	0.000000e+000	0.000000e+000	0.000000e+000	0.000000e+000	-2.530171e-098	-2.656984e+303	0.000000e+000	1.272257e-173	9.230971e-306	0.000000e+000	2.121996e-314	-7.845908e+298	2.274535e-001	9.737890e-001	-2.530171e-098	-2.656984e+303	0.000000e+000	1.272271e-173	9.232622e-306	
0.000000e+000	0.000000e+000	0.000000e+000	0.000000e+000	0.000000e+000	0.000000e+000	0.000000e+000	0.000000e+000	0.000000e+000	0.000000e+000	0.000000e+000	0.000000e+000	0.000000e+000	0.000000e+000	0.000000e+000	-2.530171e-098	-2.656984e+303	0.000000e+000	1.272257e-173	9.234057e-306	0.000000e+000	2.121996e-314	-7.845908e+298	6.123234e-017	1.000000e+000	-2.530171e-098	-2.656984e+303	0.000000e+000	1.272271e-173	9.235708e-306	
0.000000e+000	0.000000e+000	0.000000e+000	0.000000e+000	0.000000e+000	0.000000e+000	0.000000e+000	0.000000e+000	0.000000e+000	0.000000e+000	0.000000e+000	0.000000e+000	0.000000e+000	0.000000e+000	0.000000e+000	-2.530171e-098	-2.656984e+303	0.000000e+000	1.272257e-173	9.237142e-306	0.000000e+000	2.121996e-314	-7.845908e+298	8.453809e-001	5.341640e-001	-2.530171e-098	-2.656984e+303	0.000000e+000	1.272271e-173	9.238793e-306	
0.000000e+000	0.000000e+000	0.000000e+000	0.000000e+000	0.000000e+000	0.000000e+000	0.000000e+000	0.000000e+000	0.000000e+000	0.000000e+000	0.000000e+000	0.000000e+000	0.000000e+000	0.000000e+000	0.000000e+000	-2.530171e-098	-2.656984e+303	0.000000e+000	1.272257e-173	9.240228e-306	0.000000e+000	2.121996e-314	-7.845908e+298	8.875970e-001	4.606209e-001	-2.530171e-098	-2.656984e+303	0.000000e+000	1.272271e-173	9.241879e-306	
0.000000e+000	0.000000e+000	0.000000e+000	0.000000e+000	0.000000e+000	0.000000e+000	0.000000e+000	0.000000e+000	0.000000e+000	0.000000e+000	0.000000e+000	0.000000e+000	0.000000e+000	0.000000e+000	0.000000e+000	-2.530171e-098	-2.656984e+303	0.000000e+000	1.272257e-173	9.243313e-306	0.000000e+000	2.121996e-314	-7.845908e+298	9.299737e-001	3.676260e-001	-2.530171e-098	-2.656984e+303	0.000000e+000	1.272271e-173	9.244965e-306	
0.000000e+000	0.000000e+000	0.000000e+000	0.000000e+000	0.000000e+000	0.000000e+000	0.000000e+000	0.000000e+000	0.000000e+000	0.000000e+000	0.000000e+000	0.000000e+000	0.000000e+000	0.000000e+000	0.000000e+000	-2.530171e-098	-2.656984e+303	0.000000e+000	1.272257e-173	9.246399e-306	0.000000e+000	2.121996e-314	-7.845908e+298	4.047586e-001	9.144236e-001	-2.530171e-098	-2.656984e+303	0.000000e+000	1.272271e-173	9.248050e-306	
0.000000e+000	0.000000e+000	0.000000e+000	0.000000e+000	0.000000e+000	0.000000e+000	0.000000e+000	0.000000e+000	0.000000e+000	0.000000e+000	0.000000e+000	0.000000e+000	0.000000e+000	0.000000e+000	0.000000e+000	-2.530171e-098	-2.656984e+303	0.000000e+000	1.272257e-173	9.249484e-306	0.000000e+000	2.121996e-314	-7.845908e+298	9.988931e-001	4.703728e-002	-2.530171e-098	-2.656984e+303	0.000000e+000	1.272271e-173	9.251136e-306	
0.000000e+000	0.000000e+000	0.000000e+000	0.000000e+000	0.000000e+000	0.000000e+000	0.000000e+000	0.000000e+000	0.000000e+000	0.000000e+000	0.000000e+000	0.000000e+000	0.000000e+000	0.000000e+000	0.000000e+000	-2.530171e-098	-2.656984e+303	0.000000e+000	1.272257e-173	9.252570e-306	0.000000e+000	2.121996e-314	-7.845908e+298	9.523341e-001	3.050571e-001	-2.530171e-098	-2.656984e+303	0.000000e+000	1.272271e-173	9.254221e-306	
0.000000e+000	0.000000e+000	0.000000e+000	0.000000e+000	0.000000e+000	0.000000e+000	0.000000e+000	0.000000e+000	0.000000e+000	0.000000e+000	0.000000e+000	0.000000e+000	0.000000e+000	0.000000e+000	0.000000e+000	-2.530171e-098	-2.656984e+303	0.000000e+000	1.272257e-173	9.255655e-306	0.000000e+000	2.121996e-314	-7.845908e+298	9.749311e-001	2.225069e-001	-2.530171e-098	-2.656984e+303	0.000000e+000	1.272271e-173	9.257307e-306	
0.000000e+000	0.000000e+000	0.000000e+000	0.000000e+000	0.000000e+000	0.000000e+000	0.000000e+000	0.000000e+000	0.000000e+000	0.000000e+000	0.000000e+000	0.000000e+000	0.000000e+000	0.000000e+000	0.000000e+000	-2.530171e-098	-2.656984e+303	0.000000e+000	1.322796e-173	9.258741e-306	0.000000e+000	2.121996e-314	-7.845908e+298	8.686941e-001	4.953489e-001	-2.530171e-098	-2.656984e+303	0.000000e+000	1.322811e-173	9.260392e-306	
0.000000e+000	0.000000e+000	0.000000e+000	0.000000e+000	9.485851e-001	0.000000e+000	0.000000e+000	0.000000e+000	0.000000e+000	0.000000e+000	0.000000e+000	0.000000e+000	0.000000e+000	0.000000e+000	0.000000e+000	-2.530171e-098	-2.656984e+303	0.000000e+000	1.322796e-173	9.261826e-306	0.000000e+000	2.121996e-314	-7.845908e+298	8.067457e-002	9.967405e-001	-2.530171e-098	-2.656984e+303	0.000000e+000	1.322811e-173	9.263478e-306	
0.000000e+000	0.000000e+000	0.000000e+000	0.000000e+000	5.434683e-001	0.000000e+000	0.000000e+000	0.000000e+000	0.000000e+000	0.000000e+000	0.000000e+000	0.000000e+000	0.000000e+000	0.000000e+000	0.000000e+000	-2.530171e-098	-2.656984e+303	0.000000e+000	1.322796e-173	9.264912e-306	0.000000e+000	2.121996e-314	-7.845908e+298	6.572155e-001	7.537028e-001	-2.530171e-098	-2.656984e+303	0.000000e+000	1.322811e-173	9.266563e-306	
0.000000e+000	0.000000e+000	0.000000e+000	0.000000e+000	6.272955e-002	0.000000e+000	0.000000e+000	0.000000e+000	0.000000e+000	0.000000e+000	0.000000e+000	0.000000e+000	0.000000e+000	0.000000e+000	0.000000e+000	-2.530171e-098	-2.656984e+303	0.000000e+000	1.322796e-173	9.267998e-306	0.000000e+000	2.121996e-314	-7.845908e+298	9.951493e-001	9.837598e-002	-2.530171e-098	-2.656984e+303	0.000000e+000	1.322811e-173	9.269649e-306	
0.000000e+000	0.000000e+000	0.000000e+000	0.000000e+000	1.973511e-001	0.000000e+000	0.000000e+000	0.000000e+000	0.000000e+000	0.000000e+000	0.000000e+000	0.000000e+000	0.000000e+000	0.000000e+000	0.000000e+000	-2.530171e-098	-2.656984e+303	0.000000e+000	1.322796e-173	9.271083e-306	0.000000e+000	2.121996e-314	-7.845908e+298	9.523341e-001	3.050571e-001	-2.530171e-098	-2.656984e+303	0.000000e+000	1.322811e-173	9.272735e-306	
0.000000e+000	0.000000e+000	0.000000e+000	0.000000e+000	9.153327e-001	0.000000e+000	0.000000e+000	0.000000e+000	0.000000e+000	0.000000e+000	0.000000e+000	0.000000e+000	0.000000e+000	0.000000e+000	0.000000e+000	-2.530171e-098	-2.656984e+303	0.000000e+000	1.322796e-173	9.274169e-306	0.000000e+000	2.121996e-314	-7.845908e+298	1.326033e-001	9.911692e-001	-2.530171e-098	-2.656984e+303	0.000000e+000	1.322811e-173	9.275820e-306	
0.000000e+000	0.000000e+000	0.000000e+000	0.000000e+000	8.823667e-001	0.000000e+000	0.000000e+000	0.000000e+000	0.000000e+000	0.000000e+000	0.000000e+000	0.000000e+000	0.000000e+000	0.000000e+000	0.000000e+000	-2.530171e-098	-2.656984e+303	0.000000e+000	1.322796e-173	9.277254e-306	0.000000e+000	2.121996e-314	-7.845908e+298	1.837283e-001	9.829771e-001	-2.530171e-098	-2.656984e+303	0.000000e+000	1.322811e-173	9.278906e-306	
0.000000e+000	0.000000e+000	0.000000e+000	0.000000e+000	1.413591e-001	0.000000e+000	0.000000e+000	0.000000e+000	0.000000e+000	0.000000e+000	0.000000e+000	0.000000e+000	0.000000e+000	0.000000e+000	0.000000e+000	-2.530171e-098	-2.656984e+303	0.000000e+000	1.322796e-173	9.280340e-306	0.000000e+000	2.121996e-314	-7.845908e+298	9.754488e-001	2.202262e-001	-2.530171e-098	-2.656984e+303	0.000000e+000	1.322811e-173	9.281991e-306	
0.000000e+000	0.000000e+000	0.000000e+000	0.000000e+000	4.417993e-001	0.000000e+000	0.000000e+000	0.000000e+000	0.000000e+000	0.000000e+000	0.000000e+000	0.000000e+000	0.000000e+000	0.000000e+000	0.000000e+000	-2.530171e-098	-2.656984e+303	0.000000e+000	1.322796e-173	9.283425e-306	0.000000e+000	2.121996e-314	-7.845908e+298	7.687086e-001	6.395992e-001	-2.530171e-098	-2.656984e+303	0.000000e+000	1.322811e-173	9.285077e-306	
0.000000e+000	0.000000e+000	0.000000e+000	0.000000e+000	0.000000e+000	0.000000e+000	0.000000e+000	0.000000e+000	0.000000e+000	0.000000e+000	0.000000e+000	0.000000e+000	0.000000e+000	0.000000e+000	0.000000e+000	-2.530171e-098	-2.656984e+303	0.000000e+000	1.322796e-173	9.286511e-306	0.000000e+000	2.121996e-314	-7.845908e+298	1.000000e+000	0.000000e+000	-2.530171e-098	-2.656984e+303	0.000000e+000	1.322811e-173	9.288162e-306	
0.000000e+000	0.000000e+000	0.000000e+000	0.000000e+000	2.217243e-001	0.000000e+000	0.000000e+000	0.000000e+000	0.000000e+000	0.000000e+000	0.000000e+000	0.000000e+000	0.000000e+000	0.000000e+000	0.000000e+000	-2.530171e-098	-2.656984e+303	0.000000e+000	1.322796e-173	9.289596e-306	0.000000e+000	2.121996e-314	-7.845908e+298	9.399598e-001	3.412851e-001	-2.530171e-098	-2.656984e+303	0.000000e+000	1.322811e-173	9.291248e-306	
0.000000e+000	0.000000e+000	0.000000e+000	0.000000e+000	7.987732e-001	0.000000e+000	0.000000e+000	0.000000e+000	0.000000e+000	0.000000e+000	0.000000e+000	0.000000e+000	0.000000e+000	0.000000e+000	0.000000e+000	-2.530171e-098	-2.656984e+303	0.000000e+000	1.322796e-173	9.292682e-306	0.000000e+000	2.121996e-314	-7.845908e+298	3.108491e-001	9.504593e-001	-2.530171e-098	-2.656984e+303	0.000000e+000	1.322811e-173	9.294333e-306	
0.000000e+000	0.000000e+000	0.000000e+000	0.000000e+000	1.716535e-001	0.000000e+000	0.000000e+000	0.000000e+000	0.000000e+000	0.000000e+000	0.000000e+000	0.000000e+000	0.000000e+000	0.000000e+000	0.000000e+000	-2.530171e-098	-2.656984e+303	0.000000e+000	1.322796e-173	9.295768e-306	0.000000e+000	2.121996e-314	-7.845908e+298	9.638688e-001	2.663774e-001	-2.530171e-098	-2.656984e+303	0.000000e+000	1.322811e-173	9.297419e-306	
0.000000e+000	0.000000e+000	0.000000e+000	0.000000e+000	7.805481e-001	0.000000e+000	0.000000e+000	0.000000e+000	0.000000e+000	0.000000e+000	0.000000e+000	0.000000e+000	0.000000e+000	0.000000e+000	0.000000e+000	-2.530171e-098	-2.656984e+303	0.000000e+000	1.322796e-173	9.298853e-306	0.000000e+000	2.121996e-314	-7.845908e+298	3.379277e-001	9.411721e-001	-2.530171e-098	-2.656984e+303	0.000000e+000	1.322811e-173	9.300505e-306	
0.000000e+000	0.000000e+000	0.000000e+000	0.000000e+000	1.018376e-001	0.000000e+000	0.000000e+000	0.000000e+000	0.000000e+000	0.000000e+000	0.000000e+000	0.000000e+000	0.000000e+000	0.000000e+000	0.000000e+000	-2.530171e-098	-2.656984e+303	0.000000e+000	1.322796e-173	9.301939e-306	0.000000e+000	2.121996e-314	-7.845908e+298	9.872327e-001	1.592847e-001	-2.530171e-098	-2.656984e+303	0.000000e+000	1.322811e-173	9.303590e-306	
0.000000e+000	0.000000e+000	0.000000e+000	0.000000e+000	5.136895e-001	0.000000e+000	0.000000e+000	0.000000e+000	0.000000e+000	0.000000e+000	0.000000e+000	0.000000e+000	0.000000e+000	0.000000e+000	0.000000e+000	-2.530171e-098	-2.656984e+303	0.000000e+000	1.322796e-173	9.305024e-306	0.000000e+000	2.121996e-314	-7.845908e+298	6.917393e-001	7.221473e-001	-2.530171e-098	-2.656984e+303	0.000000e+000	1.322811e-173	9.306676e-306	
0.000000e+000	0.000000e+000	0.000000e+000	0.000000e+000	4.859039e-001	0.000000e+000	0.000000e+000	0.000000e+000	0.000000e+000	0.000000e+000	0.000000e+000	0.000000e+000	0.000000e+000	0.000000e+000	0.000000e+000	-2.530171e-098	-2.656984e+303	0.000000e+000	1.322796e-173	9.308110e-306	0.000000e+000	2.121996e-314	-7.845908e+298	7.225890e-001	6.912779e-001	-2.530171e-098	-2.656984e+303	0.000000e+000	1.322811e-173	9.309761e-306	
0.000000e+000	0.000000e+000	0.000000e+000	0.000000e+000	6.225005e-001	0.000000e+000	0.000000e+000	0.000000e+000	0.000000e+000	0.000000e+000	0.000000e+000	0.000000e+000	0.000000e+000	0.000000e+000	0.000000e+000	-2.530171e-098	-2.656984e+303	0.000000e+000	1.322796e-173	9.311195e-306	0.000000e+000	2.121996e-314	-7.845908e+298	5.588305e-001	8.292819e-001	-2.530171e-098	-2.656984e+303	0.000000e+000	1.322811e-173	9.312847e-306	
0.000000e+000	0.000000e+000	0.000000e+000	0.000000e+000	5.774796e-001	0.000000e+000	0.000000e+000	0.000000e+000	0.000000e+000	0.000000e+000	0.000000e+000	0.000000e+000	0.000000e+000	0.000000e+000	0.000000e+000	-2.530171e-098	-2.656984e+303	0.000000e+000	1.322796e-173	9.314281e-306	0.000000e+000	2.121996e-314	-7.845908e+298	6.160304e-001	7.877223e-001	-2.530171e-098	-2.656984e+303	0.000000e+000	1.322811e-173	9.315932e-306	
0.000000e+000	0.000000e+000	0.000000e+000	0.000000e+000	2.649032e-001	0.000000e+000	0.000000e+000	0.000000e+000	0.000000e+000	0.000000e+000	0.000000e+000	0.000000e+000	0.000000e+000	0.000000e+000	0.000000e+000	-2.530171e-098	-2.656984e+303	0.000000e+000	1.322796e-173	9.317366e-306	0.000000e+000	2.121996e-314	-7.845908e+298	9.146686e-001	4.042045e-001	-2.530171e-098	-2.656984e+303	0.000000e+000	1.322811e-173	9.319018e-306	
0.000000e+000	0.000000e+000	0.000000e+000	0.000000e+000	6.485531e-001	0.000000e+000	0.000000e+000	0.000000e+000	0.000000e+000	0.000000e+000	0.000000e+000	0.000000e+000	0.000000e+000	0.000000e+000	0.000000e+000	-2.530171e-098	-2.656984e+303	0.000000e+000	1.322796e-173	9.320452e-306	0.000000e+000	2.121996e-314	-7.845908e+298	5.244351e-001	8.514505e-001	-2.530171e-098	-2.656984e+303	0.000000e+000	1.322811e-173	9.322103e-306	
0.000000e+000	0.000000e+000	0.000000e+000	0.000000e+000	1.000000e+000	0.000000e+000	0.000000e+000	0.000000e+000	0.000000e+000	0.000000e+000	0.000000e+000	0.000000e+000	0.000000e+000	0.000000e+000	0.000000e+000	-2.530171e-098	-2.656984e+303	0.000000e+000	1.322796e-173	9.323538e-306	0.000000e+000	2.121996e-314	-7.845908e+298	6.123234e-017	1.000000e+000	-2.530171e-098	-2.656984e+303	0.000000e+000	1.322811e-173	9.325189e-306	
0.000000e+000	0.000000e+000	0.000000e+000	0.000000e+000	3.015088e-001	0.000000e+000	0.000000e+000	0.000000e+000	0.000000e+000	0.000000e+000	0.000000e+000	0.000000e+000	0.000000e+000	0.000000e+000	0.000000e+000	-2.530171e-098	-2.656984e+303	0.000000e+000	1.322796e-173	9.326623e-306	0.000000e+000	2.121996e-314	-7.845908e+298	8.899281e-001	4.561009e-001	-2.530171e-098	-2.656984e+303	0.000000e+000	1.322811e-173	9.328274e-306	
0.000000e+000	0.000000e+000	0.000000e+000	0.000000e+000	3.299196e-001	0.000000e+000	0.000000e+000	0.000000e+000	0.000000e+000	0.000000e+000	0.000000e+000	0.000000e+000	0.000000e+000	0.000000e+000	0.000000e+000	-2.530171e-098	-2.656984e+303	0.000000e+000	1.322796e-173	9.329709e-306	0.000000e+000	2.121996e-314	-7.845908e+298	8.686941e-001	4.953489e-001	-2.530171e-098	-2.656984e+303	0.000000e+000	1.322811e-173	9.331360e-306	
0.000000e+000	0.000000e+000	0.000000e+000	0.000000e+000	8.539201e-001	0.000000e+000	0.000000e+000	0.000000e+000	0.000000e+000	0.000000e+000	0.000000e+000	0.000000e+000	0.000000e+000	0.000000e+000	0.000000e+000	-2.530171e-098	-2.656984e+303	0.000000e+000	1.322796e-173	9.332794e-306	0.000000e+000	2.121996e-314	-7.845908e+298	2.274535e-001	9.737890e-001	-2.530171e-098	-2.656984e+303	0.000000e+000	1.322811e-173	9.334446e-306	
0.000000e+000	0.000000e+000	0.000000e+000	0.000000e+000	4.633935e-001	0.000000e+000	0.000000e+000	0.000000e+000	0.000000e+000	0.000000e+000	0.000000e+000	0.000000e+000	0.000000e+000	0.000000e+000	0.000000e+000	-2.530171e-098	-2.656984e+303	0.000000e+000	1.322796e-173	9.335880e-306	0.000000e+000	2.121996e-314	-7.845908e+298	7.465754e-001	6.653009e-001	-2.530171e-098	-2.656984e+303	0.000000e+000	1.322811e-173	9.337531e-306	
0.000000e+000	0.000000e+000	0.000000e+000	0.000000e+000	5.560889e-001	0.000000e+000	0.000000e+000	0.000000e+000	0.000000e+000	0.000000e+000	0.000000e+000	0.000000e+000	0.000000e+000	0.000000e+000	0.000000e+000	-2.530171e-098	-2.656984e+303	0.000000e+000	1.322796e-173	9.338965e-306	0.000000e+000	2.121996e-314	-7.845908e+298	6.421456e-001	7.665827e-001	-2.530171e-098	-2.656984e+303	0.000000e+000	1.322811e-173	9.340617e-306	
0.000000e+000	0.000000e+000	0.000000e+000	0.000000e+000	1.171851e-001	0.000000e+000	0.000000e+000	0.000000e+000	0.000000e+000	0.000000e+000	0.000000e+000	0.000000e+000	0.000000e+000	0.000000e+000	0.000000e+000	-2.530171e-098	-2.656984e+303	0.000000e+000	1.322796e-173	9.342051e-306	0.000000e+000	2.121996e-314	-7.845908e+298	9.831062e-001	1.830362e-001	-2.530171e-098	-2.656984e+303	0.000000e+000	1.322811e-173	9.343702e-306	
0.000000e+000	0.000000e+000	0.000000e+000	0.000000e+000	9.715954e-001	0.000000e+000	0.000000e+000	0.000000e+000	0.000000e+000	0.000000e+000	0.000000e+000	0.000000e+000	0.000000e+000	0.000000e+000	0.000000e+000	-2.530171e-098	-2.656984e+303	0.000000e+000	4.501243e-135	9.345180e-306	0.000000e+000	2.121996e-314	-7.845908e+298	4.460307e-002	9.990048e-001	-2.530171e-098	-2.656984e+303	-2.656984e+303	0.000000e+000	1.322812e-173	
0.000000e+000	0.000000e+000	0.000000e+000	0.000000e+000	7.142882e-001	0.000000e+000	0.000000e+000	0.000000e+000	0.000000e+000	0.000000e+000	0.000000e+000	0.000000e+000	0.000000e+000	0.000000e+000	0.000000e+000	-2.530171e-098	-2.656984e+303	0.000000e+000	1.322796e-173	9.348265e-306	0.000000e+000	2.121996e-314	-7.845908e+298	4.338803e-001	9.009705e-001	-2.530171e-098	-2.656984e+303	0.000000e+000	1.322811e-173	9.349917e-306	
0.000000e+000	0.000000e+000	0.000000e+000	0.000000e+000	7.596657e-001	0.000000e+000	0.000000e+000	0.000000e+000	0.000000e+000	0.000000e+000	0.000000e+000	0.000000e+000	0.000000e+000	0.000000e+000	0.000000e+000	-2.530171e-098	-2.656984e+303	0.000000e+000	1.322796e-173	9.351351e-306	0.000000e+000	2.121996e-314	-7.845908e+298	3.686127e-001	9.295831e-001	-2.530171e-098	-2.656984e+303	0.000000e+000	1.322811e-173	9.353002e-306	
0.000000e+000	0.000000e+000	0.000000e+000	0.000000e+000	3.587470e-001	0.000000e+000	0.000000e+000	0.000000e+000	0.000000e+000	0.000000e+000	0.000000e+000	0.000000e+000	0.000000e+000	0.000000e+000	0.000000e+000	-2.530171e-098	-2.656984e+303	0.000000e+000	1.322796e-173	9.354436e-306	0.000000e+000	2.121996e-314	-7.845908e+298	8.453809e-001	5.341640e-001	-2.530171e-098	-2.656984e+303	0.000000e+000	1.322811e-173	9.356088e-306	
0.000000e+000	0.000000e+000	0.000000e+000	0.000000e+000	2.396587e-001	0.000000e+000	0.000000e+000	0.000000e+000	0.000000e+000	0.000000e+000	0.000000e+000	0.000000e+000	0.000000e+000	0.000000e+000	0.000000e+000	-2.530171e-098	-2.656984e+303	0.000000e+000	1.322796e-173	9.357522e-306	0.000000e+000	2.121996e-314	-7.845908e+298	9.299737e-001	3.676260e-001	-2.530171e-098	-2.656984e+303	0.000000e+000	1.322811e-173	9.359173e-306	
0.000000e+000	0.000000e+000	0.000000e+000	0.000000e+000	7.347111e-001	0.000000e+000	0.000000e+000	0.000000e+000	0.000000e+000	0.000000e+000	0.000000e+000	0.000000e+000	0.000000e+000	0.000000e+000	0.000000e+000	-2.530171e-098	-2.656984e+303	0.000000e+000	1.322796e-173	9.360608e-306	0.000000e+000	2.121996e-314	-7.845908e+298	4.047586e-001	9.144236e-001	-2.530171e-098	-2.656984e+303	0.000000e+000	1.322811e-173	9.362259e-306	
0.000000e+000	0.000000e+000	0.000000e+000	0.000000e+000	8.207007e-001	0.000000e+000	0.000000e+000	0.000000e+000	0.000000e+000	0.000000e+000	0.000000e+000	0.000000e+000	0.000000e+000	0.000000e+000	0.000000e+000	-2.530171e-098	-2.656984e+303	0.000000e+000	1.322796e-173	9.363693e-306	0.000000e+000	2.121996e-314	-7.845908e+298	2.779341e-001	9.606002e-001	-2.530171e-098	-2.656984e+303	0.000000e+000	1.322811e-173	9.365345e-306	
0.000000e+000	0.000000e+000	0.000000e+000	0.000000e+000	3.774310e-001	0.000000e+000	0.000000e+000	0.000000e+000	0.000000e+000	0.000000e+000	0.000000e+000	0.000000e+000	0.000000e+000	0.000000e+000	0.000000e+000	-2.530171e-098	-2.656984e+303	0.000000e+000	1.322796e-173	9.366779e-306	0.000000e+000	2.121996e-314	-7.845908e+298	8.293420e-001	5.587412e-001	-2.530171e-098	-2.656984e+303	0.000000e+000	1.322811e-173	9.368430e-306	
0.000000e+000	0.000000e+000	0.000000e+000	0.000000e+000	2.995592e-002	0.000000e+000	0.000000e+000	0.000000e+000	0.000000e+000	0.000000e+000	0.000000e+000	0.000000e+000	0.000000e+000	0.000000e+000	0.000000e+000	-2.530171e-098	-2.656984e+303	0.000000e+000	1.322796e-173	9.369864e-306	0.000000e+000	2.121996e-314	-7.845908e+298	9.988931e-001	4.703728e-002	-2.530171e-098	-2.656984e+303	0.000000e+000	1.322811e-173	9.371516e-306	
0.000000e+000	0.000000e+000	0.000000e+000	0.000000e+000	6.695823e-001	0.000000e+000	0.000000e+000	0.000000e+000	0.000000e+000	0.000000e+000	0.000000e+000	0.000000e+000	0.000000e+000	0.000000e+000	0.000000e+000	-2.530171e-098	-2.656984e+303	0.000000e+000	1.322796e-173	9.372950e-306	0.000000e+000	2.121996e-314	-7.845908e+298	4.960284e-001	8.683063e-001	-2.530171e-098	-2.656984e+303	0.000000e+000	1.322811e-173	9.374601e-306	
0.000000e+000	0.000000e+000	0.000000e+000	0.000000e+000	6.955404e-001	0.000000e+000	0.000000e+000	0.000000e+000	0.000000e+000	0.000000e+000	0.000000e+000	0.000000e+000	0.000000e+000	0.000000e+000	0.000000e+000	-2.530171e-098	-2.656984e+303	0.000000e+000	1.322796e-173	9.376035e-306	0.000000e+000	2.121996e-314	-7.845908e+298	4.602209e-001	8.878045e-001	-2.530171e-098	-2.656984e+303	0.000000e+000	1.322811e-173	9.377687e-306	
0.000000e+000	0.000000e+000	0.000000e+000	0.000000e+000	4.218517e-001	0.000000e+000	0.000000e+000	0.000000e+000	0.000000e+000	0.000000e+000	0.000000e+000	0.000000e+000	0.000000e+000	0.000000e+000	0.000000e+000	-2.530171e-098	-2.656984e+303	0.000000e+000	1.322796e-173	9.379121e-306	0.000000e+000	2.121996e-314	-7.845908e+298	7.883689e-001	6.152028e-001	-2.530171e-098	-2.656984e+303	0.000000e+000	1.322811e-173	9.380772e-306	
0.000000e+000	0.000000e+000	0.000000e+000	0.000000e+000	6.008081e-001	0.000000e+000	0.000000e+000	0.000000e+000	0.000000e+000	0.000000e+000	0.000000e+000	0.000000e+000	0.000000e+000	0.000000e+000	0.000000e+000	-2.530171e-098	-2.656984e+303	0.000000e+000	1.322796e-173	9.382206e-306	0.000000e+000	2.121996e-314	-7.845908e+298	5.867578e-001	8.097625e-001	-2.530171e-098	-2.656984e+303	0.000000e+000	1.322811e-173	9.383858e-306	
