3.333052e-001	6.666981e-001	
3.333029e-001	6.666990e-001	
3.333011e-001	6.667001e-001	
3.332798e-001	6.667208e-001	
3.332802e-001	6.667203e-001	
3.333002e-001	6.667004e-001	
3.332814e-001	6.667190e-001	
3.332807e-001	6.667197e-001	
3.332810e-001	6.667196e-001	
3.332978e-001	6.667026e-001	
3.332831e-001	6.667173e-001	
3.332976e-001	6.667029e-001	
3.332998e-001	6.667005e-001	
3.332907e-001	6.667096e-001	
3.332877e-001	6.667126e-001	
3.332985e-001	6.667019e-001	
3.332924e-001	6.667080e-001	
3.332991e-001	6.667013e-001	
3.332857e-001	6.667146e-001	
3.332953e-001	6.667050e-001	
3.332982e-001	6.667021e-001	
3.332997e-001	6.667009e-001	
3.332936e-001	6.667067e-001	
3.332910e-001	6.667093e-001	
3.332875e-001	6.667129e-001	
3.332879e-001	6.667123e-001	
3.332994e-001	6.667010e-001	
3.332900e-001	6.667102e-001	
3.332849e-001	6.667156e-001	
3.332956e-001	6.667048e-001	
3.332913e-001	6.667092e-001	
3.332837e-001	6.667166e-001	
3.332833e-001	6.667170e-001	
3.332914e-001	6.667088e-001	
3.332938e-001	6.667065e-001	
3.332855e-001	6.667149e-001	
3.332917e-001	6.667087e-001	
3.332980e-001	6.667023e-001	
3.332818e-001	6.667186e-001	
3.332921e-001	6.667082e-001	
3.332840e-001	6.667163e-001	
3.332851e-001	6.667153e-001	
3.332920e-001	6.667084e-001	
3.332844e-001	6.667160e-001	
3.332873e-001	6.667132e-001	
3.332847e-001	6.667158e-001	
3.332899e-001	6.667105e-001	
3.332968e-001	6.667034e-001	
3.332860e-001	6.667144e-001	
3.332828e-001	6.667175e-001	
3.332817e-001	6.667189e-001	
3.332895e-001	6.667109e-001	
3.332931e-001	6.667072e-001	
3.332842e-001	6.667162e-001	
3.332929e-001	6.667075e-001	
3.332892e-001	6.667111e-001	
3.332826e-001	6.667178e-001	
3.332867e-001	6.667137e-001	
3.332946e-001	6.667057e-001	
3.332853e-001	6.667151e-001	
3.332905e-001	6.667098e-001	
3.332897e-001	6.667107e-001	
3.332944e-001	6.667059e-001	
3.332882e-001	6.667122e-001	
3.332959e-001	6.667044e-001	
3.332972e-001	6.667030e-001	
3.332903e-001	6.667100e-001	
3.332941e-001	6.667063e-001	
3.332971e-001	6.667032e-001	
3.332835e-001	6.667168e-001	
3.332951e-001	6.667053e-001	
3.332967e-001	6.667037e-001	
3.332819e-001	6.667183e-001	
3.332958e-001	6.667045e-001	
3.332823e-001	6.667182e-001	
3.332891e-001	6.667113e-001	
3.332965e-001	6.667038e-001	
3.332962e-001	6.667042e-001	
3.332861e-001	6.667142e-001	
3.332864e-001	6.667138e-001	
3.332942e-001	6.667061e-001	
3.332988e-001	6.667015e-001	
3.332871e-001	6.667134e-001	
3.332869e-001	6.667136e-001	
3.332926e-001	6.667077e-001	
3.332987e-001	6.667016e-001	
3.332948e-001	6.667055e-001	
3.332934e-001	6.667070e-001	
3.332863e-001	6.667141e-001	
3.332883e-001	6.667119e-001	
3.332886e-001	6.667117e-001	
3.332964e-001	6.667041e-001	
3.332827e-001	6.667177e-001	
3.332889e-001	6.667115e-001	
3.332888e-001	6.667116e-001	
3.332927e-001	6.667077e-001	
3.332951e-001	6.667055e-001	
3.332885e-001	6.667119e-001	
3.332933e-001	6.667070e-001	
3.332823e-001	6.667183e-001	
