1.431030e-004	1.000641e+000	
2.237530e-002	9.782695e-001	
7.543344e-004	1.000047e+000	
3.686724e-001	6.367119e-001	
3.352422e-001	6.676377e-001	
1.683184e-001	8.327680e-001	
2.118078e-001	7.888421e-001	
3.403122e-001	6.630808e-001	
2.682173e-002	9.739294e-001	
3.631260e-001	6.419933e-001	
2.165741e-001	7.843808e-001	
3.486109e-001	6.550276e-001	
7.344887e-002	9.272013e-001	
4.993951e-002	9.507142e-001	
3.489839e-002	9.656066e-001	
2.827569e-001	7.200843e-001	
3.075623e-002	9.696518e-001	
3.436059e-001	6.588863e-001	
1.724216e-001	8.282958e-001	
7.766189e-002	9.228543e-001	
6.959648e-002	9.314430e-001	
5.407726e-002	9.465942e-001	
1.763006e-001	8.244396e-001	
2.638872e-001	7.379701e-001	
8.986945e-002	9.120945e-001	
2.680532e-001	7.335751e-001	
2.479443e-001	7.531427e-001	
2.433987e-001	7.571711e-001	
4.571171e-002	9.548349e-001	
6.523058e-002	9.351105e-001	
5.795434e-002	9.427437e-001	
8.547319e-002	9.155718e-001	
1.803177e-001	8.203193e-001	
9.305109e-002	9.074376e-001	
3.304832e-001	6.712489e-001	
8.143123e-002	9.189626e-001	
1.382607e-001	8.624131e-001	
1.641572e-001	8.372527e-001	
2.082097e-001	7.931752e-001	
6.158307e-002	9.387748e-001	
3.058393e-001	6.963514e-001	
1.309288e-001	8.698683e-001	
1.347558e-001	8.662856e-001	
3.775641e-001	6.342131e-001	
1.873319e-001	8.131237e-001	
3.018725e-001	6.999558e-001	
1.915060e-001	8.097299e-001	
2.867605e-001	7.151874e-001	
3.939026e-002	9.616743e-001	
2.718272e-001	7.302087e-001	
1.274097e-001	8.737346e-001	
2.404222e-001	7.610575e-001	
9.680271e-002	9.038970e-001	
1.841414e-001	8.170309e-001	
1.073417e-001	8.936921e-001	
1.420318e-001	8.585432e-001	
2.203250e-001	7.804884e-001	
2.267638e-001	7.742437e-001	
1.034482e-001	8.971299e-001	
3.518600e-001	6.504283e-001	
3.600119e-001	6.449767e-001	
2.785490e-001	7.234378e-001	
2.366641e-001	7.646949e-001	
1.236678e-001	8.769205e-001	
3.562246e-001	6.488524e-001	
2.756582e-001	7.267180e-001	
1.106140e-001	8.900891e-001	
2.010507e-001	7.994218e-001	
1.000815e-001	9.002432e-001	
1.573348e-001	8.436683e-001	
2.043529e-001	7.963317e-001	
3.099742e-001	6.931434e-001	
1.605565e-001	8.399692e-001	
4.219290e-002	9.583866e-001	
1.202227e-001	8.802554e-001	
2.515010e-001	7.495736e-001	
2.306846e-001	7.706981e-001	
1.138605e-001	8.867364e-001	
2.984029e-001	7.035249e-001	
3.161276e-001	6.876664e-001	
1.977098e-001	8.031522e-001	
1.539707e-001	8.467874e-001	
1.173285e-001	8.837397e-001	
2.604872e-001	7.418197e-001	
1.947193e-001	8.059552e-001	
2.234804e-001	7.773569e-001	
3.211391e-001	6.801650e-001	
3.198059e-001	6.840645e-001	
1.508254e-001	8.500105e-001	
2.333304e-001	7.676890e-001	
2.955312e-001	7.065851e-001	
2.928928e-001	7.099095e-001	
3.127675e-001	6.899304e-001	
3.256543e-001	6.773278e-001	
1.451582e-001	8.553081e-001	
2.895590e-001	7.123798e-001	
2.544073e-001	7.464498e-001	
1.477346e-001	8.527789e-001	
3.276666e-001	6.751500e-001	
2.577602e-001	7.446508e-001	
