4.741226e-002	7.834833e-001	
4.057545e-002	7.994081e-001	
3.790851e-002	8.064848e-001	
3.974890e-002	8.019121e-001	
4.656252e-002	7.853631e-001	
4.652945e-002	7.855678e-001	
4.286188e-002	7.939583e-001	
3.894459e-002	8.035844e-001	
4.751670e-002	7.831659e-001	
4.462383e-002	7.900159e-001	
3.742347e-002	8.077953e-001	
4.189860e-002	7.963540e-001	
4.455719e-002	7.901907e-001	
4.276708e-002	7.941934e-001	
4.380418e-002	7.920373e-001	
4.599526e-002	7.863980e-001	
4.732801e-002	7.836424e-001	
3.792093e-002	8.060441e-001	
3.976491e-002	8.015819e-001	
4.487137e-002	7.893315e-001	
4.846312e-002	7.815322e-001	
4.068510e-002	7.992419e-001	
3.748115e-002	8.076223e-001	
3.899039e-002	8.034431e-001	
3.720025e-002	8.080454e-001	
4.345660e-002	7.926100e-001	
3.713850e-002	8.083653e-001	
4.690595e-002	7.841876e-001	
4.393673e-002	7.918575e-001	
3.784575e-002	8.068205e-001	
4.076393e-002	7.986812e-001	
4.475108e-002	7.895967e-001	
4.302684e-002	7.937760e-001	
4.007088e-002	8.009064e-001	
4.049955e-002	7.997881e-001	
4.681433e-002	7.844941e-001	
4.092952e-002	7.985559e-001	
4.866592e-002	7.806556e-001	
4.268025e-002	7.946296e-001	
4.499404e-002	7.889993e-001	
4.197536e-002	7.960401e-001	
4.613928e-002	7.862611e-001	
4.174749e-002	7.966095e-001	
4.826023e-002	7.816603e-001	
4.369916e-002	7.924185e-001	
4.852456e-002	7.810964e-001	
4.952950e-002	7.788703e-001	
3.996676e-002	8.012663e-001	
4.518235e-002	7.887241e-001	
4.999063e-002	7.783360e-001	
3.805626e-002	8.056945e-001	
4.871091e-002	7.802403e-001	
4.014714e-002	8.004351e-001	
4.029819e-002	8.000384e-001	
4.333730e-002	7.928307e-001	
4.665893e-002	7.848846e-001	
4.109152e-002	7.981262e-001	
4.126506e-002	7.978492e-001	
4.254110e-002	7.949696e-001	
3.680127e-002	8.091537e-001	
4.713285e-002	7.839834e-001	
4.946121e-002	7.792205e-001	
3.863435e-002	8.045719e-001	
5.064686e-002	7.771169e-001	
4.225312e-002	7.958345e-001	
4.234262e-002	7.953420e-001	
3.958604e-002	8.021474e-001	
4.161729e-002	7.970436e-001	
4.407703e-002	7.914282e-001	
3.695866e-002	8.087135e-001	
4.967685e-002	7.783637e-001	
4.629793e-002	7.857679e-001	
4.434483e-002	7.903443e-001	
4.412828e-002	7.907765e-001	
4.756655e-002	7.828126e-001	
4.146388e-002	7.974951e-001	
4.797150e-002	7.818035e-001	
3.758553e-002	8.069942e-001	
4.313856e-002	7.933325e-001	
3.940130e-002	8.026582e-001	
3.845790e-002	8.047617e-001	
3.879350e-002	8.040248e-001	
4.574218e-002	7.875212e-001	
3.918230e-002	8.029190e-001	
4.902289e-002	7.800597e-001	
4.589599e-002	7.868205e-001	
5.120595e-002	7.764088e-001	
4.551416e-002	7.876639e-001	
4.534883e-002	7.884241e-001	
4.908894e-002	7.793859e-001	
3.823603e-002	8.053677e-001	
4.790116e-002	7.824526e-001	
5.086575e-002	7.768394e-001	
5.010169e-002	7.779161e-001	
5.048356e-002	7.774869e-001	
5.137825e-002	7.762327e-001	
5.145340e-002	7.747274e-001	
5.389000e-002	7.743372e-001	
3.670309e-002	8.096036e-001	
