7.733976e-001	4.795445e-001	
6.767622e-001	6.065070e-001	
7.506138e-001	5.125516e-001	
6.730445e-001	6.157896e-001	
4.553461e-002	1.058174e+000	
6.757941e-002	1.047284e+000	
9.670231e-001	1.541225e-001	
9.414269e-001	1.984132e-001	
5.020761e-001	8.045426e-001	
1.690628e-001	1.010754e+000	
5.608224e-001	7.465898e-001	
1.960080e-001	9.989683e-001	
4.982681e-001	8.085408e-001	
9.619096e-001	1.614079e-001	
8.290516e-001	3.883009e-001	
9.377473e-001	2.097004e-001	
1.644145e-001	1.012519e+000	
6.848208e-001	5.985479e-001	
6.322337e-001	6.670240e-001	
6.248363e-001	6.736992e-001	
4.903608e-001	8.184039e-001	
3.414815e-001	9.307090e-001	
8.348973e-001	3.777480e-001	
8.621417e-001	3.307980e-001	
3.523675e-001	9.254646e-001	
7.764847e-001	4.698521e-001	
8.704963e-001	3.219393e-001	
6.581162e-001	6.363374e-001	
3.306922e-001	9.373242e-001	
2.518571e-001	9.787328e-001	
6.640796e-001	6.232827e-001	
4.236295e-001	8.759601e-001	
8.566462e-001	3.427751e-001	
9.082494e-001	2.619551e-001	
8.748774e-001	3.083005e-001	
3.200509e-001	9.436521e-001	
8.988827e-001	2.688254e-001	
9.465500e-001	1.871883e-001	
6.498730e-001	6.443209e-001	
5.671562e-001	7.386778e-001	
8.404652e-001	3.647272e-001	
8.404652e-001	3.647272e-001	
8.489540e-001	3.535164e-001	
2.081776e-001	9.965223e-001	
6.091896e-001	6.993310e-001	
5.062094e-001	8.027218e-001	
3.870581e-001	9.010684e-001	
9.303630e-001	2.206112e-001	
6.916835e-001	5.879529e-001	
7.543231e-001	5.011490e-001	
7.431053e-001	5.191731e-001	
1.065174e+000	3.264797e-002	
9.726842e-001	1.423088e-001	
8.070911e-001	4.278635e-001	
1.843574e-001	1.002400e+000	
6.405140e-001	6.559357e-001	
5.996589e-001	7.065566e-001	
4.541425e-001	8.477283e-001	
9.550657e-001	1.747117e-001	
7.654282e-001	4.877565e-001	
2.438621e-001	9.848830e-001	
6.166338e-001	6.851153e-001	
4.824655e-001	8.264054e-001	
2.662369e-001	9.728909e-001	
5.538385e-001	7.563640e-001	
4.479527e-001	8.568460e-001	
5.783360e-001	7.266555e-001	
5.871743e-001	7.171394e-001	
2.798787e-001	9.669255e-001	
9.150734e-001	2.490990e-001	
3.605527e-001	9.157380e-001	
4.148365e-001	8.844935e-001	
3.755884e-001	9.072712e-001	
9.228157e-001	2.340541e-001	
8.836892e-001	2.987135e-001	
3.079538e-001	9.497782e-001	
4.315570e-001	8.658204e-001	
8.073659e-002	1.033442e+000	
8.263652e-001	4.027291e-001	
8.141569e-001	4.183784e-001	
8.929979e-001	2.829384e-001	
3.982345e-001	8.917947e-001	
5.279312e-001	7.757172e-001	
7.199692e-001	5.481668e-001	
7.165492e-001	5.645502e-001	
5.394455e-001	7.660013e-001	
2.929594e-001	9.589250e-001	
9.788006e-001	1.252722e-001	
1.042659e+000	3.911156e-002	
7.010720e-001	5.754809e-001	
5.162781e-001	7.879644e-001	
7.873908e-001	4.585826e-001	
2.247768e-001	9.913240e-001	
7.967124e-001	4.408404e-001	
1.024164e+000	7.602252e-002	
1.018470e+000	8.861324e-002	
4.672621e-001	8.356387e-001	
7.316328e-001	5.330268e-001	
1.016377e+000	1.027465e-001	
9.979567e-001	1.213630e-001	
