2.648905e-003	1.005608e+000	
2.980851e-003	9.641021e-001	
2.787490e-003	1.004306e+000	
2.392562e-001	5.149595e-001	
2.471432e-001	5.090960e-001	
5.006955e-003	9.371951e-001	
1.507829e-001	6.170086e-001	
1.991110e-001	5.590645e-001	
1.838623e-001	5.760595e-001	
2.228215e-001	5.317183e-001	
2.176497e-001	5.366711e-001	
2.722427e-001	4.929610e-001	
1.938886e-001	5.644323e-001	
1.798305e-001	5.813867e-001	
1.696246e-001	5.915446e-001	
1.365511e-001	6.340427e-001	
2.578813e-001	5.058950e-001	
1.868565e-002	8.671205e-001	
2.514844e-001	5.074109e-001	
1.328377e-001	6.392496e-001	
6.763691e-002	7.441077e-001	
6.404836e-003	9.271325e-001	
1.200143e-001	6.611922e-001	
6.197775e-002	7.563618e-001	
6.477482e-002	7.500450e-001	
1.263950e-001	6.493983e-001	
1.154157e-001	6.649496e-001	
5.888016e-002	7.618984e-001	
1.089027e-002	9.028382e-001	
1.455448e-001	6.224420e-001	
1.301476e-001	6.451767e-001	
9.159068e-003	9.102531e-001	
1.130345e-001	6.708349e-001	
1.541878e-001	6.114608e-001	
2.085348e-001	5.480073e-001	
7.520351e-003	9.188067e-001	
2.262138e-001	5.269095e-001	
7.073080e-002	7.381013e-001	
5.589051e-002	7.675605e-001	
2.126832e-002	8.602161e-001	
1.409618e-001	6.308574e-001	
5.357609e-002	7.736976e-001	
1.665844e-001	5.972029e-001	
1.719413e-002	8.761726e-001	
9.549699e-002	6.985861e-001	
5.051111e-002	7.788764e-001	
1.884023e-001	5.709093e-001	
2.814300e-002	8.375982e-001	
2.664955e-001	4.951387e-001	
8.037453e-002	7.204776e-001	
4.088313e-002	8.031047e-001	
3.417183e-002	8.189969e-001	
3.031533e-002	8.311775e-001	
1.632605e-001	6.009763e-001	
9.799615e-002	6.932082e-001	
1.235321e-002	8.936688e-001	
3.203292e-002	8.250205e-001	
3.665054e-002	8.137782e-001	
2.606012e-001	5.010344e-001	
4.339918e-002	7.968992e-001	
8.317720e-002	7.167197e-001	
1.571758e-002	8.829956e-001	
3.830113e-002	8.074696e-001	
2.353220e-001	5.186460e-001	
2.609175e-002	8.441478e-001	
2.028695e-001	5.545306e-001	
9.206683e-002	7.033005e-001	
7.694565e-002	7.251924e-001	
2.309753e-001	5.252984e-001	
1.054357e-001	6.825928e-001	
8.625400e-002	7.124234e-001	
1.581026e-001	6.086991e-001	
7.343956e-002	7.332553e-001	
1.744480e-001	5.876902e-001	
2.130308e-001	5.449603e-001	
1.600904e-001	6.047455e-001	
2.049341e-001	5.516907e-001	
1.434530e-001	6.255432e-001	
2.639722e-001	4.981307e-001	
2.351682e-002	8.545430e-001	
3.903311e-003	9.505363e-001	
2.140541e-001	5.407815e-001	
1.428095e-002	8.896110e-001	
1.086253e-001	6.743583e-001	
1.913263e-001	5.690531e-001	
1.757234e-001	5.852847e-001	
1.002137e-001	6.878775e-001	
4.534324e-002	7.922907e-001	
4.850758e-002	7.854309e-001	
3.444956e-003	9.513445e-001	
2.461685e-002	8.494708e-001	
1.023102e-001	6.855246e-001	
2.345757e-001	5.247433e-001	
7.557809e-002	7.294435e-001	
1.077177e-001	6.777375e-001	
1.232970e-001	6.551345e-001	
8.785895e-002	7.076515e-001	
4.737828e-002	7.886628e-001	
9.038622e-002	7.072360e-001	
1.224571e-001	6.552361e-001	
