0.047103	0.904399	0.922995	0.976802	0.991064	0.988547	0.985856	0.998748	0.990398	0.934048	0.894280	0.859943	0.760948	0.696453	0.635528	0.534730	0.458729	0.372229	0.250284	0.142153	0.051402	-0.076529	-0.175075	-0.238551	-0.360981	-0.480895	-0.527368	-0.617870	-0.692882	-0.791476	
0.040451	0.817542	0.873508	0.887297	0.958768	0.999975	1.000000	0.990425	0.988258	1.000000	0.931778	0.894806	0.864515	0.790001	0.718038	0.655521	0.550659	0.473424	0.369478	0.265727	0.170390	0.088732	-0.025193	-0.131137	-0.236260	-0.344751	-0.425504	-0.519102	-0.602835	-0.717226	
0.037696	0.780379	0.845699	0.871413	0.950446	0.960930	0.990788	0.973889	0.999499	0.988948	0.953094	0.916561	0.879242	0.830710	0.761246	0.687055	0.595867	0.553922	0.434582	0.334941	0.218964	0.158019	0.051263	-0.076083	-0.175931	-0.304094	-0.384474	-0.476681	-0.558819	-0.655988	
0.039540	0.792063	0.871531	0.922273	0.958506	1.000000	0.991725	0.993332	1.000000	0.983410	0.963926	0.937938	0.862436	0.799297	0.737986	0.658650	0.586194	0.509830	0.406085	0.303075	0.188208	0.127973	0.002479	-0.129502	-0.230958	-0.358848	-0.405670	-0.526438	-0.616491	-0.665970	
0.046207	0.874750	0.940203	0.961122	0.990764	0.978276	1.000000	0.993619	0.993362	0.931376	0.888593	0.859943	0.796612	0.693615	0.636384	0.554650	0.471886	0.363095	0.250284	0.176597	0.079501	-0.040619	-0.126576	-0.262029	-0.362118	-0.447834	-0.539222	-0.617340	-0.697574	-0.778477	
0.046207	0.874750	0.917373	0.961122	0.977496	0.979812	1.000000	0.993619	0.993362	0.931376	0.888593	0.885820	0.796612	0.740711	0.636384	0.554650	0.467270	0.363095	0.250284	0.149837	0.065976	-0.040619	-0.143427	-0.262029	-0.362118	-0.447834	-0.521723	-0.608832	-0.686119	-0.778477	
0.042748	0.840390	0.894487	0.935548	0.982493	0.974831	0.992069	0.976295	0.978769	1.000000	0.917850	0.876507	0.830210	0.766817	0.693666	0.591070	0.526939	0.459674	0.334243	0.250683	0.139600	0.061106	-0.059996	-0.153177	-0.265814	-0.388521	-0.464218	-0.564593	-0.637732	-0.736206	
0.038755	0.806823	0.878061	0.904633	0.952332	0.965628	0.988546	0.983868	0.994019	1.000000	0.946326	0.928533	0.885694	0.796175	0.747244	0.694671	0.593876	0.491258	0.418159	0.303173	0.203076	0.134015	0.020287	-0.115361	-0.210613	-0.308760	-0.389362	-0.485869	-0.589146	-0.651742	
0.047338	0.876326	0.921593	0.951852	0.990764	0.971233	0.996490	0.996122	0.953663	0.917572	0.881538	0.880533	0.790720	0.689701	0.635506	0.523298	0.458729	0.344926	0.250284	0.150565	0.059903	-0.050150	-0.160409	-0.287521	-0.359149	-0.463903	-0.565934	-0.655596	-0.704859	-0.778123	
0.044283	0.843987	0.908155	0.965720	0.958295	0.975479	0.987255	0.993409	0.964034	0.959558	0.936085	0.886473	0.819014	0.745054	0.665579	0.623876	0.482312	0.398879	0.307697	0.215140	0.109307	0.011882	-0.101458	-0.197407	-0.306279	-0.388466	-0.520540	-0.589394	-0.657073	-0.758184	
0.037249	0.780379	0.834760	0.890240	0.950446	0.960930	0.985287	0.973889	0.997285	0.988948	0.953405	0.916561	0.879630	0.855959	0.761246	0.687055	0.608406	0.480572	0.425998	0.334941	0.223021	0.141780	0.051263	-0.107341	-0.175931	-0.304094	-0.384474	-0.476681	-0.568589	-0.655988	
0.041629	0.823134	0.890908	0.896621	0.958768	1.000000	1.000000	0.998195	0.987477	0.984530	0.947606	0.904360	0.851527	0.790001	0.704238	0.641930	0.526924	0.462802	0.369478	0.255688	0.170390	0.058781	-0.050544	-0.155997	-0.236260	-0.353521	-0.472634	-0.558987	-0.626068	-0.705311	
0.044283	0.858633	0.919288	0.964658	1.000000	0.964909	1.000000	0.993409	0.959730	0.959558	0.897777	0.886473	0.819014	0.738118	0.685281	0.623876	0.493901	0.423626	0.307697	0.194554	0.109307	-0.029705	-0.101458	-0.197407	-0.306279	-0.413014	-0.514428	-0.589394	-0.658710	-0.758184	
0.042474	0.855358	0.885933	0.937631	0.964150	1.000000	0.997091	1.000000	0.988124	0.940180	0.933566	0.891805	0.812086	0.754807	0.698847	0.624438	0.520391	0.414732	0.349297	0.240448	0.137261	0.023791	-0.066965	-0.186699	-0.308294	-0.380349	-0.460104	-0.564502	-0.648699	-0.722114	
0.043519	0.864854	0.898618	0.957695	0.969418	0.959162	0.994616	0.987711	0.975216	0.962945	0.927333	0.901188	0.803605	0.733527	0.665618	0.592825	0.482407	0.393179	0.316671	0.203893	0.122837	0.031864	-0.093687	-0.168164	-0.300631	-0.388684	-0.481965	-0.582511	-0.661086	-0.740361	
0.045830	0.876386	0.916676	0.980275	0.977686	0.991771	0.996730	0.994978	0.964034	0.935808	0.924224	0.881745	0.786026	0.724102	0.649269	0.554577	0.468039	0.381964	0.274179	0.160059	0.076755	-0.019675	-0.137538	-0.218079	-0.335694	-0.426511	-0.537735	-0.590151	-0.687824	-0.790593	
0.046990	0.925573	0.940203	0.996242	0.990764	0.992252	0.987831	0.983151	0.958761	0.931376	0.904405	0.859943	0.796612	0.714432	0.646646	0.554650	0.471886	0.363095	0.250284	0.169871	0.057494	-0.040619	-0.154244	-0.262029	-0.331463	-0.447834	-0.564650	-0.617340	-0.697391	-0.778477	
0.037807	0.801147	0.861634	0.920946	0.950379	0.968980	0.986963	0.983868	0.983340	0.965895	0.954666	0.913787	0.865128	0.849413	0.761077	0.649895	0.599737	0.507931	0.419493	0.321613	0.219961	0.105564	0.011594	-0.075056	-0.200874	-0.301720	-0.389245	-0.477795	-0.566298	-0.651742	
0.039540	0.843439	0.871531	0.922273	0.958506	0.989785	0.998416	0.993332	1.000000	0.983410	0.963926	0.895736	0.862436	0.799297	0.737986	0.658650	0.586194	0.480535	0.379285	0.268468	0.182482	0.099880	-0.029351	-0.129502	-0.223522	-0.344636	-0.405670	-0.526438	-0.613153	-0.665970	
0.044590	0.858212	0.931979	0.943370	0.976937	0.988173	0.986424	0.995506	0.969006	0.961331	0.925628	0.896374	0.803268	0.755807	0.691151	0.592144	0.501829	0.420664	0.308947	0.213421	0.116066	-0.018601	-0.108811	-0.185323	-0.302203	-0.386751	-0.489783	-0.609389	-0.658559	-0.740506	
0.047961	0.893512	0.957853	0.959470	1.000000	0.978599	1.000000	0.995690	1.000000	0.955536	0.893215	0.842627	0.768565	0.709039	0.648685	0.528021	0.438416	0.339027	0.223127	0.142559	0.043763	-0.087544	-0.167000	-0.292716	-0.372941	-0.480915	-0.564354	-0.649475	-0.719150	-0.819003	
0.040490	0.823134	0.883887	0.916203	0.958768	0.971193	1.000000	0.978728	0.979893	0.982458	0.936575	0.904360	0.851527	0.790001	0.731069	0.641930	0.558733	0.473424	0.369478	0.255688	0.169061	0.082194	-0.025193	-0.155997	-0.236260	-0.353521	-0.464245	-0.493480	-0.610373	-0.705311	
0.037209	0.785038	0.842573	0.907093	0.933509	1.000000	0.993660	1.000000	0.994731	0.959994	0.955993	0.931653	0.902091	0.816630	0.753938	0.706176	0.623171	0.532116	0.455520	0.328064	0.242520	0.112715	0.039838	-0.044577	-0.184678	-0.270806	-0.356088	-0.493731	-0.573380	-0.651241	
0.038755	0.801407	0.878061	0.904633	0.954109	0.984490	0.988546	0.985266	0.995917	1.000000	0.946326	0.933846	0.885694	0.796175	0.747244	0.659445	0.597576	0.491258	0.403089	0.303173	0.203076	0.118409	0.020287	-0.110428	-0.210613	-0.308760	-0.389362	-0.485869	-0.603783	-0.651742	
0.037066	0.785038	0.842573	0.907093	0.933509	0.959594	0.989409	0.990425	0.997025	0.978433	0.955428	0.931364	0.902091	0.822407	0.753938	0.742531	0.626439	0.538558	0.435880	0.328064	0.242520	0.139549	0.041141	-0.044577	-0.184678	-0.269813	-0.378189	-0.448908	-0.554722	-0.630434	
0.043239	0.871297	0.885747	0.945377	0.963662	0.999247	1.000000	1.000000	0.994613	0.988960	0.936074	0.884045	0.819857	0.768736	0.684046	0.591684	0.512013	0.451344	0.329479	0.221292	0.114715	-0.003366	-0.080374	-0.207332	-0.305296	-0.392392	-0.481508	-0.545761	-0.666970	-0.734630	
0.036900	0.768294	0.854826	0.891407	0.942770	0.957826	1.000000	0.983081	1.000000	0.993825	0.963221	0.907526	0.892388	0.826400	0.774998	0.701246	0.604699	0.536051	0.456493	0.339820	0.236382	0.158870	0.037149	-0.050917	-0.176606	-0.253049	-0.400844	-0.485728	-0.562026	-0.668905	
0.046754	0.889130	0.926085	0.996184	0.975122	0.987867	0.997905	1.000000	0.957772	0.949690	0.895946	0.864881	0.784075	0.699390	0.649395	0.537145	0.458803	0.375122	0.258586	0.166798	0.058303	-0.048657	-0.151488	-0.242325	-0.338013	-0.444981	-0.556722	-0.597967	-0.699784	-0.771520	
0.043710	0.855995	0.897969	0.938273	0.981657	1.000000	0.989657	0.995718	0.980104	0.966970	0.938057	0.895274	0.799874	0.742701	0.685480	0.603652	0.507038	0.409087	0.317088	0.257689	0.129708	-0.034365	-0.070948	-0.225216	-0.295193	-0.428830	-0.481859	-0.577653	-0.652299	-0.721453	
0.037609	0.798554	0.834760	0.874943	0.950446	0.960930	0.998416	0.967606	0.997285	0.988948	0.953405	0.934980	0.887831	0.831610	0.751315	0.695094	0.600424	0.480572	0.429255	0.352135	0.249679	0.141780	0.000164	-0.107341	-0.175931	-0.304094	-0.384474	-0.476681	-0.568589	-0.644131	
0.040664	0.823134	0.882387	0.918912	0.964188	0.995913	0.987439	0.989876	0.987477	0.989295	0.953876	0.918519	0.846549	0.796008	0.723364	0.658162	0.550659	0.454475	0.379990	0.278158	0.170390	0.088732	-0.026138	-0.128180	-0.248283	-0.350311	-0.447640	-0.539916	-0.610376	-0.674757	
0.044405	0.858633	0.919288	0.925486	0.959914	0.986381	1.000000	0.982638	0.959730	0.930206	0.897777	0.881772	0.819014	0.738118	0.685281	0.585783	0.507541	0.423626	0.289354	0.207324	0.097782	-0.012433	-0.099299	-0.214857	-0.330474	-0.413014	-0.508962	-0.589394	-0.668339	-0.758184	
0.042847	0.833876	0.915148	0.970076	0.978360	0.968275	0.989657	0.995718	0.976967	0.966970	0.938057	0.916119	0.829309	0.748628	0.693550	0.603652	0.527436	0.430302	0.331783	0.220994	0.148831	0.055327	-0.077862	-0.159726	-0.261161	-0.364593	-0.481032	-0.529877	-0.649894	-0.719551	
0.039980	0.834103	0.878712	0.911451	0.944033	1.000000	0.996831	0.973872	1.000000	0.948137	0.941841	0.921243	0.855458	0.809154	0.723882	0.676795	0.560132	0.461574	0.390834	0.265548	0.183936	0.109599	-0.022643	-0.142899	-0.217029	-0.347271	-0.434661	-0.519684	-0.602147	-0.719520	
0.040339	0.818662	0.885812	0.918988	0.958857	0.975597	1.000000	0.967591	0.989090	0.993480	0.926891	0.909201	0.862560	0.781602	0.730768	0.680830	0.550023	0.481349	0.384386	0.264342	0.172621	0.104838	-0.040438	-0.107440	-0.246086	-0.344936	-0.426006	-0.530093	-0.604214	-0.680881	
0.046637	0.904399	0.922995	0.964157	0.990764	0.987563	0.985856	0.989975	0.978327	0.942054	0.892323	0.859943	0.800427	0.696453	0.635528	0.556755	0.458729	0.372229	0.250284	0.142153	0.061446	-0.042034	-0.133900	-0.238551	-0.350009	-0.479876	-0.539222	-0.617340	-0.691094	-0.787376	
0.040820	0.823134	0.882387	0.902143	0.944362	0.999975	0.987439	0.989876	0.992314	0.940306	0.926112	0.918519	0.846549	0.796008	0.723364	0.641930	0.550659	0.454475	0.369478	0.278158	0.170390	0.088732	-0.042801	-0.112782	-0.248283	-0.361422	-0.439132	-0.539916	-0.621372	-0.678749	
0.048421	0.893512	0.936246	0.962363	1.000000	0.998145	1.000000	0.995690	0.979207	0.942561	0.867883	0.842627	0.767184	0.717792	0.637206	0.520803	0.438416	0.373960	0.240564	0.121546	0.026752	-0.061122	-0.168377	-0.292716	-0.368669	-0.467400	-0.573955	-0.614935	-0.719150	-0.819003	
0.042321	0.827892	0.903101	0.928210	0.978360	0.968275	0.975416	1.000000	0.978726	0.966970	0.944683	0.902860	0.844281	0.782194	0.711538	0.637318	0.533594	0.441042	0.331783	0.271178	0.148831	0.035087	-0.062321	-0.184708	-0.261161	-0.365408	-0.440610	-0.562663	-0.622659	-0.719551	
0.044765	0.858633	0.905735	0.945285	0.982693	0.986381	1.000000	0.982638	0.985555	0.952197	0.905863	0.898303	0.819014	0.724115	0.676290	0.594710	0.507541	0.423626	0.294762	0.207324	0.123020	-0.012433	-0.099299	-0.232685	-0.311722	-0.446741	-0.508962	-0.582940	-0.664610	-0.758184	
0.041827	0.823134	0.897399	0.943268	0.978741	0.992192	0.999180	1.000000	0.987477	0.975901	0.947606	0.894711	0.840157	0.759730	0.702551	0.641930	0.541659	0.476823	0.355001	0.241437	0.170390	0.083166	-0.050544	-0.168913	-0.256438	-0.374068	-0.472634	-0.535316	-0.626068	-0.681375	
0.045965	0.899841	0.923652	0.978951	0.994565	0.972762	0.997775	0.996153	0.972638	0.919503	0.885735	0.858023	0.792615	0.709314	0.632652	0.547129	0.473358	0.391568	0.287760	0.159397	0.058303	-0.048657	-0.136132	-0.241636	-0.323372	-0.456594	-0.514962	-0.592869	-0.687978	-0.786999	
0.041629	0.852774	0.897399	0.948232	0.958768	0.979569	1.000000	0.993046	0.982042	0.984530	0.936167	0.857978	0.840157	0.768825	0.700100	0.641930	0.542628	0.476823	0.355001	0.241437	0.170390	0.075623	-0.050544	-0.156078	-0.255536	-0.353521	-0.472634	-0.578627	-0.636406	-0.698320	
0.048042	0.898047	0.936246	0.968885	0.979631	0.981799	1.000000	0.998807	0.966911	0.981574	0.867883	0.840763	0.779209	0.708995	0.628694	0.509091	0.444440	0.358665	0.231543	0.119548	0.042942	-0.060492	-0.164202	-0.260627	-0.361598	-0.482639	-0.535861	-0.627214	-0.718751	-0.815821	
0.043407	0.864854	0.898618	0.957695	0.968607	0.959162	0.994616	0.988530	0.975216	0.962945	0.885982	0.901188	0.811725	0.733527	0.665618	0.573237	0.516470	0.393179	0.322419	0.203893	0.122837	0.031864	-0.093687	-0.168164	-0.300631	-0.388829	-0.481965	-0.573388	-0.661086	-0.740361	
0.048288	0.899365	0.941397	0.964127	0.988332	0.988209	0.992151	0.993929	0.960367	0.921265	0.878245	0.864548	0.752458	0.715046	0.642227	0.518372	0.446903	0.362596	0.229161	0.145234	0.042942	-0.109937	-0.179921	-0.248805	-0.367609	-0.454862	-0.575093	-0.617679	-0.716403	-0.802541	
0.049137	0.916876	0.958896	0.979710	0.988458	0.990644	0.991366	0.991554	0.945274	0.927485	0.877141	0.826594	0.750521	0.691810	0.603756	0.490979	0.403234	0.321261	0.209594	0.099076	-0.017282	-0.091097	-0.210926	-0.252410	-0.390343	-0.468609	-0.593331	-0.679154	-0.736314	-0.800809	
0.039748	0.829840	0.860134	0.898083	0.958768	0.971418	1.000000	0.998294	0.974301	0.996422	0.939902	0.895816	0.867155	0.825599	0.717620	0.640656	0.573656	0.461432	0.381002	0.273663	0.181507	0.118084	-0.014823	-0.119067	-0.243572	-0.334697	-0.421171	-0.505977	-0.596709	-0.702151	
0.044856	0.862110	0.931540	0.935573	0.983909	0.969979	0.994273	0.983284	0.966780	0.950300	0.919660	0.866354	0.807157	0.733656	0.676117	0.573500	0.501595	0.421820	0.274564	0.183675	0.085843	0.028160	-0.121480	-0.218022	-0.324740	-0.422600	-0.482511	-0.616031	-0.675032	-0.752119	
0.049383	0.925174	0.956933	0.990326	0.980020	0.983901	1.000000	0.972648	0.955395	0.940575	0.899412	0.834597	0.747640	0.663275	0.637206	0.491158	0.426350	0.354282	0.194392	0.103337	0.021912	-0.108009	-0.174312	-0.279832	-0.406924	-0.485511	-0.587411	-0.664218	-0.744816	-0.809128	
0.037900	0.806823	0.861634	0.895056	0.950379	0.965628	0.988546	0.983868	0.995037	0.965895	0.976224	0.946506	0.856690	0.828006	0.761077	0.694671	0.593876	0.507931	0.419493	0.321613	0.229466	0.105564	0.020287	-0.107390	-0.186126	-0.308760	-0.389362	-0.485869	-0.584479	-0.651742	
0.048510	0.893512	0.954906	0.986903	1.000000	0.996328	1.000000	0.980344	0.957670	0.942561	0.867883	0.842627	0.746080	0.710553	0.619383	0.493021	0.438416	0.339027	0.229951	0.124416	0.043763	-0.057312	-0.183813	-0.292716	-0.398629	-0.467400	-0.569367	-0.646808	-0.719150	-0.819003	
0.040023	0.830679	0.869316	0.922704	0.958857	0.971418	0.986122	0.992352	1.000000	0.971088	0.939902	0.937532	0.839281	0.825599	0.737625	0.640656	0.560967	0.470241	0.381605	0.278650	0.179340	0.060787	-0.026847	-0.135150	-0.224431	-0.337182	-0.426006	-0.505977	-0.596709	-0.702151	
0.040134	0.824739	0.881827	0.901474	0.968861	0.982361	0.982435	0.987811	0.993735	0.992301	0.958795	0.922515	0.856066	0.800774	0.725078	0.659065	0.557697	0.466640	0.381749	0.273058	0.179114	0.067260	-0.033888	-0.142113	-0.235549	-0.333269	-0.411678	-0.496168	-0.608090	-0.679491	
0.043128	0.840390	0.894487	0.935548	0.982436	0.972551	0.994451	0.988172	0.978769	0.927552	0.918068	0.876507	0.830210	0.758572	0.693666	0.591070	0.526335	0.457772	0.334243	0.239776	0.139600	0.041413	-0.059996	-0.198425	-0.265814	-0.387938	-0.464218	-0.547471	-0.645753	-0.736206	
0.046544	0.880289	0.920423	0.964157	0.971843	0.967233	0.994984	0.993619	0.969145	0.945638	0.892323	0.847959	0.800427	0.715590	0.638864	0.546815	0.463905	0.357445	0.276124	0.156398	0.053468	-0.052050	-0.144685	-0.256805	-0.343409	-0.442468	-0.526483	-0.576295	-0.691094	-0.802572	
0.040982	0.834103	0.905135	0.935243	0.964487	1.000000	0.996831	0.998904	0.988693	0.955761	0.937296	0.908992	0.837926	0.769451	0.723882	0.648975	0.553520	0.438900	0.378099	0.235596	0.173299	0.095061	-0.037127	-0.157523	-0.242550	-0.358792	-0.431753	-0.531351	-0.614394	-0.687772	
0.041158	0.836505	0.899867	0.941197	0.958696	0.988964	0.992452	0.978438	0.977079	0.983508	0.945174	0.905712	0.844555	0.823374	0.714526	0.608933	0.550521	0.483276	0.357207	0.256484	0.174197	0.081060	-0.047599	-0.120730	-0.247720	-0.370318	-0.446042	-0.528460	-0.611714	-0.697113	
0.042226	0.827892	0.898794	0.931174	0.963988	0.989171	0.975416	0.997361	0.976967	0.966970	0.949332	0.908900	0.833778	0.756848	0.711538	0.625476	0.540122	0.412277	0.331783	0.220994	0.148831	0.054143	-0.053067	-0.166518	-0.261161	-0.359385	-0.440610	-0.570383	-0.633056	-0.705293	
0.036585	0.768294	0.836165	0.894849	0.923806	0.957826	0.984494	0.983081	0.999676	0.998283	0.960268	0.962026	0.891554	0.840360	0.759648	0.710933	0.616525	0.536051	0.467168	0.339820	0.248281	0.166598	0.039646	-0.052329	-0.144097	-0.253049	-0.355405	-0.485728	-0.547321	-0.638785	
0.046938	0.912449	0.929182	0.996184	0.974307	0.987867	0.987831	0.979630	0.957772	0.945367	0.900972	0.864881	0.780244	0.709569	0.647025	0.555507	0.458803	0.364815	0.257006	0.166798	0.058738	-0.041836	-0.137961	-0.216658	-0.338013	-0.444981	-0.556722	-0.652968	-0.699784	-0.763444	
0.049137	0.940518	0.958896	0.978302	0.988458	0.971487	0.989694	0.991554	0.945274	0.926097	0.875840	0.843698	0.750521	0.684637	0.611614	0.490979	0.435530	0.321261	0.205339	0.090684	0.018129	-0.091097	-0.210926	-0.252410	-0.390343	-0.468609	-0.591516	-0.679154	-0.707539	-0.800809	
0.038414	0.814507	0.850962	0.926040	0.940909	0.961952	0.990984	0.976796	0.993733	0.974122	0.953260	0.921971	0.866928	0.796758	0.750657	0.673742	0.597553	0.523191	0.385921	0.306012	0.203401	0.124691	0.004360	-0.113203	-0.188813	-0.283392	-0.402932	-0.507554	-0.566878	-0.700158	
0.050121	0.944439	0.962687	1.000000	0.976576	0.979958	1.000000	0.997994	0.950368	0.912082	0.864509	0.830564	0.770118	0.656670	0.600882	0.496180	0.413473	0.281386	0.170617	0.092589	-0.009152	-0.129156	-0.213660	-0.304132	-0.420681	-0.496928	-0.588728	-0.632651	-0.719150	-0.853671	
0.041964	0.848636	0.887282	0.931307	0.987276	0.980142	0.986789	0.963578	0.995552	0.980585	0.921607	0.916376	0.822525	0.787875	0.712552	0.619998	0.526939	0.435196	0.343859	0.263328	0.140828	0.064942	-0.078475	-0.178996	-0.252445	-0.384073	-0.449738	-0.584004	-0.634964	-0.708832	
0.042108	0.832576	0.905059	0.908862	0.953975	0.963218	0.990185	0.976651	0.989394	0.979967	0.924087	0.886750	0.849698	0.768384	0.685767	0.595856	0.529723	0.457757	0.362879	0.242324	0.155662	0.037505	-0.050417	-0.160841	-0.266800	-0.391218	-0.466890	-0.564237	-0.617876	-0.719394	
0.039311	0.810879	0.869316	0.918008	0.954271	0.971418	0.986122	0.992352	1.000000	0.985524	0.939902	0.923758	0.839281	0.834335	0.746848	0.640656	0.572351	0.511229	0.381605	0.307803	0.203755	0.100397	-0.031331	-0.106255	-0.211937	-0.321232	-0.426006	-0.519056	-0.596709	-0.702151	
0.041377	0.825075	0.870755	0.943268	0.968533	0.992192	0.990354	1.000000	0.987477	0.975901	0.917928	0.913775	0.840157	0.780450	0.704586	0.641930	0.541659	0.476823	0.355001	0.241437	0.170390	0.074415	-0.045884	-0.134340	-0.241511	-0.374068	-0.472634	-0.559953	-0.619404	-0.683889	
0.043833	0.845048	0.935883	0.945262	0.967041	0.990477	1.000000	0.992958	0.982159	0.978183	0.914609	0.897530	0.819857	0.768736	0.684805	0.614486	0.509370	0.391602	0.319031	0.215145	0.117203	0.018847	-0.084280	-0.239791	-0.305740	-0.391534	-0.465651	-0.545761	-0.651127	-0.723030	
0.036787	0.785038	0.842573	0.912265	0.933509	0.941351	0.993660	0.985728	0.990790	0.997639	0.955993	0.939103	0.907234	0.803369	0.761367	0.706176	0.623171	0.532116	0.442007	0.328064	0.257566	0.112715	0.039838	-0.059673	-0.165607	-0.270806	-0.356088	-0.472736	-0.568119	-0.651241	
0.049582	0.919118	0.946859	0.968885	1.000000	0.981799	1.000000	0.987308	0.951380	0.931567	0.867883	0.840763	0.738790	0.653594	0.596700	0.471659	0.419622	0.358665	0.231543	0.119548	0.019427	-0.060492	-0.195938	-0.296794	-0.399840	-0.482639	-0.576646	-0.627214	-0.732245	-0.807587	
0.046151	0.889130	0.926085	0.946146	0.975122	0.972762	1.000000	0.980714	0.976741	0.919868	0.895946	0.864881	0.784075	0.714653	0.649395	0.547129	0.484024	0.375122	0.258586	0.166798	0.058303	-0.048657	-0.133883	-0.242325	-0.338013	-0.444981	-0.536391	-0.592869	-0.687978	-0.805424	
0.044113	0.871297	0.905244	0.945373	0.969244	0.983555	0.992560	1.000000	0.985339	0.941145	0.927964	0.902435	0.802429	0.774497	0.684046	0.591684	0.507897	0.410845	0.319809	0.196635	0.100178	0.015545	-0.116847	-0.201959	-0.292640	-0.401171	-0.481508	-0.574383	-0.646340	-0.750911	
0.043937	0.871297	0.902985	0.945377	0.970447	0.999247	1.000000	1.000000	0.984136	0.948545	0.921476	0.902435	0.802429	0.778462	0.684046	0.591684	0.512013	0.430765	0.329479	0.221292	0.114715	-0.003366	-0.116847	-0.201959	-0.292640	-0.417197	-0.481508	-0.572626	-0.646340	-0.734630	
0.047313	0.889130	0.926085	0.996184	0.975122	0.992167	0.994525	1.000000	0.975638	0.949690	0.895946	0.856069	0.750089	0.699390	0.632630	0.537145	0.450237	0.352553	0.258586	0.151970	0.060314	-0.048657	-0.155543	-0.242325	-0.338013	-0.444981	-0.540413	-0.643914	-0.699784	-0.779510	
0.041298	0.828262	0.898770	0.933792	0.970479	0.982229	0.987836	0.993880	0.982253	0.989354	0.931514	0.924591	0.842941	0.771904	0.708117	0.653790	0.549496	0.438501	0.368063	0.271663	0.165334	0.077458	-0.044544	-0.154166	-0.233023	-0.357640	-0.450515	-0.586938	-0.644559	-0.688075	
0.047867	0.893512	0.936246	0.979928	0.979631	1.000000	0.999363	0.995690	0.967104	0.942561	0.867883	0.840763	0.765910	0.677212	0.633743	0.566850	0.444440	0.336272	0.240564	0.119548	0.044414	-0.061957	-0.164202	-0.291764	-0.368669	-0.465161	-0.556438	-0.646657	-0.719150	-0.819003	
0.037365	0.784157	0.843314	0.894487	0.946153	0.966634	0.989002	0.996359	1.000000	0.973430	0.947457	0.929904	0.876618	0.832498	0.757997	0.714388	0.621926	0.546988	0.441033	0.319136	0.239768	0.142064	0.041656	-0.093248	-0.186952	-0.288114	-0.390257	-0.467519	-0.591621	-0.641173	
0.042847	0.861586	0.891670	0.938273	0.956801	1.000000	0.989657	0.995718	0.976967	0.966970	0.938057	0.895274	0.799874	0.742701	0.685480	0.603652	0.527436	0.430302	0.331783	0.237523	0.148831	0.012885	-0.070948	-0.159726	-0.261161	-0.364593	-0.481859	-0.551043	-0.649894	-0.744866	
0.039167	0.782458	0.854521	0.916559	0.959174	1.000000	0.994059	1.000000	0.991506	0.962077	0.966798	0.921971	0.847580	0.777673	0.744884	0.648306	0.584767	0.486092	0.425486	0.292018	0.194129	0.092403	-0.008192	-0.130296	-0.214667	-0.321562	-0.402932	-0.501709	-0.601840	-0.700158	
0.038286	0.806823	0.853343	0.888297	0.950446	0.994952	0.988546	0.987575	0.993857	0.966460	0.946326	0.896196	0.883122	0.801562	0.743529	0.673571	0.596918	0.487994	0.429255	0.311367	0.204151	0.134015	0.025939	-0.107813	-0.185331	-0.309076	-0.383696	-0.498799	-0.578824	-0.651742	
0.038685	0.818384	0.859718	0.931853	0.954762	1.000000	0.998092	0.968672	0.983304	0.971561	0.947945	0.937780	0.872374	0.773899	0.739316	0.664000	0.579536	0.508325	0.415732	0.296504	0.198308	0.088160	0.012954	-0.095731	-0.206440	-0.316060	-0.395822	-0.489307	-0.582062	-0.685772	
0.045393	0.893256	0.924376	0.941966	0.972315	0.978449	1.000000	0.993409	0.959730	0.947771	0.904220	0.903316	0.796945	0.747135	0.685281	0.566889	0.508189	0.381969	0.298550	0.194554	0.105865	-0.029705	-0.111028	-0.240677	-0.313769	-0.402338	-0.517423	-0.610354	-0.683346	-0.747827	
0.039021	0.800572	0.857391	0.931853	0.960198	0.959359	1.000000	0.966318	0.985769	0.986889	0.952482	0.924274	0.872374	0.793124	0.739280	0.676592	0.577314	0.508325	0.404344	0.296504	0.198308	0.110401	-0.023825	-0.119629	-0.206440	-0.317800	-0.395822	-0.488631	-0.595181	-0.652831	
0.048492	0.910385	0.938709	0.979928	0.979631	0.997846	0.999363	0.995690	0.972440	0.920693	0.898973	0.840763	0.765910	0.699931	0.628960	0.533141	0.444440	0.336272	0.239466	0.119882	0.026545	-0.061957	-0.186573	-0.258998	-0.430136	-0.465161	-0.564922	-0.650550	-0.719150	-0.809338	
0.045689	0.876386	0.931625	0.966335	1.000000	0.991771	1.000000	0.994978	0.987644	0.966714	0.914317	0.884452	0.786916	0.727983	0.649269	0.554577	0.468039	0.405954	0.275503	0.160059	0.089906	-0.032921	-0.110745	-0.226357	-0.337599	-0.433121	-0.523096	-0.570858	-0.684856	-0.766281	
0.050586	0.922315	0.953801	0.994630	0.984493	1.000000	0.994111	0.985578	0.966449	0.936911	0.856162	0.844172	0.750428	0.685211	0.579803	0.503188	0.391783	0.303218	0.204763	0.077991	0.002041	-0.091738	-0.198923	-0.265746	-0.465064	-0.526267	-0.620982	-0.711882	-0.742651	-0.848998	
0.045346	0.883902	0.918525	0.950119	0.987122	0.986170	0.991506	0.990604	0.973560	0.936074	0.898176	0.890896	0.781383	0.743851	0.646616	0.554538	0.480214	0.421820	0.291410	0.195373	0.091898	0.019872	-0.126675	-0.210136	-0.341969	-0.428581	-0.527741	-0.606978	-0.673089	-0.752119	
0.045028	0.883902	0.918525	0.950119	0.983156	0.986170	0.991506	1.000000	0.973560	0.936074	0.898176	0.890896	0.797130	0.743851	0.646616	0.554311	0.480214	0.421820	0.291410	0.183675	0.070918	0.028160	-0.139365	-0.210136	-0.311672	-0.428581	-0.501069	-0.588361	-0.656313	-0.752119	
0.048782	0.907980	0.936246	0.991813	0.979631	1.000000	0.999728	0.997611	0.974203	0.930183	0.881922	0.827276	0.755344	0.676467	0.608319	0.514279	0.434052	0.321094	0.220919	0.125144	0.032075	-0.094216	-0.180756	-0.292600	-0.406199	-0.465161	-0.566548	-0.658311	-0.696490	-0.819003	
0.038075	0.806823	0.853343	0.881838	0.945118	0.965628	0.988546	1.000000	0.988568	0.985282	0.946326	0.899921	0.885694	0.794931	0.747244	0.673571	0.593876	0.539234	0.418159	0.311367	0.211673	0.134015	0.028460	-0.115361	-0.175796	-0.309076	-0.389362	-0.488302	-0.585797	-0.651742	
0.047637	0.898047	0.941397	0.971646	0.993481	0.988209	1.000000	0.987998	0.942990	0.959461	0.878245	0.848230	0.776720	0.705274	0.638257	0.509091	0.439144	0.370822	0.262601	0.134422	0.042942	-0.050425	-0.179921	-0.288763	-0.367609	-0.498363	-0.575093	-0.617679	-0.716403	-0.802541	
0.050323	0.916876	0.958896	0.979710	0.978736	0.990644	0.991366	1.000000	0.962490	0.927485	0.877141	0.847685	0.761312	0.691810	0.603756	0.490979	0.405432	0.321261	0.209594	0.070235	-0.017282	-0.113435	-0.213278	-0.252410	-0.429015	-0.494972	-0.593331	-0.670896	-0.706052	-0.826189	
0.049602	0.940549	0.962691	0.994747	0.975746	0.998205	0.998516	1.000000	0.968143	0.939715	0.878711	0.841057	0.773567	0.692853	0.609978	0.497821	0.421769	0.332712	0.213870	0.086672	-0.003695	-0.111025	-0.209391	-0.291821	-0.419502	-0.487893	-0.587702	-0.668439	-0.705432	-0.815288	
0.049859	0.925174	0.957714	1.000000	0.998803	0.981799	1.000000	1.000000	0.955395	0.911224	0.899412	0.834597	0.747640	0.680697	0.637206	0.491158	0.426350	0.318901	0.194392	0.086671	0.004369	-0.118036	-0.192920	-0.275739	-0.393297	-0.485511	-0.573955	-0.643651	-0.744816	-0.842211	
0.050586	0.914951	0.970771	0.994630	0.984493	1.000000	0.994111	0.985578	0.966449	0.905968	0.870238	0.844172	0.758990	0.663880	0.579803	0.503103	0.391783	0.319843	0.189909	0.077991	0.024600	-0.081740	-0.198923	-0.265746	-0.465064	-0.526267	-0.590786	-0.711882	-0.742651	-0.828121	
0.051043	0.922315	0.968364	1.000000	1.000000	0.977211	1.000000	0.982181	0.955447	0.921569	0.847076	0.821064	0.756293	0.685211	0.588160	0.484524	0.399536	0.288600	0.204763	0.097459	0.007578	-0.104276	-0.241625	-0.335137	-0.433858	-0.523300	-0.602117	-0.672657	-0.746463	-0.858533	
0.052587	0.922315	0.951891	1.000000	0.984493	1.000000	1.000000	0.982225	0.965445	0.940084	0.841925	0.827276	0.750428	0.685256	0.579803	0.503188	0.391783	0.303218	0.151184	0.018223	0.002041	-0.075888	-0.243263	-0.265746	-0.465064	-0.526267	-0.620982	-0.711882	-0.742651	-0.848998	
0.036411	0.774945	0.824555	0.879563	0.964289	0.973572	0.981312	0.983081	0.995702	0.976994	0.953027	0.929675	0.878625	0.836403	0.771457	0.678704	0.610631	0.558524	0.436555	0.359925	0.254949	0.124220	0.047107	-0.083432	-0.161931	-0.253049	-0.379126	-0.453030	-0.543590	-0.639493	
