0.000000	0.050165	0.088696	0.071244	-0.030425	0.054126	0.024783	-0.032788	-0.005186	0.086113	0.054802	0.085007	-0.008813	0.075737	-0.016242	0.008120	-0.034860	-0.008291	0.021674	-0.007098	-0.035372	0.038861	-0.047805	-0.022892	-0.018994	-0.022253	-0.003498	-0.035395	0.013009	-0.078209	
0.001657	0.030717	0.012259	-0.006644	0.017479	-0.040977	0.020808	0.060628	-0.009608	0.065086	0.036820	0.071524	-0.005788	-0.009247	-0.011284	0.123550	0.017622	-0.012417	0.000196	0.040091	-0.034798	0.017607	-0.053871	0.003449	-0.049889	-0.047542	-0.006129	0.025425	-0.012355	-0.023640	
0.000000	0.041082	0.021084	0.074119	-0.009965	0.038297	-0.016243	-0.053040	0.038783	0.036934	-0.002840	0.024721	0.017544	0.010147	-0.060668	-0.041958	-0.066584	0.020313	0.012261	-0.046032	-0.079898	0.023014	-0.022702	-0.073198	-0.033741	-0.019414	0.024045	0.029437	-0.002202	-0.085617	
0.236433	-0.137134	-0.043802	-0.160653	0.021935	-0.147195	0.026523	-0.119141	0.052040	-0.138534	0.062500	-0.075406	0.072028	-0.032275	0.122375	-0.000943	0.137305	0.002683	0.145369	0.022468	0.158533	0.064328	0.112665	0.108906	0.132092	0.133802	0.018023	0.083400	0.116069	0.116008	
0.243957	-0.194221	-0.040688	-0.223195	0.047761	-0.109422	0.036507	-0.086822	0.053666	-0.021203	0.104638	-0.077354	0.149099	-0.057798	0.145465	-0.026640	0.148844	0.020247	0.216414	0.108199	0.163231	0.084947	0.085937	0.142242	0.122884	0.132238	0.028506	0.174505	-0.021019	0.094755	
0.004461	0.028534	0.006950	0.018472	0.013295	0.004952	-0.019474	0.024026	-0.002788	0.021542	0.021271	-0.008602	-0.003048	-0.086743	-0.013786	0.066893	0.017622	-0.031638	-0.019166	-0.004667	0.018008	-0.012957	-0.027200	-0.065800	-0.021066	-0.053437	0.009372	-0.065633	-0.023321	-0.050146	
0.148495	-0.023387	-0.115699	0.019667	-0.050669	-0.015785	-0.042514	-0.055931	-0.004437	-0.076920	-0.075980	-0.043132	-0.051292	-0.051927	-0.025754	-0.144907	0.007297	-0.026081	0.017582	-0.039704	0.046069	-0.052965	-0.019843	-0.086080	0.099813	-0.063865	0.068906	-0.004172	0.050003	-0.019568	
0.197452	-0.062533	-0.048245	-0.090409	-0.042473	-0.175296	-0.036780	-0.132373	0.059646	-0.157665	-0.014903	-0.093748	0.032499	-0.070617	0.060959	-0.081747	0.038002	0.006603	0.116630	-0.010213	0.083233	0.028883	0.140177	0.052281	0.091390	0.070835	0.089487	0.023237	0.096389	0.102400	
0.181565	-0.029336	-0.043722	-0.027142	-0.079709	-0.060776	-0.041602	-0.097868	-0.077122	-0.130472	-0.078045	-0.116833	-0.014876	-0.056664	0.026718	-0.116923	0.013272	-0.059247	0.009242	-0.101398	0.062196	-0.055232	0.121454	-0.065475	0.091250	0.012132	0.098536	-0.065293	0.068551	-0.006332	
0.220949	-0.103882	-0.063798	-0.096078	-0.031596	-0.135512	0.036507	-0.162529	0.060528	-0.090176	0.019464	-0.111824	0.079063	-0.117002	0.077527	-0.013226	0.113325	-0.010416	0.164194	0.036299	0.125541	0.069961	0.055356	0.041509	0.113872	0.047030	0.077583	0.082368	0.098683	0.093016	
0.215768	-0.154122	-0.024426	-0.132011	-0.057802	-0.167549	0.057122	-0.172609	0.059646	-0.107520	0.017485	-0.104982	0.058047	-0.113928	0.060377	-0.101713	0.104839	-0.015478	0.127978	-0.015104	0.117524	-0.011173	0.168464	0.057248	0.092162	0.047688	0.093209	0.089339	0.133463	0.070532	
0.265379	-0.154716	0.039129	-0.019944	0.056913	-0.161540	0.153522	-0.036069	0.097833	-0.016309	0.067352	0.017097	0.059887	-0.030980	0.158802	-0.026250	0.174668	0.033025	0.121577	0.050840	0.088488	0.081050	0.008445	0.090655	0.078722	0.092173	-0.063054	0.228239	0.021721	0.045349	
0.192122	-0.070494	-0.023745	-0.030524	-0.059969	-0.072656	0.003425	-0.133392	-0.022239	-0.149896	-0.051334	-0.150424	-0.006888	-0.019502	0.047277	-0.151757	0.045677	-0.040707	0.087001	-0.045884	0.070166	-0.074226	0.098849	-0.002528	0.119192	0.036555	0.089196	0.023893	0.100343	0.031708	
0.177586	-0.110748	-0.075110	-0.093147	-0.116859	-0.070435	-0.031722	-0.072145	-0.053902	-0.133980	-0.048748	-0.059020	0.047660	-0.202416	0.049984	-0.110571	0.030967	-0.112050	0.068043	-0.095311	0.022503	-0.074764	0.147056	-0.021286	0.114801	-0.038154	0.093434	0.010142	0.163011	0.054344	
0.168058	-0.023387	-0.115699	-0.028218	-0.050669	-0.001345	-0.042514	-0.117445	-0.037142	-0.076920	-0.075980	-0.118188	-0.051292	-0.138182	-0.025754	-0.144907	0.084203	-0.104572	0.017582	-0.101445	0.046069	-0.052965	0.102014	-0.086080	0.099813	-0.063865	0.097533	-0.003031	0.116249	-0.016690	
0.134873	0.093241	-0.068178	0.015869	-0.072540	0.001228	-0.089685	-0.016700	-0.025113	-0.038830	-0.098137	-0.054797	-0.069407	-0.026976	-0.055215	-0.080627	-0.023053	-0.121798	-0.032209	-0.119231	-0.027371	-0.119466	0.019797	-0.069144	-0.002251	-0.080699	0.056759	-0.070190	-0.010182	-0.038885	
0.252516	-0.089990	0.046437	-0.089490	0.072165	-0.111704	0.010781	-0.029957	0.030273	-0.108468	0.067619	-0.141408	0.102789	-0.125910	0.112009	-0.001800	0.147374	-0.037263	0.133659	0.035878	0.180590	0.074242	0.061631	0.072903	0.105920	0.081350	0.084199	0.053952	-0.020117	0.168574	
0.017996	-0.031459	0.014997	0.021485	0.003637	-0.002052	0.036654	0.003557	-0.024514	0.021242	0.014141	-0.008602	-0.003048	-0.004189	0.009312	0.013238	0.017622	0.001602	-0.011159	-0.003718	0.018008	-0.014148	-0.034587	0.003449	-0.022156	-0.064054	0.011506	-0.023580	-0.023321	-0.046249	
0.246810	-0.123068	-0.040688	-0.117458	0.047761	-0.121488	0.036507	-0.131739	0.017664	-0.021203	0.054040	-0.077354	0.089525	-0.019401	0.121707	-0.055156	0.118844	0.001879	0.143176	0.012144	0.106877	0.003595	0.088869	0.088165	0.130277	0.114272	0.040422	0.079924	0.056215	0.094755	
0.131586	0.024502	-0.068178	0.040539	-0.072540	-0.002719	-0.089685	-0.058337	-0.025113	0.017265	-0.098137	-0.082806	-0.069407	-0.004551	-0.055215	-0.080627	-0.013914	-0.121798	-0.032209	-0.061147	-0.004869	-0.119466	-0.021388	-0.066697	0.011287	-0.080699	-0.006718	-0.098613	0.058063	-0.038885	
0.066562	0.015917	-0.007532	0.021485	-0.027151	0.054614	0.022634	0.058436	-0.059702	0.021242	-0.014996	-0.023387	-0.036266	-0.024936	0.004288	0.013238	-0.001968	0.070266	-0.062581	-0.003718	-0.034164	-0.043991	-0.020981	-0.064680	-0.022432	-0.050332	-0.020657	0.000612	-0.011533	-0.067585	
0.005548	0.033430	0.010416	0.019227	0.001353	0.016437	-0.024696	-0.004270	0.047673	0.033047	0.012859	0.025102	-0.015192	-0.024716	0.000445	-0.015900	0.009913	-0.040793	-0.009633	0.014182	-0.041970	-0.014847	-0.008768	-0.042334	-0.031161	-0.051795	0.000550	-0.012181	-0.014035	-0.027692	
0.117104	0.014628	0.016664	0.097699	-0.020855	-0.073729	-0.003330	0.020593	-0.118294	0.040354	-0.068863	-0.042824	-0.076765	0.006187	-0.071970	-0.092769	-0.039895	-0.033662	-0.097961	-0.042941	-0.030043	-0.056425	0.027961	-0.082017	-0.005698	-0.107319	0.001556	-0.026871	0.019606	-0.080028	
0.060451	0.050402	0.016562	0.031735	-0.002413	0.081397	-0.072544	0.023679	-0.023293	0.059286	0.021331	0.035565	-0.054405	-0.068515	-0.031573	0.041170	-0.008323	-0.040671	-0.083346	-0.039338	-0.058702	0.010945	-0.022289	0.003268	-0.026744	-0.047798	-0.012268	-0.037685	-0.037989	-0.033328	
0.063871	0.026150	0.001980	0.060198	-0.012217	0.014093	-0.014561	0.040704	-0.061998	-0.006636	-0.044704	-0.058203	-0.061869	0.009424	-0.005596	-0.013821	-0.008047	-0.052534	-0.040492	0.022621	-0.036820	-0.055424	-0.037766	-0.081863	-0.024453	-0.036140	-0.004924	-0.021852	0.015161	-0.074951	
0.124603	0.024972	-0.055466	-0.008717	-0.082302	-0.033628	-0.034518	0.029051	-0.109724	-0.046637	-0.060545	-0.042985	-0.015792	-0.036834	-0.042636	-0.009177	-0.004107	-0.021587	0.000831	-0.068519	0.009889	-0.124109	0.001924	-0.051472	-0.016313	-0.043865	0.052278	-0.024259	-0.010777	0.010037	
0.113750	0.024221	-0.024467	0.067230	-0.064879	0.061686	-0.046141	0.030207	-0.025462	-0.013565	-0.043513	-0.076639	-0.087994	-0.051184	-0.048569	-0.029730	-0.036400	0.017284	-0.055465	-0.045075	-0.027050	-0.048900	-0.082977	-0.107991	-0.022183	-0.064161	0.012420	-0.014244	0.003727	-0.034452	
0.057856	0.026150	0.001980	0.060198	0.011906	0.017369	-0.014561	-0.012333	-0.061998	-0.006636	-0.025145	-0.064850	-0.061869	0.052299	-0.005596	-0.013821	-0.040453	-0.052534	-0.019123	-0.001123	-0.036820	-0.022073	-0.026945	-0.022194	-0.024453	-0.033501	-0.004924	-0.021852	0.027161	-0.009483	
0.010148	0.024611	0.012259	0.021485	0.016700	0.023255	0.036654	0.060628	0.004799	0.038299	0.044655	0.000642	-0.015050	0.057770	0.016284	0.103602	0.017622	-0.012417	0.008364	0.026395	0.018008	0.017607	-0.016280	0.003449	-0.010523	-0.047542	-0.022605	-0.012000	-0.012355	-0.076778	
0.143713	0.006414	-0.117159	0.023070	-0.072512	0.009751	-0.067121	-0.041890	-0.060560	-0.032161	-0.097466	-0.032651	-0.049419	-0.082563	-0.018954	-0.055730	-0.019698	-0.016123	-0.001981	-0.120520	0.010505	-0.056882	-0.003461	-0.081360	-0.030090	-0.033366	0.028242	-0.032910	0.034367	-0.032664	
0.127491	0.050757	-0.010697	-0.059535	-0.088093	-0.029812	-0.103503	-0.007423	-0.045989	-0.010084	-0.043352	0.008073	-0.057153	-0.089336	-0.035900	-0.067442	-0.021520	-0.073845	0.050321	-0.117851	-0.046797	-0.076217	-0.008233	-0.071090	0.059427	-0.029355	0.097125	-0.033071	0.032465	-0.053273	
0.008305	0.002626	-0.009632	0.026425	-0.001170	-0.018268	0.011110	0.042795	-0.030180	0.005349	0.016797	0.025723	-0.005919	-0.010260	0.000445	0.048116	0.009913	-0.024975	0.046933	0.021097	0.001210	-0.015221	0.018048	0.023841	-0.019258	0.052729	0.006145	0.007028	-0.035048	-0.026890	
0.110608	0.043007	-0.065868	0.021181	-0.044277	-0.048348	-0.089685	0.000749	-0.073997	0.025622	-0.055287	-0.054797	-0.034879	-0.095463	-0.026132	0.030066	-0.015553	-0.025931	-0.001922	-0.089221	-0.065419	-0.119466	-0.062027	-0.033861	0.029301	-0.030407	0.069669	-0.084046	-0.035538	-0.058222	
0.152632	0.037912	-0.091101	-0.049188	-0.025170	-0.048348	-0.089685	0.000749	-0.069455	-0.042213	-0.054329	-0.054797	-0.034879	-0.095463	-0.026132	-0.092791	-0.015553	-0.025931	-0.001922	-0.089221	0.015771	-0.119466	0.036097	-0.109082	0.029301	-0.030407	0.133203	-0.008357	0.115201	-0.043335	
0.206827	-0.062533	-0.048245	-0.090409	-0.042473	-0.130145	0.029726	-0.155032	0.065175	-0.151756	-0.003094	-0.140754	0.032499	-0.065554	0.100743	-0.081747	0.038002	-0.046997	0.108360	-0.010213	0.107881	-0.010008	0.138578	0.100684	0.143322	0.070835	0.087936	0.086504	0.094982	0.163492	
0.006777	-0.002382	0.013585	0.053558	0.030719	-0.012479	-0.003666	0.002388	0.002344	0.011677	0.005599	-0.027369	-0.017559	0.022126	0.002837	0.025474	-0.042262	0.015606	-0.006162	0.019090	-0.001387	0.006610	-0.047386	-0.026642	-0.011306	-0.005469	-0.015548	-0.049243	0.007462	0.004240	
0.224383	-0.137646	-0.047318	-0.160653	0.021935	-0.124995	0.048720	-0.119141	0.052040	-0.088785	0.066455	-0.075406	0.072028	-0.032275	0.122375	-0.056470	0.137305	0.002683	0.145369	0.023943	0.158533	0.044868	0.068078	0.052193	0.132092	0.054462	0.018023	0.094185	0.115600	0.092614	
0.069890	0.036203	-0.033137	0.026253	-0.023449	0.107725	0.028520	0.074529	-0.000279	0.030858	-0.028869	-0.035324	-0.051928	-0.057713	-0.042636	-0.032530	-0.012217	-0.034953	-0.020298	0.006813	-0.050456	-0.015089	-0.039197	-0.024168	-0.026571	-0.043865	-0.017151	-0.030246	-0.010777	-0.026876	
0.055069	0.036538	-0.004858	0.054615	0.027455	0.000355	-0.029809	-0.011785	-0.000878	0.041046	-0.038087	-0.034067	-0.000889	0.000204	-0.006065	0.014534	-0.020480	0.061486	-0.039167	0.013340	-0.012149	-0.011921	-0.055859	-0.031098	-0.028572	-0.019414	-0.044356	-0.097639	0.015399	-0.048061	
0.020690	-0.022764	0.014400	-0.027496	0.024040	0.038759	0.007055	0.028636	-0.014635	0.062059	-0.005383	0.053152	0.005918	0.029597	0.022358	0.043524	-0.002178	-0.007466	-0.014126	0.053687	-0.035052	-0.007184	-0.024343	0.052340	-0.034294	-0.093760	0.023700	-0.036178	-0.011699	-0.086125	
0.138104	-0.008688	-0.078795	-0.060249	-0.090056	0.005392	-0.088010	-0.014226	-0.104491	-0.062334	-0.019642	-0.068553	-0.014844	-0.089109	0.000772	-0.145218	0.045327	-0.138671	0.059761	-0.083452	0.066274	-0.068093	0.036754	-0.045596	0.050035	-0.050235	0.061495	-0.069722	0.055761	-0.013637	
0.052234	0.039075	0.004628	-0.025150	0.035543	0.028944	-0.040089	-0.003328	-0.019427	-0.019552	-0.034033	0.026619	-0.028664	0.059903	0.017411	-0.019591	-0.025919	0.051229	-0.077735	-0.008448	-0.054960	-0.020903	0.001580	-0.005886	-0.024981	-0.042246	0.001863	-0.077495	-0.001406	0.010097	
0.165389	-0.032036	-0.091162	-0.121579	-0.050669	-0.081829	-0.060726	-0.081442	-0.037142	-0.025916	-0.075980	-0.079816	0.016937	-0.009292	-0.001481	-0.112044	0.018411	-0.037480	0.026671	-0.101445	0.110264	-0.109509	0.063915	-0.086080	0.099813	-0.063865	0.097533	0.010906	0.116249	-0.016690	
0.016066	-0.021083	0.014380	0.085790	0.000492	0.029774	-0.029802	0.046622	-0.019490	-0.045049	-0.001544	-0.040493	-0.005376	0.007558	0.013612	-0.029730	-0.013234	-0.032558	-0.055660	0.012249	-0.013190	-0.026389	-0.033032	-0.004569	-0.030806	-0.010787	0.012420	-0.012565	0.032123	-0.058244	
0.092464	0.079790	-0.027727	0.004386	0.017326	0.036245	0.005769	0.051822	-0.033742	0.046133	-0.008349	-0.050388	-0.071777	-0.043136	-0.016419	0.024168	0.035413	-0.035907	-0.000916	0.037811	-0.051240	-0.020906	-0.051098	-0.089406	0.012424	-0.065439	-0.031638	-0.009495	-0.014694	-0.058834	
0.049753	0.065075	-0.005946	0.015387	-0.027238	0.001666	-0.007195	0.083854	-0.044865	0.040445	-0.017646	0.037641	0.004284	0.033090	0.003261	0.047041	-0.010071	0.005315	-0.051755	0.020927	-0.042506	-0.007009	-0.041010	-0.089823	-0.021118	-0.030214	-0.002214	-0.002609	-0.018295	-0.034263	
0.187137	-0.103008	-0.058063	-0.096237	-0.066222	-0.131639	-0.082192	-0.129748	-0.044816	-0.134218	-0.001578	-0.114059	0.041448	-0.086812	0.040920	-0.215242	0.039031	-0.093651	0.114572	-0.068374	0.066240	-0.092245	0.094296	-0.028544	0.067332	0.052446	0.108252	0.048363	0.084203	0.054068	
0.027507	-0.001192	0.013413	-0.017771	-0.012713	0.031511	0.020964	0.010203	0.012551	0.029710	0.018600	-0.077959	-0.009531	-0.037612	-0.027773	0.059301	-0.018897	0.031434	-0.034499	0.041780	-0.021282	-0.031468	0.017248	0.017055	-0.048020	0.079540	-0.003498	0.019249	-0.015495	0.006352	
0.257871	-0.110521	0.020127	-0.154200	0.017234	-0.097488	0.113457	-0.053038	0.075369	-0.017596	0.050645	-0.065032	0.063545	0.042433	0.055921	0.070564	0.096832	-0.001228	0.150974	0.076352	0.026805	0.097228	0.042424	0.098637	0.065918	0.091568	-0.028642	0.164482	-0.038253	0.109086	
0.079150	0.032146	-0.006050	0.045027	0.008791	0.083135	-0.082920	-0.017382	-0.037661	0.084826	-0.006051	0.023629	-0.030912	-0.010264	-0.026756	-0.001700	-0.040204	-0.068937	-0.076158	-0.008504	-0.073407	-0.003967	-0.047805	-0.021060	-0.034155	-0.042246	-0.003498	-0.033488	-0.014095	-0.074743	
0.039631	0.034395	-0.027727	0.028723	-0.010627	0.020784	-0.029931	0.051822	-0.002600	0.022911	-0.008349	-0.050388	-0.031742	-0.043136	0.004065	0.075956	-0.029553	0.005891	-0.035202	0.037811	-0.058855	-0.025707	-0.042035	0.005795	-0.025122	-0.030787	-0.035073	-0.009495	0.036637	-0.032285	
0.033599	0.002626	0.001719	-0.013268	0.001353	-0.043991	-0.024696	0.042795	0.013077	-0.038897	0.012859	-0.038142	-0.005919	0.019069	0.000445	0.048116	0.009913	-0.024975	0.003560	0.005854	0.001210	0.010427	-0.008768	-0.042334	-0.019258	0.004163	0.002932	0.007028	-0.035048	-0.026890	
0.029475	-0.031854	0.002774	0.025952	0.045050	0.027060	0.006983	0.028013	0.017222	0.003572	-0.009203	0.027855	-0.021944	-0.059195	0.012519	-0.030781	0.012829	0.036729	-0.029730	-0.022463	-0.043263	-0.009098	-0.048598	-0.058519	-0.009756	-0.066464	-0.039999	-0.000355	-0.033582	-0.050763	
0.161340	-0.021446	-0.108108	-0.001729	-0.128252	-0.024416	-0.089685	-0.050308	-0.069455	-0.042213	0.003301	-0.071755	-0.002675	-0.019769	-0.007358	-0.168082	0.023046	-0.111584	0.090945	-0.127878	0.015771	-0.119466	0.086990	-0.047357	0.060460	-0.057969	0.081420	0.005079	0.050279	0.022947	
0.094799	0.033430	-0.035592	0.019227	-0.045795	0.016432	-0.024696	-0.004270	0.047673	0.033047	-0.039566	0.025102	-0.049267	-0.024716	0.000445	-0.015900	0.009913	-0.040793	-0.009633	-0.010325	-0.041970	-0.024716	-0.008768	-0.042334	-0.031161	-0.051795	0.040913	-0.007097	-0.014803	-0.027692	
0.011582	-0.014995	0.007906	0.021485	0.009403	-0.002219	-0.011792	0.003557	0.020251	-0.000949	0.008344	-0.008602	-0.001992	0.004035	0.024321	0.039354	0.032689	0.038727	0.010199	0.010997	0.021367	-0.007106	-0.039466	0.005440	-0.027737	-0.064054	0.012149	-0.008140	-0.008149	-0.046249	
0.031215	0.045051	-0.007532	0.007348	0.029852	-0.000628	0.043144	0.024696	-0.025021	0.052494	-0.007104	0.034120	-0.014602	-0.018388	-0.008909	0.023773	-0.013149	-0.035284	-0.003992	0.012042	0.015265	0.007919	-0.011715	-0.018276	-0.030598	-0.026434	-0.053196	-0.026381	-0.009413	-0.081708	
0.035388	0.041082	0.012815	0.054615	0.031015	0.038297	-0.029809	-0.053040	0.038783	0.036934	-0.002840	0.024721	0.017544	0.000204	0.024050	-0.041958	-0.055611	0.020313	0.012261	0.024396	-0.021971	0.023014	-0.022702	0.012243	-0.033741	-0.019414	-0.044356	0.029437	-0.002202	-0.015974	
0.252516	-0.089990	-0.033308	-0.119276	0.072165	-0.041355	0.141276	-0.084190	0.030273	-0.108468	0.078761	-0.002082	0.110403	-0.000698	0.138128	-0.043996	0.134032	-0.001228	0.169969	0.099158	0.141065	0.074242	0.028369	0.072903	0.147366	0.081350	-0.071534	0.177737	0.081626	0.168574	
0.042400	0.020748	-0.019643	0.021485	-0.023763	0.079308	0.011307	0.047090	0.039698	0.019763	-0.011215	-0.008602	-0.003048	-0.043228	-0.032620	0.013238	0.005112	-0.050722	0.006801	-0.003718	-0.023897	-0.011588	-0.048439	-0.085948	-0.030218	-0.050726	-0.000748	-0.034623	-0.009085	-0.016208	
0.082087	0.115346	0.008744	0.049526	-0.041016	0.024098	-0.028810	0.088386	-0.032352	0.018749	-0.060545	0.073342	-0.051928	-0.040111	-0.042636	0.012286	-0.076470	0.042393	-0.020298	-0.091581	0.015618	-0.015089	-0.040211	-0.013156	-0.050680	-0.008605	0.019719	-0.076852	-0.010777	-0.044880	
0.014328	0.020186	0.002774	0.023561	0.045050	0.027060	0.016436	0.084504	-0.003555	0.032176	0.021331	-0.037139	0.016329	0.038677	0.012519	0.047280	0.012829	-0.040671	-0.025201	-0.010480	-0.043776	-0.039936	-0.073216	-0.011556	0.000458	-0.047798	-0.015505	0.006508	-0.033582	-0.033328	
0.037582	0.050165	0.013156	-0.011046	-0.030425	0.032871	0.020964	0.003215	-0.005186	-0.000753	-0.022408	0.034168	-0.008813	0.075737	-0.016242	0.041026	-0.034860	-0.008291	0.004437	-0.007098	-0.035372	-0.026397	-0.047805	-0.022892	-0.018994	0.000963	-0.003498	-0.035395	0.013009	-0.001078	
0.232814	-0.144298	-0.032912	-0.137651	0.042322	-0.121125	0.104465	-0.112326	0.045950	-0.053490	0.077535	-0.022126	0.066243	-0.054066	0.137812	-0.041724	0.134742	0.014477	0.107545	0.050498	0.134740	0.073636	0.094586	0.088544	0.114318	0.062396	0.026294	0.122226	0.128322	0.099446	
0.024804	-0.028349	0.013585	0.017315	0.044713	0.018829	-0.018624	0.044305	-0.019122	0.011677	-0.035184	0.021826	-0.006704	0.066921	-0.047462	0.077899	-0.029886	-0.005011	-0.006162	0.021415	0.011585	-0.011003	-0.041723	-0.026642	0.025079	-0.005884	-0.023408	0.001356	0.002491	-0.041272	
0.200795	-0.062533	-0.048245	-0.090409	-0.042473	-0.154315	0.037598	-0.200558	0.053654	-0.154749	0.058364	-0.118100	0.032499	-0.070617	0.060959	-0.081747	0.038002	-0.105531	0.116630	-0.010213	0.083233	0.028883	0.140177	0.038876	0.078756	0.070835	0.102226	0.087818	0.094982	0.102400	
0.090568	0.066580	-0.011666	0.027761	0.009984	0.054824	-0.029809	-0.003217	-0.078876	0.060513	-0.038087	-0.034067	-0.000889	-0.000972	-0.084449	0.033781	-0.046476	-0.047321	-0.039167	-0.027549	-0.012149	-0.011921	-0.042926	-0.002037	-0.055260	-0.092119	-0.044356	-0.191078	-0.006629	-0.090461	
0.076298	0.032146	-0.006050	-0.001650	0.008791	0.032871	-0.003980	-0.017382	-0.037661	0.052739	-0.006051	0.023629	-0.030912	-0.010264	-0.026756	-0.033213	-0.040204	0.039366	-0.010278	-0.008504	-0.035372	-0.003967	-0.047805	-0.026955	-0.034155	-0.042246	-0.003498	-0.051257	-0.014095	-0.065254	
0.227559	-0.108638	-0.004692	-0.098748	0.040567	-0.130063	0.013337	-0.143027	0.056839	-0.144181	-0.014493	-0.154824	0.045297	-0.043270	0.164216	-0.092468	0.111984	-0.033999	0.125948	0.022225	0.137479	0.051504	0.088869	0.098251	0.110674	0.086096	0.072702	0.116588	0.137549	0.093016	
0.102635	0.034395	-0.027727	0.028723	0.033035	0.043184	-0.029931	0.051822	-0.002600	0.022911	-0.036576	-0.050388	-0.073605	-0.043136	-0.033256	0.029671	0.011658	-0.022594	-0.035202	0.050852	-0.054452	-0.025707	-0.042035	-0.069827	-0.025122	-0.041662	-0.048028	-0.009495	-0.001789	-0.032285	
0.083617	0.046845	-0.020700	0.043031	-0.055938	0.080543	0.036654	0.012829	-0.070168	0.020243	-0.002675	0.027748	-0.048603	-0.004189	-0.017988	0.012363	0.017622	-0.087482	-0.011159	-0.015394	0.004821	-0.075845	-0.016280	0.003449	-0.046135	-0.058185	-0.009234	-0.055904	-0.020442	-0.062924	
0.155217	-0.021446	-0.044887	0.043415	-0.128252	-0.024416	-0.089685	-0.050308	-0.069455	-0.091851	0.003301	-0.120623	-0.002675	-0.019769	-0.007358	-0.128666	0.023046	-0.073117	0.090945	-0.127878	0.015771	-0.127901	0.086990	-0.064453	0.060460	-0.057969	0.081420	0.005079	0.028520	-0.000303	
0.071961	0.028143	0.012079	0.028292	-0.022622	0.049020	-0.012558	0.012514	-0.012502	0.053952	-0.028831	0.012360	0.000699	0.014112	0.022912	-0.068219	-0.036366	0.021518	-0.050286	-0.029447	-0.053121	-0.011739	-0.001825	0.012888	-0.029408	-0.059386	-0.069821	-0.039680	-0.011415	-0.072442	
0.172552	-0.008688	-0.022994	-0.046976	-0.090056	-0.029221	-0.088010	-0.014226	-0.018543	-0.028578	-0.019642	-0.068553	-0.014844	-0.089109	0.003043	-0.166505	-0.001213	-0.094314	0.059761	-0.083452	0.105808	-0.068093	0.036754	-0.095193	0.061341	-0.072638	0.127854	-0.069722	0.121083	0.014552	
0.208684	-0.129097	-0.068585	-0.132011	-0.113724	-0.098177	0.034270	-0.137287	-0.031391	-0.096908	0.022897	-0.114399	0.011276	-0.117429	0.124696	-0.126809	0.103897	-0.056979	0.073488	-0.035277	0.117524	-0.012117	0.099120	0.054707	0.076603	-0.006584	0.102713	0.089339	0.174312	0.042204	
0.158683	-0.022751	-0.075311	0.005980	-0.078048	0.010404	-0.115706	-0.104218	-0.089062	0.026361	-0.090501	-0.064187	-0.049530	-0.101782	0.015658	-0.166767	0.009441	-0.058428	-0.002904	-0.078799	0.030045	-0.078171	0.081437	-0.036626	0.030100	-0.033651	0.059035	-0.043892	0.098996	-0.034191	
0.202709	-0.053866	-0.090113	-0.127595	-0.046636	-0.084104	-0.067377	-0.145001	0.042398	-0.135820	-0.005627	-0.127022	0.038877	-0.029199	0.071969	-0.065478	0.067405	-0.059456	0.082117	-0.024727	0.119119	-0.076929	0.102059	0.035796	0.077714	0.064208	0.043920	0.044464	0.095266	0.036128	
0.142292	0.086029	-0.043894	-0.023745	-0.072527	0.034531	-0.121956	0.001879	-0.062030	-0.033948	-0.045616	0.001436	-0.011579	-0.065867	-0.038915	-0.026526	-0.043424	-0.053315	-0.013390	-0.114987	0.045607	-0.045639	0.012951	-0.041103	0.022017	-0.037668	0.064416	-0.072166	0.077654	-0.051754	
0.257871	-0.128536	-0.001076	-0.154200	0.015801	-0.113449	0.113457	-0.052626	0.075369	-0.111412	0.050645	-0.065032	0.095310	-0.051725	0.123106	0.048296	0.101145	-0.001228	0.150974	0.076352	0.119491	0.102675	0.042424	0.095305	0.091853	0.091568	-0.028642	0.107890	-0.038253	0.029847	
0.021994	-0.031459	-0.011713	-0.014637	0.014485	-0.002052	-0.030827	0.073381	-0.040701	-0.028512	-0.009917	-0.008602	-0.000391	-0.046831	0.012218	0.013238	0.020052	-0.000897	-0.020733	-0.003718	0.007390	-0.041397	-0.007122	0.003449	-0.013928	-0.050332	0.052595	-0.029925	0.017840	-0.067585	
0.002661	0.055678	-0.004485	-0.022102	0.009107	0.032871	0.032641	0.003215	0.019644	-0.051031	-0.006108	-0.008241	0.024861	-0.022482	0.017411	0.051944	-0.022922	-0.008291	-0.072225	0.013742	-0.024797	0.037635	0.001580	-0.019784	-0.011443	0.038649	-0.003498	-0.027957	-0.001406	0.033137	
0.211999	-0.075449	0.004730	-0.147202	-0.058110	-0.133051	0.016897	-0.142633	0.045885	-0.141868	0.032352	-0.099653	0.031605	-0.057593	0.071309	-0.082038	0.134677	-0.031789	0.114132	-0.017999	0.073932	0.035495	0.158494	0.082871	0.106394	0.044359	0.062736	0.102521	0.064879	0.118784	
0.013006	-0.089912	0.002774	0.020448	0.045050	0.027060	0.006983	0.028013	0.017222	-0.018670	-0.035486	0.027855	0.016329	0.038677	0.012519	-0.030781	0.012829	0.036729	0.006800	0.029910	-0.043263	-0.004398	-0.048598	-0.058519	0.000458	-0.020014	-0.039999	-0.002942	-0.033582	-0.092816	
0.106738	0.032146	-0.006050	0.044875	-0.018049	0.060071	-0.121867	-0.018787	-0.084785	0.035731	-0.037867	-0.026963	-0.095634	-0.010264	-0.051983	-0.033213	-0.064325	-0.032519	-0.010278	-0.008504	-0.036161	-0.060147	-0.047805	-0.072133	-0.005635	-0.025422	0.025262	-0.071441	-0.027790	-0.074526	
0.189393	-0.066659	-0.074695	-0.145092	-0.076782	-0.044887	-0.118568	-0.059746	-0.008275	-0.124364	0.032352	-0.113744	0.031605	-0.138820	0.030346	-0.022620	0.081110	-0.031789	0.114132	-0.013007	0.083132	0.035495	0.120745	0.026299	0.077868	0.045268	0.104845	-0.003690	0.064879	0.057830	
0.173439	-0.104009	-0.067215	-0.045514	-0.129612	-0.089960	-0.023390	-0.133545	-0.061529	-0.092696	-0.061506	-0.112146	0.004960	-0.098867	0.074544	-0.118366	0.079347	-0.115916	0.080523	-0.043004	0.055605	-0.014082	0.088292	-0.045249	0.082686	-0.046034	0.122011	0.000885	0.165532	0.025628	
0.099474	0.115346	-0.033137	0.049526	-0.019578	0.084005	-0.034518	0.088386	-0.074618	0.018749	-0.060545	0.073342	-0.051928	0.004298	-0.042636	-0.009177	-0.076470	-0.018717	-0.020298	-0.091581	-0.055888	-0.015089	-0.040211	-0.013156	-0.046948	-0.043865	-0.017151	-0.090796	-0.010777	-0.026876	
0.044476	0.036203	0.047205	0.026253	0.000868	0.037948	0.006191	0.074529	0.010515	0.030858	-0.013459	0.028629	-0.055540	-0.064204	-0.015230	0.058516	-0.004046	0.019179	-0.013384	-0.062792	-0.057699	0.005024	0.009593	0.026463	-0.026571	-0.042802	-0.022463	-0.030246	-0.020626	-0.092778	
0.046932	0.036994	0.018065	0.017319	0.003805	0.041409	0.014932	-0.001386	0.004208	0.066198	0.017818	0.087921	-0.014134	0.052299	0.030441	0.044426	-0.037802	0.005817	0.016845	0.044302	-0.020994	-0.025189	-0.075668	-0.018677	-0.051370	-0.039044	-0.044356	-0.076696	0.018749	-0.017848	
0.002661	0.088969	0.013156	0.042286	-0.030425	0.032871	0.020964	0.003215	-0.012603	0.041472	-0.022408	0.034168	-0.027824	0.012408	-0.010994	0.051944	-0.015796	-0.008291	0.004437	-0.001273	0.000863	0.037635	-0.030424	-0.022892	-0.018994	0.000963	-0.003498	-0.019055	-0.031596	-0.060844	
0.023798	-0.039679	0.018713	0.055144	-0.002765	-0.002052	0.036654	0.095278	-0.032865	0.021242	-0.011215	-0.024548	-0.003048	-0.004189	0.023011	0.013238	0.002194	0.030946	0.006801	-0.003718	-0.023897	-0.011588	-0.037504	0.034065	-0.027026	-0.042729	0.013031	0.002954	0.004401	-0.112570	
0.099474	0.024972	0.012572	0.049526	-0.012049	-0.003968	-0.034518	0.029051	0.038559	0.012639	-0.060545	-0.013748	-0.051928	-0.041609	-0.042636	-0.009177	0.012099	-0.021587	0.000831	-0.014520	-0.036392	-0.017049	-0.040211	-0.051472	-0.027527	-0.043865	-0.017151	-0.090796	-0.010777	-0.040914	
0.229755	-0.085122	0.046437	-0.124082	0.072165	-0.226270	-0.026463	-0.029957	0.030273	-0.108468	0.067619	-0.112710	0.102789	-0.125910	0.091427	-0.041877	0.049041	-0.037263	0.127808	0.035878	0.129959	0.051254	0.150663	0.078542	0.105229	0.128056	0.084199	0.080330	0.149165	0.168574	
0.074658	-0.006976	-0.033137	0.026253	-0.023449	0.107725	-0.008430	0.046163	-0.040613	0.041004	-0.028869	-0.035324	-0.051928	0.012934	0.020712	0.043391	-0.041894	0.073263	-0.050895	-0.004861	-0.019195	-0.015089	-0.039197	-0.024168	-0.026571	-0.043865	-0.037777	-0.030246	-0.010777	-0.026876	
0.106076	0.020230	-0.062211	0.073615	-0.069224	0.042079	-0.050218	0.065412	-0.041300	0.008115	-0.072518	-0.020287	-0.018357	-0.093287	-0.002061	-0.005868	-0.029165	0.004147	-0.017945	-0.001055	-0.054395	-0.040881	0.018558	-0.091968	-0.015191	-0.048834	0.035633	0.032343	-0.012436	-0.075782	
0.120984	-0.035746	-0.002272	0.052146	-0.072527	0.029120	-0.125296	0.019381	-0.081691	0.028976	-0.076064	-0.056441	-0.064754	-0.006401	0.029572	-0.026972	-0.000524	0.011750	-0.003227	-0.020792	-0.028576	-0.041719	-0.006939	-0.086987	-0.012471	-0.086799	0.030073	-0.036399	0.019154	-0.014697	
0.086416	0.036845	0.022322	0.027027	-0.027525	0.027938	-0.021356	0.072491	-0.030561	0.065963	-0.008215	0.003689	-0.059389	-0.010422	-0.024513	-0.010187	-0.041137	0.052689	-0.071320	0.001621	-0.067611	-0.040268	-0.085227	-0.038782	-0.016300	-0.079108	-0.031387	-0.030246	-0.027124	-0.067730	
0.046460	0.075732	-0.019643	0.033844	-0.017751	0.079308	0.011307	-0.002143	-0.050998	0.019763	-0.011215	0.047881	-0.003048	-0.043228	-0.032620	0.013238	0.005112	-0.115202	-0.013566	-0.012091	-0.023897	-0.011588	0.003293	-0.023450	-0.030218	-0.050726	-0.000748	0.001240	-0.021756	-0.071352	
0.088030	0.050165	0.013156	-0.011046	0.015152	0.032871	0.020964	0.024311	-0.005186	-0.000753	-0.030034	-0.041048	-0.008813	-0.121443	-0.070133	0.041026	-0.007486	-0.017754	0.004437	-0.007098	-0.035372	-0.021817	-0.019278	-0.046297	0.008810	0.000963	-0.003498	-0.097614	0.013009	-0.062519	
0.120984	0.014337	-0.002272	0.101718	-0.072527	0.003230	-0.119680	-0.061015	-0.082555	-0.004844	-0.076064	-0.072857	-0.064754	-0.006401	-0.031504	-0.078998	-0.000652	0.011750	-0.007926	-0.034419	-0.028576	-0.064259	-0.006939	-0.056547	-0.012471	-0.086799	0.061213	-0.040098	0.019154	-0.014697	
