0.742101	-2.000000	-2.000000	-2.000000	-2.000000	-2.000000	-2.000000	-2.000000	-2.000000	-2.000000	-2.000000	-2.000000	-2.000000	-2.000000	-2.000000	-2.000000	2.000000	2.000000	2.000000	2.000000	2.000000	2.000000	2.000000	2.000000	2.000000	2.000000	2.000000	2.000000	2.000000	2.000000	
0.651345	0.000000	0.000000	-2.000000	-2.000000	-2.000000	-2.000000	-2.000000	-2.000000	-2.000000	-2.000000	-2.000000	-2.000000	-2.000000	-2.000000	-2.000000	-2.000000	-2.000000	-2.000000	-2.000000	-2.000000	-2.000000	-2.000000	-2.000000	-2.000000	-2.000000	-2.000000	-2.000000	-2.000000	-2.000000	
0.719499	-2.000000	-2.000000	-2.000000	-2.000000	-2.000000	-2.000000	-2.000000	-2.000000	-2.000000	-2.000000	-2.000000	-2.000000	-2.000000	-2.000000	-2.000000	-2.000000	-2.000000	-2.000000	-2.000000	2.000000	2.000000	2.000000	2.000000	2.000000	2.000000	2.000000	2.000000	2.000000	2.000000	
0.643932	2.000000	2.000000	2.000000	-2.000000	-2.000000	-2.000000	-2.000000	-2.000000	-2.000000	-2.000000	-2.000000	-2.000000	-2.000000	-2.000000	-2.000000	-2.000000	-2.000000	-2.000000	-2.000000	-2.000000	-2.000000	-2.000000	-2.000000	-2.000000	-2.000000	-2.000000	-2.000000	-2.000000	-2.000000	
0.000000	-2.000000	2.000000	-2.000000	-2.000000	-2.000000	-2.000000	-2.000000	2.000000	0.000000	-2.000000	-2.000000	-2.000000	-2.000000	-2.000000	-2.000000	-2.000000	-2.000000	-2.000000	-2.000000	-2.000000	-2.000000	-2.000000	2.000000	-2.000000	-2.000000	-2.000000	2.000000	-2.000000	2.000000	
0.000000	-2.000000	0.000000	0.000000	-2.000000	-2.000000	-2.000000	-2.000000	2.000000	-2.000000	-2.000000	-2.000000	-2.000000	-2.000000	-2.000000	-2.000000	-2.000000	-2.000000	-2.000000	-2.000000	-2.000000	-2.000000	-2.000000	-2.000000	-2.000000	-2.000000	0.000000	0.000000	0.000000	0.000000	
0.935916	2.000000	2.000000	2.000000	2.000000	2.000000	2.000000	2.000000	2.000000	2.000000	2.000000	-0.020372	-2.000000	-2.000000	-2.000000	-2.000000	-2.000000	-2.000000	-2.000000	-2.000000	-2.000000	-2.000000	-2.000000	-2.000000	-2.000000	-2.000000	-2.000000	-2.000000	-2.000000	-2.000000	
0.910188	2.000000	2.000000	2.000000	2.000000	2.000000	2.000000	2.000000	2.000000	2.000000	2.000000	2.000000	2.000000	2.000000	2.000000	0.000000	-2.000000	-2.000000	-2.000000	-2.000000	-2.000000	-2.000000	-2.000000	-2.000000	-2.000000	-2.000000	-2.000000	-2.000000	-2.000000	-2.000000	
0.474494	-2.000000	-2.000000	0.000000	0.000000	2.000000	2.000000	2.000000	2.000000	2.000000	2.000000	2.000000	2.000000	2.000000	2.000000	2.000000	2.000000	2.000000	2.000000	2.000000	2.000000	2.000000	2.000000	2.000000	2.000000	2.000000	2.000000	2.000000	2.000000	2.000000	
0.139221	-2.000000	-2.000000	-2.000000	2.000000	2.000000	2.000000	2.000000	2.000000	2.000000	2.000000	2.000000	2.000000	2.000000	2.000000	2.000000	2.000000	2.000000	2.000000	2.000000	2.000000	2.000000	2.000000	2.000000	2.000000	2.000000	2.000000	2.000000	2.000000	2.000000	
0.531007	2.000000	2.000000	2.000000	2.000000	2.000000	2.000000	2.000000	2.000000	2.000000	2.000000	2.000000	2.000000	2.000000	2.000000	2.000000	2.000000	2.000000	2.000000	2.000000	2.000000	2.000000	2.000000	0.000000	0.000000	-2.000000	-2.000000	-2.000000	-2.000000	-2.000000	
0.167946	2.000000	2.000000	2.000000	2.000000	2.000000	2.000000	2.000000	2.000000	2.000000	2.000000	2.000000	2.000000	2.000000	2.000000	2.000000	2.000000	2.000000	2.000000	2.000000	2.000000	2.000000	2.000000	2.000000	2.000000	2.000000	2.000000	2.000000	2.000000	0.001865	
0.468754	-2.000000	-2.000000	-2.000000	0.000000	0.000000	2.000000	2.000000	2.000000	2.000000	2.000000	2.000000	2.000000	2.000000	2.000000	2.000000	2.000000	2.000000	2.000000	2.000000	2.000000	2.000000	2.000000	2.000000	2.000000	2.000000	2.000000	2.000000	2.000000	2.000000	
0.930720	2.000000	2.000000	2.000000	2.000000	2.000000	2.000000	2.000000	2.000000	2.000000	2.000000	-0.020372	-2.000000	-2.000000	-2.000000	-2.000000	-2.000000	-2.000000	-2.000000	-2.000000	-2.000000	-2.000000	-2.000000	-2.000000	-2.000000	-2.000000	-2.000000	-2.000000	-2.000000	-2.000000	
0.799088	-2.000000	-2.000000	-2.000000	-2.000000	0.000000	2.000000	2.000000	2.000000	2.000000	2.000000	2.000000	2.000000	2.000000	2.000000	2.000000	2.000000	2.000000	2.000000	2.000000	2.000000	2.000000	2.000000	2.000000	2.000000	2.000000	2.000000	2.000000	2.000000	2.000000	
0.906221	2.000000	2.000000	2.000000	2.000000	2.000000	2.000000	2.000000	2.000000	2.000000	2.000000	2.000000	2.000000	2.000000	2.000000	2.000000	-2.000000	0.038389	-2.000000	-2.000000	-2.000000	-2.000000	-2.000000	-2.000000	-2.000000	-2.000000	-2.000000	-2.000000	-2.000000	-2.000000	
0.139221	-2.000000	-2.000000	0.000000	0.000000	2.000000	2.000000	2.000000	2.000000	2.000000	2.000000	2.000000	2.000000	2.000000	2.000000	2.000000	2.000000	2.000000	2.000000	2.000000	2.000000	2.000000	2.000000	2.000000	2.000000	2.000000	2.000000	2.000000	2.000000	2.000000	
0.657099	-2.000000	-2.000000	-2.000000	-2.000000	-2.000000	-2.000000	-2.000000	-2.000000	-2.000000	-2.000000	-2.000000	-2.000000	-2.000000	-2.000000	-2.000000	-2.000000	-2.000000	-2.000000	-2.000000	-2.000000	-2.000000	-2.000000	-2.000000	-2.000000	-2.000000	-2.000000	-2.000000	-2.000000	-2.000000	
0.601170	2.000000	2.000000	2.000000	2.000000	2.000000	2.000000	2.000000	2.000000	2.000000	2.000000	-0.020372	-2.000000	-2.000000	-2.000000	-2.000000	-2.000000	-2.000000	-2.000000	-2.000000	-2.000000	-2.000000	-2.000000	-2.000000	-2.000000	-2.000000	-2.000000	-2.000000	-2.000000	-2.000000	
0.596175	2.000000	2.000000	2.000000	2.000000	2.000000	2.000000	2.000000	2.000000	2.000000	2.000000	-0.020372	0.000000	-2.000000	-2.000000	-2.000000	-2.000000	-2.000000	-2.000000	-2.000000	-2.000000	-2.000000	-2.000000	-2.000000	-2.000000	-2.000000	-2.000000	-2.000000	-2.000000	-2.000000	
0.460155	-2.000000	-2.000000	-2.000000	2.000000	-2.000000	0.000000	2.000000	2.000000	2.000000	2.000000	2.000000	2.000000	2.000000	2.000000	2.000000	2.000000	2.000000	2.000000	2.000000	2.000000	2.000000	2.000000	2.000000	2.000000	2.000000	2.000000	2.000000	2.000000	2.000000	
0.314147	2.000000	0.000000	0.000000	-2.000000	-2.000000	-2.000000	-2.000000	-2.000000	-2.000000	-2.000000	-2.000000	-2.000000	-2.000000	-2.000000	-2.000000	-2.000000	-2.000000	-2.000000	-2.000000	-2.000000	-2.000000	-2.000000	-2.000000	-2.000000	-2.000000	-2.000000	-2.000000	-2.000000	-2.000000	
0.807595	-2.000000	-2.000000	0.000000	0.000000	2.000000	2.000000	2.000000	2.000000	2.000000	2.000000	2.000000	2.000000	2.000000	2.000000	2.000000	2.000000	2.000000	2.000000	2.000000	2.000000	2.000000	2.000000	2.000000	2.000000	2.000000	2.000000	2.000000	2.000000	2.000000	
0.834148	2.000000	2.000000	2.000000	2.000000	2.000000	2.000000	2.000000	2.000000	2.000000	2.000000	2.000000	2.000000	2.000000	2.000000	2.000000	2.000000	2.000000	2.000000	2.000000	2.000000	2.000000	2.000000	2.000000	2.000000	2.000000	2.000000	2.000000	2.000000	0.001865	
0.324721	2.000000	-2.000000	-2.000000	-2.000000	-2.000000	-2.000000	-2.000000	-2.000000	-2.000000	-2.000000	-2.000000	-2.000000	-2.000000	-2.000000	-2.000000	-2.000000	-2.000000	-2.000000	-2.000000	-2.000000	-2.000000	-2.000000	-2.000000	-2.000000	-2.000000	-2.000000	-2.000000	-2.000000	-2.000000	
0.749968	-2.000000	-2.000000	-2.000000	-2.000000	-2.000000	-2.000000	-2.000000	-2.000000	-2.000000	-2.000000	-2.000000	-2.000000	0.000000	0.000000	2.000000	2.000000	2.000000	2.000000	2.000000	2.000000	2.000000	2.000000	2.000000	2.000000	2.000000	2.000000	2.000000	2.000000	2.000000	
0.841596	2.000000	2.000000	2.000000	2.000000	2.000000	2.000000	2.000000	2.000000	2.000000	2.000000	2.000000	2.000000	2.000000	2.000000	2.000000	2.000000	2.000000	2.000000	2.000000	2.000000	2.000000	2.000000	2.000000	2.000000	2.000000	2.000000	2.000000	-2.000000	-2.000000	
0.627534	2.000000	2.000000	2.000000	2.000000	2.000000	2.000000	-2.000000	-2.000000	-2.000000	-2.000000	-2.000000	-2.000000	-2.000000	-2.000000	-2.000000	-2.000000	-2.000000	-2.000000	-2.000000	-2.000000	-2.000000	-2.000000	-2.000000	-2.000000	-2.000000	-2.000000	-2.000000	-2.000000	-2.000000	
0.304665	2.000000	2.000000	2.000000	0.000000	-2.000000	-2.000000	-2.000000	-2.000000	-2.000000	-2.000000	-2.000000	-2.000000	-2.000000	-2.000000	-2.000000	-2.000000	-2.000000	-2.000000	-2.000000	-2.000000	-2.000000	-2.000000	-2.000000	-2.000000	-2.000000	-2.000000	-2.000000	-2.000000	-2.000000	
0.220789	2.000000	2.000000	2.000000	2.000000	2.000000	2.000000	2.000000	2.000000	2.000000	2.000000	2.000000	2.000000	2.000000	2.000000	2.000000	2.000000	2.000000	2.000000	0.000000	-2.000000	-2.000000	-2.000000	-2.000000	-2.000000	-2.000000	-2.000000	-2.000000	-2.000000	-2.000000	
0.637860	2.000000	2.000000	2.000000	0.000000	-2.000000	-2.000000	-2.000000	-2.000000	-2.000000	-2.000000	-2.000000	-2.000000	-2.000000	-2.000000	-2.000000	-2.000000	-2.000000	-2.000000	-2.000000	-2.000000	-2.000000	-2.000000	-2.000000	-2.000000	-2.000000	-2.000000	-2.000000	-2.000000	-2.000000	
0.392362	-2.000000	-2.000000	-2.000000	-2.000000	-2.000000	-2.000000	-2.000000	-2.000000	-2.000000	-2.000000	-2.000000	-2.000000	-2.000000	-2.000000	-2.000000	-2.000000	-2.000000	-2.000000	0.000000	2.000000	2.000000	2.000000	2.000000	2.000000	2.000000	2.000000	2.000000	2.000000	2.000000	
0.829084	2.000000	2.000000	2.000000	2.000000	2.000000	2.000000	2.000000	2.000000	2.000000	2.000000	2.000000	2.000000	2.000000	2.000000	2.000000	2.000000	2.000000	2.000000	2.000000	2.000000	2.000000	2.000000	2.000000	2.000000	2.000000	2.000000	2.000000	2.000000	2.000000	
0.876589	2.000000	2.000000	2.000000	2.000000	2.000000	2.000000	2.000000	2.000000	2.000000	2.000000	2.000000	2.000000	2.000000	2.000000	2.000000	2.000000	2.000000	2.000000	2.000000	2.000000	2.000000	0.000000	-2.000000	-2.000000	-2.000000	-2.000000	-2.000000	-2.000000	-2.000000	
0.849610	2.000000	2.000000	2.000000	2.000000	2.000000	2.000000	2.000000	2.000000	2.000000	2.000000	2.000000	2.000000	2.000000	2.000000	2.000000	2.000000	2.000000	2.000000	2.000000	2.000000	2.000000	2.000000	2.000000	2.000000	2.000000	0.000000	-2.000000	-2.000000	-2.000000	
0.294083	2.000000	2.000000	2.000000	2.000000	2.000000	0.000000	-2.000000	-2.000000	-2.000000	-2.000000	-2.000000	-2.000000	-2.000000	-2.000000	-2.000000	-2.000000	-2.000000	-2.000000	-2.000000	-2.000000	-2.000000	-2.000000	-2.000000	-2.000000	-2.000000	-2.000000	-2.000000	-2.000000	-2.000000	
0.872531	2.000000	2.000000	2.000000	2.000000	2.000000	2.000000	2.000000	2.000000	2.000000	2.000000	2.000000	2.000000	2.000000	2.000000	2.000000	2.000000	2.000000	2.000000	2.000000	2.000000	2.000000	0.000000	-2.000000	-2.000000	-2.000000	-2.000000	-2.000000	-2.000000	-2.000000	
0.918136	2.000000	2.000000	2.000000	2.000000	2.000000	2.000000	2.000000	2.000000	2.000000	2.000000	2.000000	2.000000	2.000000	0.000000	-2.000000	-2.000000	-2.000000	-2.000000	-2.000000	-2.000000	-2.000000	-2.000000	-2.000000	-2.000000	-2.000000	-2.000000	-2.000000	-2.000000	-2.000000	
0.619882	2.000000	2.000000	2.000000	2.000000	2.000000	2.000000	0.000000	0.000000	-2.000000	-2.000000	-2.000000	-2.000000	-2.000000	-2.000000	-2.000000	-2.000000	-2.000000	-2.000000	-2.000000	-2.000000	-2.000000	-2.000000	-2.000000	-2.000000	-2.000000	-2.000000	-2.000000	-2.000000	-2.000000	
0.539879	2.000000	2.000000	2.000000	2.000000	2.000000	2.000000	2.000000	2.000000	2.000000	2.000000	2.000000	2.000000	2.000000	2.000000	2.000000	2.000000	2.000000	2.000000	2.000000	2.000000	2.000000	0.000000	-2.000000	-2.000000	-2.000000	-2.000000	-2.000000	-2.000000	-2.000000	
0.816619	-2.000000	0.000000	-2.000000	2.000000	2.000000	2.000000	2.000000	2.000000	2.000000	2.000000	2.000000	2.000000	2.000000	2.000000	2.000000	2.000000	2.000000	2.000000	2.000000	2.000000	2.000000	2.000000	2.000000	2.000000	2.000000	2.000000	2.000000	2.000000	2.000000	
0.816619	-2.000000	0.000000	-2.000000	2.000000	2.000000	2.000000	2.000000	2.000000	2.000000	2.000000	2.000000	2.000000	2.000000	2.000000	2.000000	2.000000	2.000000	2.000000	2.000000	2.000000	2.000000	2.000000	2.000000	2.000000	2.000000	2.000000	2.000000	2.000000	2.000000	
0.820883	0.000000	2.000000	2.000000	2.000000	2.000000	2.000000	2.000000	2.000000	2.000000	2.000000	2.000000	2.000000	2.000000	2.000000	2.000000	2.000000	2.000000	2.000000	2.000000	2.000000	2.000000	2.000000	2.000000	2.000000	2.000000	2.000000	2.000000	2.000000	2.000000	
0.183339	2.000000	2.000000	2.000000	2.000000	2.000000	2.000000	2.000000	2.000000	2.000000	2.000000	2.000000	2.000000	2.000000	2.000000	2.000000	2.000000	2.000000	2.000000	2.000000	2.000000	2.000000	2.000000	2.000000	2.000000	2.000000	0.001008	-2.000000	-2.000000	-2.000000	
0.577961	2.000000	2.000000	2.000000	2.000000	2.000000	2.000000	2.000000	2.000000	2.000000	2.000000	2.000000	2.000000	-2.000000	2.000000	-2.000000	-2.000000	-2.000000	-2.000000	-2.000000	-2.000000	-2.000000	-2.000000	-2.000000	-2.000000	-2.000000	-2.000000	-2.000000	-2.000000	-2.000000	
0.475349	-2.000000	2.000000	0.000000	0.000000	2.000000	2.000000	2.000000	2.000000	2.000000	2.000000	2.000000	2.000000	2.000000	2.000000	2.000000	2.000000	2.000000	2.000000	2.000000	2.000000	2.000000	2.000000	2.000000	2.000000	2.000000	2.000000	2.000000	2.000000	2.000000	
0.359313	-2.000000	-2.000000	-2.000000	-2.000000	-2.000000	-2.000000	-2.000000	-2.000000	-2.000000	-2.000000	-2.000000	-2.000000	-2.000000	-2.000000	-2.000000	-2.000000	-2.000000	-2.000000	-2.000000	-2.000000	-2.000000	-2.000000	-2.000000	0.000000	2.000000	2.000000	2.000000	2.000000	2.000000	
0.899171	2.000000	2.000000	2.000000	2.000000	2.000000	2.000000	2.000000	2.000000	2.000000	2.000000	2.000000	2.000000	2.000000	2.000000	2.000000	2.000000	0.038389	-2.000000	-2.000000	-2.000000	-2.000000	-2.000000	-2.000000	-2.000000	-2.000000	-2.000000	-2.000000	-2.000000	-2.000000	
0.664045	-2.000000	-2.000000	-2.000000	-2.000000	-2.000000	-2.000000	-2.000000	-2.000000	-2.000000	-2.000000	-2.000000	-2.000000	-2.000000	-2.000000	-2.000000	-2.000000	-2.000000	-2.000000	-2.000000	-2.000000	-2.000000	-2.000000	-2.000000	-2.000000	-2.000000	-2.000000	-2.000000	-2.000000	0.000000	
0.727316	-2.000000	-2.000000	-2.000000	-2.000000	-2.000000	-2.000000	-2.000000	-2.000000	-2.000000	-2.000000	-2.000000	-2.000000	-2.000000	-2.000000	-2.000000	-2.000000	-2.000000	0.000000	2.000000	2.000000	2.000000	2.000000	2.000000	2.000000	2.000000	2.000000	2.000000	2.000000	2.000000	
0.715976	-2.000000	-2.000000	-2.000000	-2.000000	-2.000000	-2.000000	-2.000000	-2.000000	-2.000000	-2.000000	-2.000000	-2.000000	-2.000000	-2.000000	-2.000000	-2.000000	-2.000000	-2.000000	2.000000	0.000000	2.000000	2.000000	2.000000	2.000000	2.000000	2.000000	2.000000	2.000000	2.000000	
1.000000	-2.000000	-2.000000	-2.000000	-2.000000	-2.000000	0.000000	-2.000000	-2.000000	-2.000000	-2.000000	-1.010186	-2.000000	-2.000000	-2.000000	-2.000000	-2.000000	-2.000000	-2.000000	-2.000000	0.000000	-2.000000	-2.000000	-2.000000	-2.000000	-2.000000	-2.000000	2.000000	2.000000	0.000000	
0.941682	2.000000	2.000000	2.000000	2.000000	2.000000	2.000000	2.000000	2.000000	0.000000	-2.000000	-2.000000	-2.000000	-2.000000	-2.000000	-2.000000	-2.000000	-2.000000	-2.000000	-2.000000	-2.000000	-2.000000	-2.000000	-2.000000	-2.000000	-2.000000	-2.000000	-2.000000	-2.000000	-2.000000	
0.776182	-2.000000	-2.000000	-2.000000	-2.000000	-2.000000	-2.000000	-2.000000	-2.000000	-2.000000	2.000000	2.000000	2.000000	2.000000	2.000000	2.000000	2.000000	2.000000	2.000000	2.000000	2.000000	2.000000	2.000000	2.000000	2.000000	2.000000	2.000000	2.000000	2.000000	2.000000	
0.154984	0.000000	-2.000000	2.000000	2.000000	2.000000	2.000000	2.000000	2.000000	2.000000	2.000000	2.000000	2.000000	2.000000	2.000000	2.000000	2.000000	2.000000	2.000000	2.000000	2.000000	2.000000	2.000000	2.000000	2.000000	2.000000	2.000000	2.000000	2.000000	2.000000	
0.609611	2.000000	2.000000	2.000000	2.000000	2.000000	2.000000	2.000000	2.000000	0.000000	-2.000000	-2.000000	-2.000000	-2.000000	-2.000000	-2.000000	-2.000000	-2.000000	-2.000000	-2.000000	-2.000000	-2.000000	-2.000000	-2.000000	-2.000000	-2.000000	-2.000000	-2.000000	-2.000000	-2.000000	
0.568952	2.000000	2.000000	2.000000	2.000000	2.000000	2.000000	2.000000	2.000000	2.000000	2.000000	2.000000	2.000000	2.000000	2.000000	2.000000	0.000000	-2.000000	-2.000000	-2.000000	-2.000000	-2.000000	-2.000000	-2.000000	-2.000000	-2.000000	-2.000000	-2.000000	-2.000000	-2.000000	
0.422952	-2.000000	-2.000000	-2.000000	-2.000000	-2.000000	-2.000000	-2.000000	-2.000000	-2.000000	-2.000000	-2.000000	-2.000000	0.000000	2.000000	2.000000	2.000000	2.000000	2.000000	2.000000	2.000000	2.000000	2.000000	2.000000	2.000000	2.000000	2.000000	2.000000	2.000000	2.000000	
0.924943	2.000000	2.000000	2.000000	2.000000	2.000000	2.000000	2.000000	2.000000	2.000000	2.000000	2.000000	0.000000	-2.000000	-2.000000	-2.000000	-2.000000	-2.000000	-2.000000	-2.000000	-2.000000	-2.000000	-2.000000	-2.000000	-2.000000	-2.000000	-2.000000	-2.000000	-2.000000	-2.000000	
0.734113	-2.000000	-2.000000	-2.000000	-2.000000	-2.000000	-1.946878	-2.000000	-2.000000	-2.000000	-2.000000	-2.000000	-2.000000	-2.000000	-2.000000	-2.000000	-2.000000	0.000000	2.000000	2.000000	2.000000	2.000000	2.000000	2.000000	2.000000	2.000000	2.000000	2.000000	2.000000	2.000000	
0.213085	2.000000	2.000000	2.000000	2.000000	2.000000	2.000000	2.000000	2.000000	2.000000	2.000000	2.000000	2.000000	2.000000	2.000000	2.000000	2.000000	2.000000	2.000000	2.000000	0.000000	-2.000000	-2.000000	-2.000000	-2.000000	-2.000000	-2.000000	-2.000000	-2.000000	-2.000000	
0.586303	2.000000	2.000000	2.000000	2.000000	2.000000	2.000000	2.000000	2.000000	2.000000	2.000000	2.000000	2.000000	0.000000	0.000000	-2.000000	-2.000000	-2.000000	-2.000000	-2.000000	-2.000000	-2.000000	-2.000000	-2.000000	-2.000000	-2.000000	-2.000000	-2.000000	-2.000000	-2.000000	
0.451657	-2.000000	-2.000000	-2.000000	-2.000000	-2.000000	-2.000000	0.000000	2.000000	2.000000	2.000000	2.000000	2.000000	2.000000	2.000000	2.000000	2.000000	2.000000	2.000000	2.000000	2.000000	2.000000	2.000000	2.000000	2.000000	2.000000	2.000000	2.000000	2.000000	2.000000	
0.239262	2.000000	2.000000	2.000000	2.000000	2.000000	2.000000	2.000000	2.000000	2.000000	2.000000	2.000000	2.000000	2.000000	2.000000	2.000000	0.000000	-2.000000	-2.000000	-2.000000	-2.000000	-2.000000	-2.000000	-2.000000	-2.000000	-2.000000	-2.000000	-2.000000	-2.000000	-2.000000	
0.523813	2.000000	2.000000	2.000000	2.000000	2.000000	2.000000	2.000000	2.000000	2.000000	2.000000	2.000000	2.000000	2.000000	2.000000	2.000000	2.000000	2.000000	2.000000	2.000000	2.000000	2.000000	2.000000	2.000000	2.000000	2.000000	-2.000000	-2.000000	-2.000000	-2.000000	
0.416283	-2.000000	-2.000000	-2.000000	-2.000000	-2.000000	-2.000000	-2.000000	-2.000000	-2.000000	-2.000000	-2.000000	-2.000000	-2.000000	2.000000	2.000000	2.000000	2.000000	2.000000	2.000000	2.000000	2.000000	2.000000	2.000000	2.000000	2.000000	2.000000	2.000000	2.000000	2.000000	
0.550899	2.000000	2.000000	2.000000	2.000000	2.000000	2.000000	2.000000	2.000000	2.000000	2.000000	2.000000	2.000000	2.000000	2.000000	2.000000	2.000000	2.000000	2.000000	2.000000	0.000000	-2.000000	-2.000000	-2.000000	-2.000000	-2.000000	-2.000000	-2.000000	-2.000000	-2.000000	
0.556097	2.000000	2.000000	2.000000	2.000000	2.000000	2.000000	2.000000	2.000000	2.000000	2.000000	2.000000	2.000000	2.000000	2.000000	2.000000	2.000000	2.000000	2.000000	0.000000	-2.000000	-2.000000	-2.000000	-2.000000	-2.000000	-2.000000	-2.000000	-2.000000	-2.000000	-2.000000	
0.251467	2.000000	2.000000	2.000000	2.000000	2.000000	2.000000	2.000000	2.000000	2.000000	2.000000	2.000000	2.000000	2.000000	0.000000	-2.000000	-2.000000	-2.000000	-2.000000	-2.000000	-2.000000	-2.000000	-2.000000	-2.000000	-2.000000	-2.000000	-2.000000	-2.000000	-2.000000	-2.000000	
0.883764	2.000000	2.000000	2.000000	2.000000	2.000000	2.000000	2.000000	2.000000	2.000000	2.000000	2.000000	2.000000	2.000000	2.000000	2.000000	2.000000	2.000000	2.000000	2.000000	-2.000000	-2.000000	-2.000000	-2.000000	-2.000000	-2.000000	-2.000000	-2.000000	-2.000000	-2.000000	
0.332737	-2.000000	-2.000000	-2.000000	-2.000000	-2.000000	-2.000000	-2.000000	-2.000000	-2.000000	-2.000000	-2.000000	-2.000000	-2.000000	-2.000000	-2.000000	-2.000000	-2.000000	-2.000000	-2.000000	-2.000000	-2.000000	-2.000000	-2.000000	-2.000000	-2.000000	-2.000000	-2.000000	-2.000000	0.000000	
0.383496	-2.000000	-2.000000	-2.000000	-2.000000	-2.000000	-2.000000	-2.000000	-2.000000	-2.000000	-2.000000	-2.000000	-2.000000	-2.000000	-2.000000	-2.000000	-2.000000	-2.000000	-2.000000	2.000000	2.000000	2.000000	2.000000	2.000000	2.000000	2.000000	2.000000	2.000000	2.000000	2.000000	
0.344811	-2.000000	-2.000000	-2.000000	-2.000000	-2.000000	-2.000000	-2.000000	-2.000000	-2.000000	-2.000000	-2.000000	-2.000000	-2.000000	-2.000000	-2.000000	-2.000000	-2.000000	-2.000000	-2.000000	-2.000000	-2.000000	-2.000000	-2.000000	-2.000000	-2.000000	-2.000000	0.000000	-2.000000	2.000000	
0.891616	2.000000	2.000000	2.000000	2.000000	2.000000	2.000000	2.000000	2.000000	2.000000	2.000000	2.000000	2.000000	2.000000	2.000000	2.000000	2.000000	2.000000	2.000000	0.000000	-2.000000	-2.000000	-2.000000	-2.000000	-2.000000	-2.000000	-2.000000	-2.000000	-2.000000	-2.000000	
0.853863	2.000000	2.000000	2.000000	2.000000	2.000000	2.000000	2.000000	2.000000	2.000000	2.000000	2.000000	2.000000	2.000000	2.000000	2.000000	2.000000	2.000000	2.000000	2.000000	2.000000	2.000000	2.000000	2.000000	2.000000	0.000000	-2.000000	-2.000000	-2.000000	-2.000000	
0.277094	2.000000	2.000000	2.000000	2.000000	2.000000	2.000000	2.000000	2.000000	0.000000	-2.000000	-2.000000	-2.000000	-2.000000	-2.000000	-2.000000	-2.000000	-2.000000	-2.000000	-2.000000	-2.000000	-2.000000	-2.000000	-2.000000	-2.000000	-2.000000	-2.000000	-2.000000	-2.000000	-2.000000	
0.400251	-2.000000	-2.000000	-2.000000	-2.000000	-2.000000	-1.946878	-2.000000	-2.000000	-2.000000	-2.000000	-2.000000	-2.000000	-2.000000	-2.000000	-2.000000	-2.000000	0.000000	2.000000	2.000000	2.000000	2.000000	2.000000	2.000000	2.000000	2.000000	1.998992	2.000000	2.000000	2.000000	
0.000000	2.000000	-2.000000	-2.000000	0.000000	-2.000000	-2.000000	-2.000000	0.000000	-2.000000	-2.000000	-2.000000	-2.000000	-2.000000	-2.000000	-2.000000	-2.000000	-2.000000	-2.000000	-2.000000	-2.000000	-2.000000	2.000000	-2.000000	2.000000	-2.000000	-2.000000	-2.000000	-2.000000	-2.000000	
0.790708	-2.000000	-2.000000	-2.000000	-2.000000	-2.000000	2.000000	0.000000	2.000000	2.000000	2.000000	2.000000	2.000000	2.000000	2.000000	2.000000	2.000000	2.000000	2.000000	2.000000	1.000000	2.000000	2.000000	2.000000	2.000000	2.000000	2.000000	2.000000	2.000000	2.000000	
0.783039	-2.000000	-2.000000	-2.000000	-2.000000	-2.000000	-2.000000	-2.000000	2.000000	-2.000000	2.000000	2.000000	2.000000	2.000000	2.000000	2.000000	2.000000	2.000000	2.000000	2.000000	2.000000	2.000000	2.000000	2.000000	2.000000	2.000000	2.000000	2.000000	2.000000	2.000000	
0.863838	2.000000	2.000000	2.000000	2.000000	2.000000	2.000000	2.000000	2.000000	2.000000	2.000000	2.000000	2.000000	2.000000	2.000000	2.000000	2.000000	2.000000	2.000000	2.000000	2.000000	2.000000	2.000000	0.000000	0.000000	-2.000000	-2.000000	-2.000000	-2.000000	-2.000000	
0.371943	-2.000000	-2.000000	-2.000000	-2.000000	-2.000000	-2.000000	-2.000000	-2.000000	-2.000000	-2.000000	-2.000000	-2.000000	-2.000000	-2.000000	-2.000000	-2.000000	-2.000000	-2.000000	-2.000000	-2.000000	-2.000000	0.000000	2.000000	2.000000	2.000000	2.000000	2.000000	2.000000	2.000000	
0.500041	2.000000	2.000000	2.000000	2.000000	2.000000	2.000000	2.000000	2.000000	2.000000	2.000000	2.000000	2.000000	2.000000	2.000000	2.000000	2.000000	2.000000	2.000000	2.000000	2.000000	2.000000	2.000000	2.000000	2.000000	2.000000	2.000000	2.000000	2.000000	0.000000	
0.694240	-2.000000	-2.000000	-2.000000	-2.000000	-2.000000	-2.000000	-2.000000	-2.000000	-2.000000	-2.000000	-2.000000	-2.000000	-2.000000	-2.000000	-2.000000	-2.000000	-2.000000	-2.000000	-2.000000	-2.000000	-2.000000	-2.000000	-2.000000	0.000000	2.000000	2.000000	2.000000	2.000000	2.000000	
0.686731	-2.000000	-2.000000	-2.000000	-2.000000	-2.000000	-2.000000	-2.000000	-2.000000	-2.000000	-2.000000	-2.000000	-2.000000	-2.000000	-2.000000	-2.000000	-2.000000	-2.000000	-2.000000	-2.000000	-2.000000	-2.000000	-2.000000	2.000000	-2.000000	-2.000000	2.000000	-2.000000	2.000000	2.000000	
0.510437	2.000000	2.000000	2.000000	2.000000	2.000000	2.000000	2.000000	2.000000	2.000000	2.000000	2.000000	2.000000	2.000000	2.000000	2.000000	2.000000	2.000000	2.000000	2.000000	2.000000	2.000000	2.000000	2.000000	2.000000	2.000000	2.000000	0.000000	-2.000000	-2.000000	
0.263483	2.000000	2.000000	2.000000	2.000000	2.000000	2.000000	2.000000	2.000000	2.000000	2.000000	-0.020372	0.000000	-2.000000	-2.000000	-2.000000	-2.000000	-2.000000	-2.000000	-2.000000	-2.000000	-2.000000	-2.000000	-2.000000	-2.000000	-2.000000	-2.000000	-2.000000	-2.000000	-2.000000	
0.951253	2.000000	2.000000	2.000000	2.000000	2.000000	2.000000	2.000000	0.000000	-2.000000	-2.000000	-2.000000	-2.000000	-2.000000	-2.000000	-2.000000	-2.000000	-2.000000	-2.000000	-2.000000	-2.000000	-2.000000	-2.000000	-2.000000	-2.000000	-2.000000	-2.000000	-2.000000	-2.000000	-2.000000	
1.000000	-2.000000	2.000000	-2.000000	2.000000	-2.000000	-2.000000	-2.000000	-2.000000	-2.000000	-2.000000	-2.000000	-2.000000	-2.000000	-2.000000	-2.000000	-2.000000	-2.000000	-2.000000	-2.000000	-2.000000	-2.000000	-2.000000	2.000000	-2.000000	-2.000000	-2.000000	-2.000000	0.000000	2.000000	
0.674320	-2.000000	-2.000000	-2.000000	-2.000000	-2.000000	-2.000000	-2.000000	-2.000000	-2.000000	-2.000000	-2.000000	-2.000000	-2.000000	-2.000000	-2.000000	-2.000000	-2.000000	-2.000000	-2.000000	-2.000000	-2.000000	-2.000000	-2.000000	-2.000000	-2.000000	-2.000000	-2.000000	0.000000	2.000000	
0.488318	0.000000	2.000000	2.000000	2.000000	2.000000	2.000000	2.000000	2.000000	2.000000	2.000000	2.000000	2.000000	2.000000	2.000000	2.000000	2.000000	2.000000	2.000000	2.000000	2.000000	2.000000	2.000000	2.000000	2.000000	2.000000	2.000000	2.000000	2.000000	2.000000	
0.756201	-2.000000	-2.000000	-2.000000	-2.000000	-2.000000	-2.000000	-2.000000	-2.000000	-2.000000	-2.000000	-2.000000	-2.000000	2.000000	2.000000	2.000000	2.000000	2.000000	2.000000	2.000000	2.000000	2.000000	2.000000	2.000000	2.000000	2.000000	2.000000	2.000000	2.000000	2.000000	
0.196502	2.000000	2.000000	2.000000	2.000000	2.000000	2.000000	2.000000	2.000000	2.000000	2.000000	2.000000	2.000000	2.000000	2.000000	2.000000	2.000000	2.000000	2.000000	2.000000	2.000000	2.000000	2.000000	0.000000	0.000000	-2.000000	-2.000000	-2.000000	-2.000000	-2.000000	
0.765617	-2.000000	-2.000000	-2.000000	-2.000000	-2.000000	-2.000000	-2.000000	-2.000000	-2.000000	-2.000000	0.000000	2.000000	2.000000	2.000000	2.000000	2.000000	2.000000	2.000000	2.000000	2.000000	2.000000	2.000000	2.000000	2.000000	2.000000	2.000000	2.000000	2.000000	2.000000	
0.980175	-2.000000	2.000000	2.000000	2.000000	2.000000	2.000000	-2.000000	-1.000000	-2.000000	-2.000000	-2.000000	-2.000000	-2.000000	-2.000000	-2.000000	-2.000000	-2.000000	-2.000000	-2.000000	-2.000000	-2.000000	-2.000000	-2.000000	-2.000000	-2.000000	-2.000000	-2.000000	-2.000000	-2.000000	
0.980175	-2.000000	2.000000	2.000000	2.000000	2.000000	-2.000000	-2.000000	-2.000000	-2.000000	-2.000000	-2.000000	-2.000000	-2.000000	-2.000000	-2.000000	-2.000000	-2.000000	-2.000000	-2.000000	-2.000000	-2.000000	-2.000000	2.000000	-2.000000	-2.000000	-2.000000	-2.000000	2.000000	-2.000000	
0.436143	-2.000000	-2.000000	-2.000000	-2.000000	-2.000000	-2.000000	-2.000000	-2.000000	-2.000000	-2.000000	-0.051873	2.000000	2.000000	2.000000	2.000000	2.000000	2.000000	2.000000	2.000000	2.000000	2.000000	2.000000	2.000000	2.000000	2.000000	2.000000	2.000000	2.000000	2.000000	
0.705061	-2.000000	-2.000000	-2.000000	-2.000000	-2.000000	-2.000000	-2.000000	-2.000000	-2.000000	-2.000000	-2.000000	-2.000000	-2.000000	-2.000000	-2.000000	-2.000000	-2.000000	-2.000000	-2.000000	-2.000000	-2.000000	0.000000	2.000000	2.000000	2.000000	2.000000	2.000000	2.000000	2.000000	
0.967015	2.000000	2.000000	2.000000	2.000000	0.000000	2.000000	2.000000	2.000000	-2.000000	-2.000000	2.000000	-2.000000	-2.000000	2.000000	-2.000000	-2.000000	-2.000000	-2.000000	-2.000000	-2.000000	-2.000000	-2.000000	-2.000000	-2.000000	-2.000000	-2.000000	-2.000000	-2.000000	-2.000000	
0.960209	2.000000	2.000000	2.000000	2.000000	0.000000	2.000000	0.000000	0.000000	-1.000000	-2.000000	-2.000000	-2.000000	-2.000000	-2.000000	-2.000000	-2.000000	-2.000000	-2.000000	-2.000000	-2.000000	-2.000000	-2.000000	-2.000000	-2.000000	-2.000000	-2.000000	-2.000000	-2.000000	-2.000000	
