0.000000	0.230757	0.309353	0.421834	0.500169	0.564045	0.675696	0.715756	0.807800	0.865083	0.921792	0.946657	0.974997	0.988375	1.000000	0.983208	0.964802	0.952273	0.914334	0.867829	0.820556	0.753175	0.678943	0.586118	0.511450	0.373598	0.291293	0.212331	0.109593	-0.036495	
0.000000	0.196898	0.307234	0.393771	0.489700	0.593820	0.667932	0.751568	0.806623	0.852355	0.916301	0.954505	0.970494	0.989476	0.994175	0.994040	0.975206	0.939427	0.914126	0.857758	0.803509	0.755287	0.678847	0.578019	0.497491	0.442232	0.309426	0.173476	0.101090	-0.030456	
0.000000	0.204946	0.303619	0.403172	0.490922	0.581295	0.665406	0.740919	0.837266	0.859932	0.906325	0.946499	0.968532	0.995637	0.994827	0.995379	0.993812	0.959062	0.926420	0.871460	0.797086	0.736747	0.709720	0.581947	0.463803	0.401534	0.316725	0.212934	0.079731	-0.001999	
0.006644	0.309102	0.424131	0.479229	0.549983	0.702154	0.747216	0.810645	0.865423	0.920922	0.948532	0.949597	0.968757	0.975474	0.990875	0.982883	0.954784	0.993227	0.878349	0.836347	0.757741	0.680475	0.624372	0.544112	0.379953	0.379543	0.252140	0.071383	-0.003812	-0.102310	
0.004157	0.249210	0.415153	0.508808	0.540582	0.651382	0.688428	0.778857	0.849706	0.937557	0.929907	0.968925	0.969738	1.000000	0.995861	0.968443	0.986279	0.986564	0.850542	0.843807	0.779572	0.709207	0.622244	0.528199	0.456071	0.368198	0.214604	0.157203	-0.015982	-0.035308	
0.000132	0.211947	0.259583	0.393520	0.472416	0.591974	0.679309	0.739214	0.810055	0.853738	0.914791	0.966370	0.972228	0.986167	0.997414	0.993084	0.960885	0.959408	0.934227	0.872240	0.796205	0.758751	0.666829	0.577817	0.462035	0.406228	0.297611	0.185358	0.098305	0.008603	
0.000423	0.230260	0.321195	0.412643	0.516320	0.589268	0.687923	0.777285	0.803602	0.855580	0.930306	0.952374	0.978243	0.994020	0.994461	0.994189	0.973149	0.962953	0.912390	0.868605	0.811965	0.761661	0.655729	0.580624	0.495202	0.420619	0.286122	0.189469	0.064641	0.001350	
0.004498	0.249210	0.415153	0.508808	0.540582	0.610769	0.744562	0.770765	0.844038	0.937557	0.929907	0.952000	0.965684	1.000000	0.990107	0.968443	0.986279	0.986564	0.873352	0.842186	0.779572	0.720686	0.622244	0.528199	0.454534	0.368198	0.236175	0.157203	-0.015982	-0.035308	
0.000000	0.197236	0.306377	0.401281	0.508783	0.605236	0.672818	0.757671	0.814288	0.824501	0.916494	0.960177	0.973990	0.997826	1.000000	1.000000	0.985270	0.934077	0.913097	0.861191	0.808379	0.780054	0.666288	0.608063	0.502287	0.394683	0.303135	0.210494	0.112943	0.023333	
0.006016	0.359752	0.439073	0.472500	0.625291	0.648527	0.733953	0.808422	0.868113	0.933092	0.930880	0.988971	0.937783	0.989906	1.000000	0.987130	0.972045	0.954901	0.881414	0.839710	0.783589	0.680395	0.598547	0.485751	0.461902	0.349532	0.264138	0.068268	-0.093672	-0.080752	
0.000473	0.175873	0.335154	0.417525	0.507473	0.624176	0.666508	0.754371	0.824858	0.905481	0.918157	0.953830	0.966153	0.994444	0.982460	1.000000	0.985120	0.927491	0.919326	0.867949	0.785321	0.727704	0.658537	0.569335	0.509238	0.391052	0.323006	0.201206	0.087844	-0.015115	
0.004976	0.309343	0.368534	0.486533	0.550361	0.690395	0.726330	0.799522	0.836344	0.929252	0.920025	0.948731	0.963869	0.988046	0.989408	0.963090	0.976529	0.923845	0.885445	0.858978	0.781390	0.705105	0.626991	0.551125	0.441872	0.353209	0.268826	0.082367	-0.072506	-0.079935	
0.000002	0.177502	0.327445	0.411438	0.499367	0.581462	0.677211	0.747096	0.804716	0.859288	0.925859	0.952729	0.967665	0.988041	0.993207	0.995857	1.000000	0.949072	0.913992	0.865640	0.828421	0.747582	0.648323	0.582048	0.472409	0.419870	0.322633	0.204980	0.091092	-0.013248	
0.000000	0.251027	0.307318	0.402040	0.497246	0.586375	0.668519	0.742176	0.818051	0.879037	0.909262	0.942005	0.971580	0.988647	0.993070	0.984065	0.975655	0.949431	0.924096	0.869246	0.805681	0.750325	0.678206	0.590419	0.500075	0.443920	0.329467	0.224554	0.105088	-0.001164	
0.000000	0.220097	0.310212	0.413083	0.492386	0.599759	0.680105	0.731854	0.801614	0.869289	0.900939	0.924656	0.973957	0.985495	0.990232	0.994563	0.970907	0.945797	0.911388	0.872841	0.803344	0.730896	0.685156	0.577422	0.485953	0.403701	0.317680	0.232953	0.110108	-0.018225	
0.001784	0.217628	0.324080	0.367209	0.494872	0.641032	0.667984	0.784510	0.813841	0.832558	0.908835	0.965867	0.990416	1.000000	0.996105	0.972699	0.968654	0.970702	0.937106	0.868684	0.803045	0.721044	0.654014	0.597626	0.492677	0.413763	0.285126	0.191494	0.087716	0.010250	
0.000000	0.208669	0.320442	0.404332	0.489429	0.589315	0.672958	0.734283	0.819467	0.843805	0.905739	0.958225	0.980632	0.999235	0.995947	1.000000	0.955702	0.972492	0.909052	0.865043	0.805970	0.731682	0.654541	0.581481	0.497068	0.411116	0.308575	0.219557	0.095421	0.014474	
0.004727	0.309102	0.407061	0.514742	0.537113	0.682352	0.726940	0.797936	0.841690	0.894883	0.948532	0.956740	0.968757	0.993036	0.988345	0.973520	0.954784	0.939031	0.875862	0.836347	0.770294	0.680475	0.624372	0.556108	0.379953	0.391481	0.252140	0.071383	-0.003812	-0.102310	
0.000151	0.215116	0.318850	0.393683	0.483735	0.592366	0.634429	0.748307	0.829707	0.845909	0.917486	0.954093	0.977002	0.976490	0.996611	1.000000	0.991290	0.969708	0.907051	0.876178	0.803987	0.764535	0.661533	0.578602	0.502823	0.411410	0.300244	0.208218	0.120040	0.006920	
0.000003	0.177949	0.311299	0.404740	0.505628	0.605773	0.676215	0.728835	0.808296	0.878080	0.909205	0.973909	0.964924	1.000000	0.995086	0.996156	0.976259	0.963040	0.916049	0.870593	0.813407	0.752497	0.660825	0.578284	0.492583	0.392619	0.284463	0.206406	0.104537	0.007973	
0.000002	0.223399	0.324571	0.401654	0.502282	0.587543	0.666719	0.737980	0.794448	0.806728	0.919340	0.959489	0.959103	0.991859	1.000000	0.998541	0.991620	0.962526	0.892189	0.856813	0.786203	0.745910	0.682522	0.614457	0.510453	0.392036	0.298520	0.218275	0.110369	0.002066	
0.000000	0.213475	0.312675	0.402334	0.527885	0.590661	0.663769	0.740043	0.833535	0.867828	0.905144	0.952719	0.979983	0.986589	0.986875	0.991973	0.976912	0.941437	0.922265	0.877434	0.789704	0.723148	0.633990	0.585012	0.491764	0.397594	0.300274	0.204758	0.084753	0.002225	
0.000169	0.216625	0.295219	0.399647	0.503368	0.630121	0.659032	0.774348	0.809348	0.870490	0.901815	0.954620	0.979379	0.989426	0.998335	1.000000	0.994596	0.970819	0.908248	0.861649	0.818258	0.743519	0.688309	0.601565	0.501454	0.400217	0.306766	0.203470	0.085178	0.013240	
0.001271	0.195474	0.340402	0.418532	0.496426	0.613687	0.680577	0.763277	0.817795	0.849366	0.914532	0.942820	0.970679	0.993662	0.987911	0.993747	0.960446	0.970379	0.909442	0.864224	0.805585	0.794943	0.645698	0.577458	0.491896	0.419210	0.311383	0.219329	0.098816	0.003225	
0.000006	0.212489	0.311531	0.405968	0.574285	0.583885	0.673927	0.743264	0.817003	0.868085	0.911000	0.945722	0.991879	0.986148	0.994886	0.983686	0.964930	0.967746	0.905460	0.854349	0.812966	0.703515	0.675198	0.559631	0.509182	0.338293	0.310205	0.197767	0.120500	0.003968	
0.001368	0.210020	0.343961	0.415936	0.499199	0.582179	0.664317	0.724171	0.823379	0.868351	0.908165	0.951531	0.960196	1.000000	1.000000	0.999814	0.976404	0.976774	0.870145	0.835040	0.793427	0.753309	0.659421	0.584447	0.507264	0.372199	0.300448	0.221520	0.091893	-0.008413	
0.000930	0.223140	0.321025	0.403947	0.493405	0.578728	0.673506	0.752821	0.807032	0.862751	0.886914	0.952159	0.976900	0.981091	0.999318	0.997721	0.966047	0.946580	0.916268	0.853520	0.790944	0.724413	0.660866	0.580796	0.496149	0.406715	0.281232	0.241019	0.096455	-0.053686	
0.000851	0.208936	0.321243	0.405749	0.509812	0.586186	0.669484	0.754760	0.814955	0.869549	0.917009	0.950959	1.000000	0.977480	0.985296	0.980252	0.980778	0.926169	0.920563	0.871766	0.808954	0.726522	0.659301	0.551935	0.495475	0.389965	0.284933	0.202661	0.082896	-0.037610	
0.000000	0.210717	0.318890	0.404904	0.499494	0.609259	0.661347	0.735583	0.794424	0.856121	0.903566	0.961627	0.977234	0.993343	0.988440	0.995570	0.983108	0.961614	0.912240	0.857907	0.801007	0.751054	0.696376	0.600068	0.482267	0.405905	0.320200	0.236073	0.110697	0.010956	
0.000001	0.223735	0.295219	0.410746	0.503368	0.591121	0.672689	0.737740	0.811694	0.870490	0.902663	0.954620	0.985273	0.974726	0.995594	1.000000	0.982208	0.958025	0.908248	0.869169	0.818258	0.743519	0.688309	0.569748	0.501454	0.405745	0.305991	0.203470	0.085178	-0.002685	
0.000001	0.194190	0.297659	0.413817	0.497493	0.592711	0.664770	0.751003	0.812523	0.855057	0.917489	0.935265	0.980677	1.000000	1.000000	0.975747	0.973839	0.939268	0.919761	0.868576	0.809594	0.753086	0.663194	0.573307	0.511656	0.453253	0.293371	0.235122	0.097202	0.005675	
0.000004	0.200027	0.323392	0.393698	0.494719	0.596882	0.649857	0.718200	0.837024	0.870721	0.904830	0.952208	0.982363	1.000000	0.997196	0.998618	0.982875	0.946365	0.917657	0.880138	0.781442	0.712065	0.623988	0.577220	0.490793	0.412067	0.296775	0.225745	0.095346	-0.014755	
0.000190	0.198380	0.323392	0.393698	0.514218	0.600257	0.668851	0.721295	0.787186	0.850906	0.921159	0.952318	0.981897	0.972172	0.996564	0.993924	0.971604	0.939978	0.916881	0.880259	0.798578	0.764333	0.654752	0.577220	0.501422	0.403202	0.307788	0.208812	0.112293	0.018260	
0.000007	0.191805	0.320041	0.439491	0.487089	0.602322	0.674365	0.733624	0.811496	0.859366	0.914898	0.937653	0.980800	0.983878	0.999085	1.000000	0.971579	0.946140	0.895095	0.864600	0.807231	0.737800	0.672871	0.583385	0.498332	0.404075	0.307005	0.218956	0.108156	0.025577	
0.003912	0.296652	0.369015	0.493896	0.553499	0.703642	0.756015	0.790550	0.842737	0.932757	0.932661	0.940304	0.973927	1.000000	0.992635	0.966070	0.973448	0.924207	0.855648	0.860309	0.750425	0.696554	0.624003	0.560906	0.429029	0.347670	0.261099	0.117680	0.019940	-0.066556	
0.000004	0.182846	0.304369	0.412080	0.497058	0.572232	0.666178	0.742618	0.814706	0.860673	0.920680	0.946143	0.967980	0.979760	0.989421	0.995026	0.977490	0.956240	0.932121	0.863459	0.795813	0.743827	0.666907	0.572346	0.504730	0.405398	0.308510	0.191181	0.097580	0.015047	
0.000050	0.192364	0.311785	0.410454	0.477116	0.582179	0.684653	0.717874	0.811695	0.846064	0.920248	0.962602	0.980021	1.000000	0.990201	0.984636	0.965903	0.976622	0.924040	0.852311	0.812090	0.769952	0.675857	0.576315	0.505794	0.417650	0.306876	0.216906	0.108155	-0.005839	
0.000117	0.233697	0.353889	0.408204	0.479245	0.617627	0.674365	0.769800	0.815402	0.890202	0.923471	0.970991	0.977338	0.963743	0.990211	0.994700	0.964683	0.932276	0.928824	0.851274	0.803294	0.771960	0.650334	0.576679	0.502620	0.395881	0.327492	0.190935	0.091535	0.025577	
0.000384	0.186180	0.309110	0.410655	0.490203	0.593476	0.665653	0.747024	0.800876	0.860406	0.915734	0.942678	0.999135	0.980301	0.995557	0.991157	0.974609	0.967571	0.915953	0.857126	0.783898	0.730726	0.703435	0.582549	0.501506	0.354934	0.348375	0.189910	0.096704	0.023949	
0.000001	0.219302	0.295923	0.421105	0.507086	0.596689	0.679743	0.761894	0.811254	0.859726	0.925172	0.942948	0.980223	0.983496	0.996564	0.988365	0.972767	0.949158	0.915666	0.854045	0.809791	0.755639	0.654752	0.590386	0.499019	0.410378	0.302779	0.185861	0.104865	-0.004344	
0.002619	0.249210	0.415153	0.419391	0.539022	0.633721	0.744562	0.770765	0.820530	0.937557	0.926138	0.952000	0.974687	0.978273	0.987815	0.968443	0.957405	0.969192	0.882939	0.842186	0.779572	0.720686	0.634974	0.528199	0.507410	0.379100	0.236175	0.157203	0.061579	-0.035308	
0.000038	0.226435	0.317763	0.395536	0.504512	0.592476	0.674249	0.769498	0.820008	0.859269	0.939483	0.953356	0.982635	0.965627	0.992495	0.994331	0.991331	0.966397	0.914364	0.860215	0.818908	0.728876	0.640638	0.580574	0.504762	0.395225	0.308082	0.213317	0.134078	0.009713	
0.000044	0.209712	0.311785	0.366149	0.501234	0.562423	0.675660	0.741345	0.808413	0.831307	0.920248	0.963162	0.969832	1.000000	0.996105	0.997094	0.972276	0.972706	0.930039	0.875913	0.811129	0.720933	0.655900	0.594772	0.505095	0.427413	0.281587	0.213017	0.130650	0.010450	
0.007188	0.354959	0.456956	0.405749	0.542062	0.734020	0.760803	0.813559	0.814955	0.869549	0.924304	0.950959	1.000000	0.977583	0.984608	0.980252	0.964919	0.926169	0.856549	0.870698	0.808954	0.644076	0.595579	0.583629	0.495475	0.371488	0.180617	0.027064	-0.045890	-0.142237	
0.000230	0.228455	0.297133	0.429003	0.507565	0.590532	0.682517	0.762071	0.818061	0.883598	0.918369	0.960886	0.977995	0.979281	0.993474	0.983415	0.975595	0.933272	0.909264	0.856332	0.812342	0.728744	0.659899	0.577458	0.499126	0.405905	0.318478	0.185428	0.110212	0.007450	
0.002470	0.216402	0.348073	0.473654	0.525399	0.619934	0.717827	0.781322	0.818545	0.870276	0.934381	0.955769	0.969840	0.975560	0.991441	0.968846	0.990070	0.964339	0.898131	0.867929	0.775174	0.731055	0.653431	0.546195	0.419854	0.338975	0.251147	0.144729	0.008467	-0.075653	
0.000254	0.202947	0.334813	0.417525	0.518497	0.624176	0.706782	0.726173	0.819881	0.905481	0.918157	0.947554	0.966153	0.991130	0.996684	1.000000	0.981354	0.927491	0.915443	0.860384	0.785321	0.746661	0.658537	0.569335	0.478082	0.391052	0.286493	0.162938	0.087844	-0.015115	
0.001911	0.213475	0.304720	0.411728	0.512373	0.590661	0.707414	0.755783	0.833535	0.867828	0.914379	0.952719	0.979983	1.000000	0.986875	0.991973	0.995813	0.927340	0.922265	0.877434	0.794235	0.748694	0.671066	0.588952	0.491764	0.418874	0.300274	0.170594	0.080273	-0.062230	
0.000000	0.189303	0.312788	0.412643	0.506971	0.585116	0.663649	0.678257	0.810732	0.852178	0.906732	0.952374	0.979338	0.975241	1.000000	0.996941	0.978699	0.962953	0.916541	0.854816	0.813604	0.756858	0.670254	0.587035	0.502187	0.446137	0.299830	0.189469	0.116887	0.004344	
0.001450	0.234464	0.379855	0.400688	0.518375	0.601733	0.672818	0.791896	0.830903	0.886835	0.909885	0.960177	0.973990	1.000000	0.998770	0.971596	0.963367	0.983360	0.901165	0.846447	0.782362	0.727177	0.667977	0.579189	0.502287	0.379907	0.346447	0.208141	0.048793	-0.056199	
0.000033	0.221406	0.316025	0.404498	0.485772	0.584329	0.669168	0.755030	0.813752	0.864140	0.929076	0.947736	0.968539	0.979042	0.992360	0.997400	0.986294	0.953493	0.924280	0.866778	0.800215	0.726169	0.608268	0.584426	0.496380	0.397011	0.307686	0.170578	0.081496	-0.029237	
0.000795	0.212082	0.324332	0.420895	0.510140	0.573275	0.671758	0.755700	0.819275	0.867321	0.895388	0.944773	0.972697	0.985040	0.999715	0.988542	0.970171	0.953229	0.928008	0.853769	0.805399	0.722095	0.620703	0.572672	0.516583	0.320815	0.307697	0.218543	0.085504	-0.011655	
0.000008	0.230757	0.309353	0.383853	0.500169	0.603342	0.675696	0.735793	0.807800	0.865083	0.914270	0.946657	0.985543	0.988375	1.000000	0.983208	0.964802	0.957358	0.896407	0.864895	0.808134	0.728600	0.678943	0.580610	0.511450	0.373598	0.297874	0.212331	0.106790	-0.036495	
0.000207	0.201380	0.301532	0.406505	0.481881	0.595487	0.672864	0.750761	0.836247	0.871764	0.922668	0.943706	1.000000	1.000000	0.993438	0.999311	0.961108	0.943827	0.914779	0.857126	0.822196	0.734911	0.713807	0.580432	0.509051	0.448592	0.304939	0.182830	0.073245	-0.007592	
0.000014	0.210723	0.319036	0.384090	0.494154	0.606452	0.668041	0.732965	0.784625	0.849437	0.892048	0.933713	0.986733	0.998157	0.991114	0.981377	0.987395	0.977328	0.915573	0.866247	0.817651	0.721802	0.686788	0.574745	0.499141	0.371663	0.311634	0.239907	0.114327	0.018565	
0.000057	0.199367	0.321660	0.400697	0.493914	0.575163	0.683179	0.743918	0.818051	0.873048	0.905077	0.945222	0.981024	0.984290	0.995633	1.000000	0.973414	0.943914	0.892925	0.867550	0.813253	0.710884	0.659788	0.606042	0.508862	0.394040	0.294690	0.213571	0.077020	-0.000908	
0.000515	0.217675	0.324080	0.416494	0.494872	0.580995	0.667984	0.744272	0.839041	0.832558	0.908835	0.942943	0.976569	0.975860	1.000000	0.990100	0.979071	0.955099	0.913164	0.852381	0.818355	0.742255	0.670082	0.558939	0.495031	0.388665	0.329998	0.212705	0.087716	-0.033467	
0.000591	0.210020	0.274627	0.415936	0.499199	0.582179	0.696401	0.724171	0.823379	0.870392	0.908165	0.940675	0.980021	1.000000	1.000000	0.997197	0.966596	0.935262	0.870145	0.866447	0.793427	0.753309	0.659421	0.579016	0.486820	0.425953	0.300448	0.192077	0.087906	0.005275	
0.000012	0.223347	0.303221	0.397366	0.498831	0.604106	0.664487	0.743905	0.815842	0.848195	0.899682	0.940203	0.976006	0.989001	0.998525	0.987612	0.964090	0.966205	0.912546	0.866320	0.810951	0.767426	0.685887	0.570345	0.487937	0.419784	0.313552	0.197212	0.128376	0.012928	
0.005323	0.307203	0.424131	0.522660	0.535491	0.686233	0.734718	0.784638	0.833978	0.906125	0.944554	0.956538	0.967836	0.998535	0.989083	0.976143	0.970488	0.937349	0.866599	0.836560	0.758171	0.666353	0.624372	0.555601	0.402487	0.379325	0.207280	0.108270	-0.011922	-0.101383	
0.005810	0.230321	0.439073	0.472500	0.540718	0.648527	0.716106	0.805858	0.836919	0.933092	0.929840	0.988971	0.937783	0.969623	0.985008	0.984893	0.965255	0.954901	0.881414	0.839710	0.783589	0.683483	0.598547	0.485751	0.461902	0.349532	0.264138	0.083057	0.026656	-0.094725	
0.001662	0.233697	0.320041	0.440426	0.517613	0.617627	0.674365	0.761721	0.811496	0.859366	0.914898	0.974230	0.977338	0.998622	0.999050	0.994700	0.964683	0.952613	0.893314	0.864600	0.807231	0.771960	0.650334	0.600167	0.502620	0.430453	0.307005	0.179416	0.091535	0.025577	
0.000733	0.197236	0.312461	0.400688	0.488610	0.601733	0.672818	0.763723	0.814288	0.868821	0.926570	0.960177	0.973990	0.980301	1.000000	1.000000	0.963367	0.934077	0.917036	0.861191	0.796735	0.721924	0.666288	0.608063	0.502287	0.366095	0.346447	0.210494	0.112943	-0.056199	
0.000029	0.192222	0.298983	0.412650	0.498994	0.610927	0.675720	0.738070	0.806115	0.835025	0.909748	0.947000	0.986462	0.990216	0.993701	0.974513	0.988092	0.946597	0.907621	0.871380	0.793633	0.743410	0.663639	0.576509	0.501467	0.437415	0.292541	0.207234	0.103245	0.004469	
0.005568	0.304955	0.381525	0.489094	0.633854	0.701252	0.747216	0.783932	0.870120	0.939057	0.932304	0.952156	0.960268	0.987667	0.989462	0.982883	0.967857	0.930723	0.895702	0.861013	0.787861	0.714902	0.608687	0.544112	0.431348	0.382850	0.254873	0.173988	0.062524	-0.065577	
0.001573	0.231749	0.334647	0.403581	0.518536	0.596138	0.681224	0.760399	0.772379	0.865662	0.926021	0.991918	0.980990	0.979117	0.992002	0.996394	0.971946	0.918240	0.902726	0.871115	0.790600	0.742529	0.669854	0.569214	0.452901	0.427261	0.293926	0.238890	0.088675	0.025308	
0.000016	0.208936	0.315320	0.405749	0.481005	0.586186	0.669484	0.721425	0.814955	0.869549	0.924304	0.950959	1.000000	0.977583	0.997102	0.980252	0.972560	0.926169	0.918016	0.870698	0.808954	0.726522	0.659301	0.583629	0.495475	0.389965	0.327346	0.202661	0.100035	-0.037610	
0.000327	0.225723	0.314857	0.397850	0.513379	0.592872	0.660575	0.739856	0.808116	0.849274	0.923862	0.956837	0.969144	0.990634	1.000000	0.995809	0.959300	0.960746	0.915661	0.852078	0.804415	0.726455	0.673426	0.556868	0.508671	0.413732	0.298679	0.209949	0.101135	-0.022530	
0.000010	0.214813	0.320802	0.418818	0.490975	0.585124	0.666957	0.750829	0.811694	0.865074	0.925231	0.958988	0.976373	0.975986	0.994895	0.994331	0.986266	0.962268	0.915737	0.858131	0.811896	0.745338	0.654045	0.583160	0.507038	0.405106	0.310072	0.191416	0.089188	0.015366	
0.000094	0.217187	0.302734	0.424765	0.480490	0.575827	0.667932	0.727795	0.779704	0.860235	0.881009	0.935333	0.989049	1.000000	0.999592	1.000000	0.977742	0.945417	0.912011	0.852164	0.789403	0.754901	0.678847	0.599139	0.535147	0.412525	0.322459	0.187739	0.101090	0.018756	
0.000353	0.221383	0.314156	0.410746	0.485105	0.591121	0.673143	0.737740	0.813918	0.859402	0.902663	0.954620	0.976679	0.974726	0.999262	0.988986	0.982208	0.951287	0.908248	0.869169	0.800919	0.759668	0.688309	0.569748	0.501454	0.409254	0.334644	0.199631	0.087143	0.026332	
0.002804	0.295228	0.310505	0.452138	0.510977	0.642390	0.667046	0.762769	0.800704	0.864054	0.927611	0.956883	0.987582	0.986966	1.000000	0.983429	0.955730	0.975297	0.910967	0.854450	0.806785	0.734450	0.644069	0.572504	0.456329	0.406090	0.240211	0.228702	0.066567	-0.043436	
0.000106	0.214869	0.309592	0.410815	0.499415	0.620089	0.678798	0.764553	0.811097	0.861191	0.905919	0.956189	0.987146	1.000000	0.999097	0.980274	0.989850	0.957709	0.910967	0.857767	0.790107	0.736562	0.682339	0.601968	0.508471	0.408785	0.302408	0.225578	0.100045	0.017968	
0.000000	0.204248	0.319974	0.406922	0.483806	0.591974	0.671187	0.739214	0.810055	0.859942	0.889974	0.957704	0.977881	0.989391	1.000000	0.993084	0.994095	0.948557	0.888928	0.859247	0.797651	0.739182	0.666829	0.577817	0.462035	0.406228	0.296097	0.205999	0.116183	0.008603	
0.000025	0.211605	0.304260	0.416018	0.504858	0.572303	0.673961	0.728718	0.833205	0.866477	0.925693	0.945813	0.992535	0.997638	0.998135	0.979082	0.981798	0.943489	0.916591	0.868415	0.795095	0.740188	0.680068	0.579408	0.507214	0.428544	0.291527	0.203507	0.098773	0.016376	
0.000998	0.213590	0.341412	0.403441	0.523970	0.586779	0.674772	0.740095	0.791348	0.869879	0.909891	0.953427	0.977993	0.990492	0.997294	0.990102	0.965922	0.909257	0.895961	0.854587	0.808562	0.725029	0.681959	0.566902	0.492462	0.407156	0.305466	0.233793	0.064124	-0.020602	
0.000645	0.210425	0.320260	0.406172	0.524510	0.620566	0.647793	0.744607	0.815563	0.868085	0.937510	0.960839	0.972772	0.987321	0.994886	1.000000	0.976036	0.967746	0.925994	0.873536	0.808377	0.709285	0.653040	0.582330	0.511635	0.338293	0.324624	0.215881	0.065086	0.002439	
0.000019	0.223478	0.306056	0.414657	0.518230	0.578645	0.659018	0.782949	0.820397	0.850070	0.920799	0.958625	0.979559	0.989181	0.995410	0.985845	0.985843	0.924394	0.916735	0.861803	0.805761	0.755765	0.678399	0.587705	0.482679	0.400770	0.307823	0.207186	0.104415	0.003760	
0.002310	0.256061	0.360579	0.461996	0.583563	0.617680	0.721762	0.759469	0.836304	0.886396	0.928950	0.949489	0.985956	0.987737	0.988672	0.985592	1.000000	0.944881	0.897536	0.864335	0.791685	0.745321	0.626110	0.577056	0.442563	0.341376	0.236063	0.175679	-0.007392	-0.041260	
0.003042	0.216625	0.295219	0.448343	0.503368	0.630121	0.742553	0.774348	0.833665	0.870490	0.947656	0.954620	0.979379	0.994942	0.998335	0.975430	0.994596	0.926091	0.880313	0.826821	0.784846	0.743519	0.603476	0.557196	0.397866	0.360453	0.306766	0.203470	0.085178	-0.003076	
0.000298	0.185756	0.342636	0.401671	0.475062	0.590532	0.682517	0.750850	0.818061	0.883598	0.918369	0.960886	0.984384	0.974102	0.993474	1.000000	0.969985	0.933272	0.909264	0.856332	0.793836	0.728744	0.700397	0.577458	0.499126	0.405905	0.318478	0.194259	0.082525	0.007450	
0.000085	0.204248	0.292906	0.396548	0.483806	0.591974	0.690344	0.739214	0.810055	0.838028	0.889974	0.935971	0.977881	0.994419	0.992348	0.993084	0.994095	0.943702	0.888928	0.860155	0.797651	0.739182	0.682304	0.575297	0.512944	0.406228	0.296097	0.209231	0.116183	-0.026705	
0.000022	0.176012	0.292440	0.416681	0.492706	0.599872	0.685432	0.759455	0.803845	0.869819	0.917341	0.971547	0.975989	0.997889	1.000000	0.985823	0.981026	0.948171	0.915236	0.856689	0.810031	0.739469	0.670254	0.595889	0.497381	0.460490	0.287271	0.211392	0.102031	-0.040865	
0.001164	0.239912	0.323450	0.468486	0.522594	0.592552	0.704264	0.747874	0.823321	0.871787	0.901884	0.946988	0.974089	0.999152	0.998879	0.981854	0.991316	0.930376	0.916467	0.873274	0.799498	0.745220	0.719660	0.603789	0.426281	0.410973	0.246487	0.207890	0.066638	-0.004589	
0.000277	0.203689	0.303880	0.403656	0.500910	0.585546	0.665659	0.740440	0.810186	0.873716	0.920823	0.959008	0.997438	0.989922	1.000000	0.997684	0.960392	0.929841	0.911711	0.845101	0.811364	0.733140	0.707532	0.571203	0.514231	0.396639	0.307308	0.207027	0.113397	0.013506	
0.000552	0.218678	0.333199	0.418386	0.502797	0.596490	0.654554	0.736525	0.794782	0.829253	0.919597	0.954880	0.972108	0.981686	0.995779	0.988667	0.960589	0.957149	0.916786	0.857506	0.819389	0.719144	0.679029	0.586393	0.515661	0.389677	0.289419	0.214358	0.095346	-0.028405	
0.003389	0.245469	0.365918	0.427240	0.522164	0.650493	0.712971	0.802424	0.840966	0.912440	0.932435	0.959591	0.973138	0.975922	0.995653	0.984526	0.986785	0.949816	0.896645	0.843807	0.770539	0.700991	0.641121	0.559561	0.462893	0.316053	0.272251	0.132394	0.034593	-0.044167	
0.003248	0.305567	0.296437	0.539419	0.508783	0.658288	0.736364	0.787914	0.844520	0.880040	0.928083	0.948728	0.973990	0.997826	0.990942	0.987370	1.000000	0.934077	0.913097	0.864689	0.758344	0.714730	0.634876	0.565971	0.448787	0.347573	0.300219	0.149288	0.068784	0.004611	
0.000077	0.191345	0.308018	0.410796	0.532930	0.589052	0.653572	0.738074	0.834690	0.861350	0.905144	0.936169	0.998720	0.995524	0.998879	0.986847	0.979566	0.937642	0.918472	0.859913	0.796691	0.738713	0.657531	0.594104	0.505391	0.431934	0.285435	0.207169	0.121391	0.027096	
0.000684	0.214869	0.309592	0.410678	0.535572	0.607459	0.680397	0.735262	0.806078	0.834046	0.920287	0.961174	0.974901	0.992825	1.000000	0.998779	0.991767	0.957709	0.910967	0.848167	0.778321	0.736562	0.680514	0.601968	0.508471	0.408785	0.325005	0.198701	0.100045	0.017968	
0.002219	0.262668	0.349779	0.485995	0.542100	0.620566	0.738135	0.762886	0.824612	0.868085	0.900018	0.936874	0.971190	1.000000	0.994886	0.985407	0.980055	0.967746	0.864321	0.857817	0.779366	0.719850	0.675198	0.582330	0.492081	0.338293	0.286289	0.197767	0.048190	0.002439	
0.002083	0.242331	0.334520	0.420474	0.477077	0.569933	0.675686	0.761360	0.825724	0.870679	0.902055	0.950191	0.969020	0.992938	0.997574	0.991160	0.995499	0.963195	0.915741	0.859000	0.782292	0.723445	0.631789	0.577817	0.533004	0.363681	0.236787	0.193415	0.112155	-0.010645	
0.002925	0.309102	0.373684	0.439857	0.537113	0.682352	0.726940	0.748503	0.841690	0.894883	0.948532	0.956740	0.978009	0.993036	0.988345	0.985553	0.987640	0.939031	0.875862	0.836347	0.794891	0.710830	0.624372	0.556108	0.379953	0.382446	0.252140	0.173710	-0.003812	-0.011591	
0.003621	0.236658	0.375492	0.436529	0.572045	0.638933	0.680198	0.817317	0.856242	0.870826	0.912572	0.930228	0.978990	0.987244	0.998626	0.995576	0.978337	0.929872	0.897117	0.840844	0.798102	0.723805	0.627740	0.561867	0.451939	0.379200	0.233220	0.218281	0.064731	-0.025819	
0.000064	0.230757	0.296843	0.393105	0.500169	0.603342	0.691972	0.733284	0.807800	0.847991	0.911553	0.946657	0.985543	0.998157	0.991292	0.983208	0.964802	0.957358	0.904977	0.864895	0.816625	0.728600	0.678943	0.580610	0.499626	0.413977	0.307097	0.212331	0.106790	-0.018121	
0.002016	0.204573	0.358394	0.448292	0.525061	0.567624	0.713640	0.742957	0.833787	0.891076	0.933735	0.947736	0.971753	0.979042	0.994666	0.989351	0.994939	0.932235	0.886903	0.845857	0.798804	0.751846	0.650204	0.562716	0.477566	0.408893	0.258538	0.215656	0.023861	-0.024268	
0.001054	0.207078	0.333156	0.437386	0.542526	0.607168	0.680034	0.751692	0.834161	0.853346	0.928883	0.950959	1.000000	0.995938	0.985296	1.000000	0.952280	0.945472	0.903358	0.871766	0.762485	0.716788	0.677611	0.559125	0.486174	0.389965	0.284933	0.205833	0.067138	-0.025612	
0.000070	0.228455	0.296656	0.392050	0.507565	0.590532	0.682517	0.762071	0.818061	0.883598	0.909513	0.960886	0.977995	0.979281	0.994791	1.000000	0.975595	0.944763	0.909264	0.856332	0.816302	0.721978	0.652033	0.593966	0.485643	0.392762	0.318478	0.193461	0.110212	0.007450	
0.003695	0.289312	0.335579	0.436529	0.572045	0.612926	0.680198	0.817317	0.816265	0.881978	0.902706	0.951488	0.959747	0.987244	0.998507	0.990448	0.978337	0.958489	0.913994	0.855388	0.798102	0.723805	0.627740	0.561867	0.451939	0.323196	0.233220	0.166306	0.064731	-0.025819	
0.001107	0.204623	0.334639	0.403581	0.468362	0.596138	0.673166	0.760399	0.772379	0.847543	0.926021	0.991918	0.980021	1.000000	0.997717	0.996394	1.000000	0.928133	0.897832	0.858366	0.790600	0.742529	0.615815	0.582161	0.533004	0.427261	0.293926	0.190120	0.088675	0.025308	
