0.333303	0.207310	0.308386	0.406183	0.499506	0.587327	0.668675	0.742722	0.808651	0.865699	0.913278	0.950897	0.978021	0.994474	1.000000	0.994587	0.978283	0.951237	0.913832	0.866308	0.809390	0.743563	0.669588	0.588281	0.500512	0.407358	0.309632	0.208532	0.105162	0.000571	
0.333302	0.207288	0.308484	0.406168	0.499498	0.587319	0.668642	0.742712	0.808660	0.865702	0.913307	0.950882	0.978010	0.994477	1.000000	0.994591	0.978267	0.951249	0.913814	0.866339	0.809351	0.743583	0.669606	0.588275	0.500497	0.407303	0.309619	0.208576	0.105178	0.000584	
0.333301	0.207290	0.308386	0.406128	0.499440	0.587249	0.668673	0.742734	0.808664	0.865706	0.913278	0.950863	0.978058	0.994446	1.000000	0.994587	0.978255	0.951202	0.913832	0.866308	0.809390	0.743577	0.669611	0.588281	0.500559	0.407283	0.309604	0.208551	0.105162	0.000650	
0.333279	0.206934	0.308047	0.405809	0.499132	0.586970	0.668383	0.742471	0.808402	0.865538	0.913132	0.950730	0.977991	0.994401	1.000000	0.994622	0.978344	0.951355	0.913979	0.866491	0.809612	0.743820	0.669856	0.588552	0.500814	0.407595	0.309974	0.208915	0.105522	0.001021	
0.333280	0.206911	0.308057	0.405830	0.499144	0.586949	0.668383	0.742481	0.808391	0.865498	0.913135	0.950762	0.977936	0.994432	1.000000	0.994638	0.978349	0.951377	0.913989	0.866562	0.809608	0.743804	0.669840	0.588583	0.500856	0.407669	0.309989	0.208859	0.105550	0.000978	
0.333300	0.207270	0.308423	0.406146	0.499464	0.587273	0.668660	0.742718	0.808655	0.865725	0.913283	0.950886	0.978017	0.994477	0.999999	0.994564	0.978288	0.951297	0.913803	0.866342	0.809385	0.743578	0.669572	0.588343	0.500568	0.407328	0.309609	0.208560	0.105194	0.000586	
0.333281	0.206946	0.308069	0.405840	0.499144	0.586983	0.668379	0.742499	0.808432	0.865528	0.913103	0.950756	0.977952	0.994432	0.999994	0.994608	0.978349	0.951340	0.913940	0.866553	0.809589	0.743785	0.669866	0.588583	0.500832	0.407633	0.309918	0.208859	0.105550	0.000978	
0.333281	0.206934	0.308077	0.405797	0.499138	0.586975	0.668385	0.742480	0.808432	0.865524	0.913158	0.950745	0.977966	0.994409	0.999997	0.994627	0.978337	0.951323	0.913912	0.866471	0.809612	0.743841	0.669873	0.588570	0.500827	0.407642	0.309948	0.208896	0.105500	0.000992	
0.333281	0.206953	0.308093	0.405835	0.499166	0.587003	0.668402	0.742508	0.808450	0.865534	0.913133	0.950757	0.977976	0.994421	0.999985	0.994615	0.978331	0.951371	0.913978	0.866471	0.809562	0.743815	0.669873	0.588561	0.500873	0.407662	0.309958	0.208889	0.105474	0.001013	
0.333298	0.207267	0.308372	0.406102	0.499407	0.587217	0.668600	0.742682	0.808616	0.865686	0.913284	0.950848	0.977996	0.994450	1.000000	0.994602	0.978268	0.951267	0.913819	0.866363	0.809390	0.743603	0.669664	0.588340	0.500581	0.407382	0.309666	0.208597	0.105212	0.000686	
0.333283	0.206984	0.308110	0.405875	0.499188	0.587026	0.668431	0.742497	0.808448	0.865569	0.913161	0.950766	0.977933	0.994409	1.000000	0.994610	0.978322	0.951333	0.913912	0.866444	0.809559	0.743776	0.669859	0.588532	0.500765	0.407619	0.309904	0.208782	0.105494	0.000952	
0.333297	0.207262	0.308367	0.406107	0.499448	0.587209	0.668612	0.742672	0.808603	0.865698	0.913242	0.950866	0.977985	0.994437	1.000000	0.994595	0.978288	0.951267	0.913806	0.866380	0.809406	0.743589	0.669655	0.588342	0.500593	0.407329	0.309692	0.208570	0.105220	0.000722	
0.333300	0.207278	0.308426	0.406138	0.499433	0.587264	0.668659	0.742733	0.808662	0.865724	0.913302	0.950863	0.977998	0.994450	0.999995	0.994590	0.978260	0.951258	0.913820	0.866340	0.809373	0.743576	0.669646	0.588296	0.500604	0.407339	0.309614	0.208543	0.105160	0.000651	
0.333290	0.207116	0.308241	0.406014	0.499318	0.587133	0.668533	0.742587	0.808515	0.865629	0.913246	0.950809	0.977999	0.994438	0.999991	0.994612	0.978330	0.951306	0.913839	0.866406	0.809494	0.743662	0.669747	0.588445	0.500665	0.407482	0.309773	0.208699	0.105307	0.000791	
0.333288	0.207083	0.308196	0.405968	0.499239	0.587102	0.668500	0.742576	0.808506	0.865579	0.913202	0.950807	0.977979	0.994443	0.999999	0.994612	0.978329	0.951322	0.913894	0.866475	0.809504	0.743711	0.669753	0.588520	0.500745	0.407518	0.309829	0.208752	0.105417	0.000846	
0.333298	0.207249	0.308397	0.406134	0.499450	0.587256	0.668649	0.742714	0.808616	0.865712	0.913289	0.950838	0.977988	0.994457	1.000000	0.994577	0.978282	0.951280	0.913801	0.866363	0.809367	0.743606	0.669649	0.588287	0.500589	0.407349	0.309645	0.208535	0.105179	0.000653	
0.333292	0.207162	0.308278	0.406026	0.499333	0.587143	0.668546	0.742624	0.808553	0.865645	0.913239	0.950829	0.977965	0.994440	0.999985	0.994618	0.978331	0.951245	0.913842	0.866446	0.809477	0.743716	0.669725	0.588373	0.500670	0.407428	0.309766	0.208695	0.105281	0.000798	
0.333299	0.207288	0.308386	0.406128	0.499445	0.587249	0.668648	0.742690	0.808651	0.865699	0.913278	0.950856	0.978001	0.994446	1.000000	0.994587	0.978255	0.951202	0.913832	0.866308	0.809390	0.743577	0.669611	0.588281	0.500551	0.407358	0.309632	0.208532	0.105162	0.000650	
0.333286	0.207017	0.308148	0.405905	0.499230	0.587043	0.668452	0.742564	0.808490	0.865558	0.913196	0.950794	0.977969	0.994422	1.000000	0.994602	0.978343	0.951330	0.913941	0.866514	0.809534	0.743740	0.669773	0.588480	0.500785	0.407580	0.309876	0.208795	0.105411	0.000881	
0.333295	0.207216	0.308324	0.406081	0.499381	0.587198	0.668584	0.742648	0.808586	0.865666	0.913276	0.950870	0.978013	0.994434	1.000000	0.994609	0.978266	0.951291	0.913845	0.866388	0.809439	0.743632	0.669689	0.588354	0.500636	0.407445	0.309727	0.208626	0.105277	0.000685	
0.333298	0.207249	0.308394	0.406132	0.499441	0.587253	0.668623	0.742733	0.808622	0.865724	0.913257	0.950863	0.977998	0.994450	0.999995	0.994590	0.978260	0.951265	0.913830	0.866351	0.809373	0.743576	0.669646	0.588327	0.500581	0.407339	0.309647	0.208586	0.105220	0.000665	
0.333299	0.207270	0.308423	0.406124	0.499423	0.587258	0.668660	0.742718	0.808640	0.865693	0.913283	0.950861	0.978032	0.994477	0.999999	0.994564	0.978288	0.951235	0.913803	0.866342	0.809405	0.743578	0.669578	0.588343	0.500566	0.407314	0.309618	0.208560	0.105194	0.000688	
0.333294	0.207174	0.308307	0.406048	0.499345	0.587195	0.668577	0.742626	0.808581	0.865639	0.913235	0.950843	0.977984	0.994463	1.000000	0.994617	0.978282	0.951254	0.913835	0.866387	0.809450	0.743613	0.669687	0.588425	0.500656	0.407385	0.309765	0.208655	0.105276	0.000785	
0.333291	0.207133	0.308248	0.406012	0.499302	0.587154	0.668544	0.742625	0.808547	0.865631	0.913215	0.950829	0.978009	0.994440	1.000000	0.994616	0.978314	0.951310	0.913890	0.866441	0.809496	0.743685	0.669709	0.588392	0.500699	0.407511	0.309741	0.208696	0.105289	0.000809	
0.333287	0.207083	0.308211	0.405978	0.499239	0.587102	0.668500	0.742569	0.808506	0.865590	0.913195	0.950780	0.977978	0.994425	0.999995	0.994618	0.978329	0.951322	0.913894	0.866438	0.809519	0.743711	0.669763	0.588494	0.500751	0.407518	0.309829	0.208722	0.105402	0.000862	
0.333288	0.207064	0.308205	0.405964	0.499261	0.587069	0.668471	0.742560	0.808497	0.865596	0.913191	0.950798	0.977974	0.994423	1.000000	0.994588	0.978322	0.951311	0.913907	0.866460	0.809514	0.743718	0.669751	0.588498	0.500730	0.407528	0.309822	0.208777	0.105368	0.000868	
0.333299	0.207282	0.308434	0.406168	0.499447	0.587265	0.668642	0.742690	0.808660	0.865718	0.913264	0.950858	0.978026	0.994464	0.999989	0.994591	0.978281	0.951265	0.913809	0.866358	0.809394	0.743583	0.669606	0.588317	0.500547	0.407302	0.309619	0.208571	0.105178	0.000670	
0.333290	0.207114	0.308234	0.405992	0.499280	0.587114	0.668515	0.742596	0.808541	0.865634	0.913221	0.950809	0.978001	0.994435	0.999992	0.994618	0.978352	0.951291	0.913864	0.866456	0.809479	0.743683	0.669730	0.588456	0.500697	0.407490	0.309791	0.208718	0.105372	0.000860	
0.333285	0.207014	0.308147	0.405895	0.499216	0.587039	0.668437	0.742543	0.808470	0.865560	0.913173	0.950791	0.978021	0.994402	1.000000	0.994616	0.978333	0.951341	0.913955	0.866469	0.809566	0.743754	0.669821	0.588482	0.500784	0.407565	0.309878	0.208845	0.105427	0.000878	
0.333295	0.207211	0.308332	0.406073	0.499381	0.587222	0.668611	0.742673	0.808616	0.865666	0.913253	0.950852	0.977990	0.994466	1.000000	0.994612	0.978266	0.951260	0.913865	0.866380	0.809417	0.743638	0.669676	0.588361	0.500617	0.407445	0.309741	0.208626	0.105225	0.000748	
0.333291	0.207137	0.308240	0.406013	0.499332	0.587147	0.668541	0.742620	0.808565	0.865657	0.913213	0.950829	0.977971	0.994426	0.999999	0.994591	0.978269	0.951306	0.913897	0.866445	0.809458	0.743674	0.669727	0.588407	0.500728	0.407483	0.309765	0.208700	0.105290	0.000732	
0.333284	0.206985	0.308109	0.405879	0.499189	0.587011	0.668436	0.742523	0.808479	0.865529	0.913137	0.950782	0.977953	0.994407	0.999985	0.994622	0.978327	0.951330	0.913975	0.866465	0.809561	0.743749	0.669829	0.588552	0.500796	0.407584	0.309917	0.208835	0.105423	0.000942	
0.333283	0.206988	0.308120	0.405848	0.499174	0.587010	0.668421	0.742521	0.808435	0.865554	0.913159	0.950773	0.977967	0.994399	1.000000	0.994615	0.978330	0.951342	0.913960	0.866486	0.809556	0.743794	0.669809	0.588559	0.500782	0.407582	0.309906	0.208855	0.105449	0.000968	
0.333291	0.207128	0.308281	0.406006	0.499317	0.587138	0.668542	0.742589	0.808556	0.865638	0.913239	0.950821	0.977983	0.994435	1.000000	0.994618	0.978302	0.951273	0.913869	0.866382	0.809518	0.743683	0.669706	0.588405	0.500684	0.407450	0.309775	0.208683	0.105322	0.000801	
0.333294	0.207178	0.308329	0.406049	0.499347	0.587173	0.668581	0.742646	0.808579	0.865647	0.913226	0.950837	0.977986	0.994467	0.999997	0.994595	0.978320	0.951252	0.913862	0.866408	0.809435	0.743618	0.669670	0.588387	0.500666	0.407383	0.309736	0.208659	0.105272	0.000741	
0.333285	0.207017	0.308178	0.405926	0.499230	0.587043	0.668452	0.742552	0.808490	0.865558	0.913183	0.950780	0.977969	0.994417	0.999980	0.994612	0.978343	0.951330	0.913941	0.866461	0.809534	0.743740	0.669773	0.588501	0.500785	0.407580	0.309876	0.208813	0.105380	0.000912	
0.333292	0.207130	0.308263	0.406011	0.499318	0.587142	0.668565	0.742587	0.808545	0.865651	0.913225	0.950842	0.978002	0.994438	1.000000	0.994610	0.978323	0.951343	0.913840	0.866406	0.809469	0.743662	0.669715	0.588417	0.500670	0.407488	0.309759	0.208696	0.105337	0.000791	
0.333298	0.207240	0.308378	0.406128	0.499445	0.587249	0.668635	0.742690	0.808627	0.865699	0.913278	0.950844	0.978025	0.994447	1.000000	0.994573	0.978297	0.951277	0.913832	0.866308	0.809383	0.743589	0.669611	0.588290	0.500559	0.407358	0.309632	0.208571	0.105162	0.000670	
0.333282	0.206958	0.308076	0.405833	0.499158	0.586983	0.668398	0.742498	0.808450	0.865516	0.913150	0.950764	0.977969	0.994403	0.999989	0.994601	0.978342	0.951321	0.913961	0.866470	0.809567	0.743787	0.669879	0.588549	0.500838	0.407629	0.309972	0.208877	0.105501	0.000984	
0.333292	0.207156	0.308284	0.406013	0.499323	0.587154	0.668569	0.742637	0.808563	0.865637	0.913186	0.950828	0.978000	0.994463	0.999998	0.994582	0.978305	0.951263	0.913884	0.866400	0.809473	0.743667	0.669718	0.588402	0.500657	0.407449	0.309781	0.208674	0.105299	0.000813	
0.333284	0.206996	0.308127	0.405899	0.499194	0.587011	0.668433	0.742516	0.808482	0.865557	0.913148	0.950777	0.977969	0.994413	0.999988	0.994592	0.978372	0.951354	0.913941	0.866493	0.809532	0.743775	0.669805	0.588544	0.500789	0.407553	0.309916	0.208825	0.105446	0.000948	
0.333285	0.207039	0.308140	0.405905	0.499227	0.587054	0.668457	0.742529	0.808475	0.865581	0.913184	0.950784	0.977943	0.994421	1.000000	0.994643	0.978360	0.951331	0.913894	0.866479	0.809547	0.743766	0.669807	0.588509	0.500782	0.407522	0.309902	0.208823	0.105455	0.000856	
0.333292	0.207148	0.308274	0.406007	0.499345	0.587163	0.668543	0.742625	0.808531	0.865639	0.913254	0.950805	0.977964	0.994431	0.999995	0.994585	0.978320	0.951308	0.913835	0.866430	0.809443	0.743647	0.669729	0.588419	0.500634	0.407454	0.309735	0.208679	0.105304	0.000797	
0.333284	0.207004	0.308142	0.405884	0.499216	0.587026	0.668425	0.742523	0.808448	0.865580	0.913159	0.950766	0.977933	0.994440	0.999994	0.994609	0.978359	0.951337	0.913938	0.866444	0.809581	0.743761	0.669859	0.588529	0.500765	0.407582	0.309845	0.208820	0.105451	0.000961	
0.333287	0.207063	0.308196	0.405942	0.499260	0.587080	0.668464	0.742562	0.808547	0.865590	0.913167	0.950785	0.977999	0.994447	0.999991	0.994626	0.978327	0.951338	0.913913	0.866444	0.809547	0.743719	0.669817	0.588490	0.500785	0.407516	0.309875	0.208762	0.105370	0.000899	
0.333284	0.207012	0.308131	0.405879	0.499198	0.587059	0.668461	0.742510	0.808469	0.865564	0.913168	0.950791	0.977930	0.994436	0.999995	0.994602	0.978319	0.951333	0.913927	0.866485	0.809527	0.743751	0.669776	0.588487	0.500787	0.407506	0.309886	0.208787	0.105459	0.000953	
0.333290	0.207104	0.308234	0.405973	0.499283	0.587118	0.668525	0.742623	0.808521	0.865611	0.913209	0.950816	0.977977	0.994473	0.999992	0.994605	0.978320	0.951306	0.913875	0.866482	0.809492	0.743726	0.669701	0.588393	0.500711	0.407420	0.309815	0.208730	0.105330	0.000814	
0.333297	0.207233	0.308360	0.406102	0.499390	0.587217	0.668636	0.742672	0.808616	0.865669	0.913277	0.950852	0.977996	0.994454	0.999991	0.994599	0.978284	0.951267	0.913819	0.866363	0.809390	0.743603	0.669664	0.588358	0.500648	0.407336	0.309666	0.208594	0.105234	0.000686	
0.333286	0.207032	0.308164	0.405922	0.499211	0.587044	0.668447	0.742537	0.808459	0.865579	0.913164	0.950789	0.977977	0.994437	0.999991	0.994598	0.978368	0.951332	0.913941	0.866493	0.809524	0.743766	0.669786	0.588553	0.500813	0.407524	0.309880	0.208811	0.105402	0.000913	
0.333283	0.206988	0.308120	0.405872	0.499174	0.587010	0.668421	0.742521	0.808435	0.865533	0.913159	0.950780	0.977940	0.994399	0.999995	0.994615	0.978356	0.951342	0.913908	0.866509	0.809556	0.743757	0.669809	0.588596	0.500782	0.407582	0.309906	0.208829	0.105503	0.000968	
0.333281	0.206951	0.308093	0.405831	0.499134	0.586996	0.668420	0.742507	0.808455	0.865545	0.913155	0.950764	0.977977	0.994431	0.999991	0.994604	0.978349	0.951360	0.913946	0.866463	0.809642	0.743809	0.669843	0.588519	0.500781	0.407647	0.309956	0.208868	0.105499	0.000994	
0.333289	0.207109	0.308225	0.405992	0.499268	0.587124	0.668528	0.742620	0.808526	0.865594	0.913210	0.950812	0.977985	0.994458	0.999995	0.994637	0.978333	0.951301	0.913904	0.866453	0.809483	0.743708	0.669757	0.588497	0.500724	0.407520	0.309817	0.208750	0.105382	0.000816	
0.333293	0.207160	0.308295	0.406047	0.499324	0.587154	0.668544	0.742630	0.808579	0.865641	0.913235	0.950838	0.978005	0.994465	0.999995	0.994617	0.978329	0.951277	0.913860	0.866412	0.809423	0.743651	0.669690	0.588385	0.500638	0.407415	0.309726	0.208661	0.105282	0.000732	
0.333284	0.206992	0.308142	0.405885	0.499198	0.587026	0.668425	0.742532	0.808465	0.865534	0.913159	0.950798	0.977933	0.994405	1.000000	0.994609	0.978359	0.951337	0.913938	0.866530	0.809581	0.743746	0.669793	0.588529	0.500765	0.407598	0.309898	0.208845	0.105407	0.000916	
0.333293	0.207162	0.308295	0.406046	0.499332	0.587164	0.668541	0.742620	0.808565	0.865657	0.913247	0.950829	0.977971	0.994455	0.999991	0.994591	0.978269	0.951306	0.913829	0.866452	0.809460	0.743654	0.669733	0.588394	0.500706	0.407483	0.309765	0.208641	0.105300	0.000732	
0.333289	0.207099	0.308225	0.405973	0.499274	0.587099	0.668498	0.742580	0.808537	0.865612	0.913223	0.950804	0.978010	0.994460	1.000000	0.994591	0.978300	0.951297	0.913863	0.866481	0.809486	0.743739	0.669745	0.588460	0.500703	0.407524	0.309793	0.208711	0.105337	0.000828	
0.333282	0.206973	0.308099	0.405887	0.499169	0.586997	0.668392	0.742485	0.808456	0.865556	0.913156	0.950776	0.977969	0.994452	0.999992	0.994615	0.978361	0.951330	0.913942	0.866478	0.809566	0.743783	0.669805	0.588571	0.500831	0.407636	0.309900	0.208826	0.105466	0.000965	
0.333286	0.207047	0.308156	0.405912	0.499232	0.587056	0.668472	0.742550	0.808498	0.865589	0.913201	0.950798	0.977942	0.994433	0.999992	0.994619	0.978309	0.951311	0.913872	0.866449	0.809518	0.743708	0.669773	0.588494	0.500756	0.407537	0.309863	0.208755	0.105392	0.000895	
0.333295	0.207188	0.308320	0.406078	0.499359	0.587188	0.668583	0.742656	0.808585	0.865669	0.913229	0.950835	0.978017	0.994443	0.999986	0.994633	0.978302	0.951283	0.913817	0.866393	0.809439	0.743676	0.669693	0.588417	0.500620	0.407393	0.309726	0.208660	0.105239	0.000748	
0.333285	0.207016	0.308150	0.405884	0.499218	0.587036	0.668466	0.742536	0.808455	0.865585	0.913153	0.950767	0.977965	0.994438	1.000000	0.994610	0.978350	0.951351	0.913923	0.866460	0.809559	0.743742	0.669818	0.588470	0.500750	0.407607	0.309875	0.208771	0.105424	0.000931	
0.333290	0.207108	0.308241	0.406006	0.499300	0.587118	0.668533	0.742587	0.808515	0.865629	0.913225	0.950813	0.977999	0.994443	0.999988	0.994610	0.978340	0.951306	0.913890	0.866406	0.809466	0.743662	0.669747	0.588445	0.500665	0.407448	0.309783	0.208699	0.105312	0.000791	
0.333290	0.207098	0.308236	0.405973	0.499295	0.587129	0.668498	0.742580	0.808537	0.865609	0.913222	0.950804	0.977994	0.994445	1.000000	0.994591	0.978300	0.951286	0.913863	0.866481	0.809526	0.743673	0.669746	0.588424	0.500703	0.407506	0.309793	0.208690	0.105337	0.000854	
0.333294	0.207190	0.308310	0.406049	0.499359	0.587184	0.668577	0.742682	0.808604	0.865677	0.913271	0.950845	0.978017	0.994467	0.999993	0.994619	0.978320	0.951277	0.913845	0.866397	0.809450	0.743646	0.669670	0.588379	0.500692	0.407426	0.309737	0.208639	0.105263	0.000715	
0.333288	0.207084	0.308211	0.405959	0.499256	0.587078	0.668516	0.742576	0.808514	0.865599	0.913181	0.950817	0.977992	0.994442	0.999997	0.994591	0.978354	0.951328	0.913914	0.866415	0.809497	0.743724	0.669764	0.588471	0.500779	0.407513	0.309849	0.208743	0.105345	0.000863	
0.333296	0.207211	0.308344	0.406085	0.499382	0.587206	0.668619	0.742652	0.808606	0.865653	0.913242	0.950828	0.977987	0.994475	0.999996	0.994597	0.978297	0.951277	0.913872	0.866394	0.809474	0.743632	0.669650	0.588346	0.500586	0.407361	0.309707	0.208609	0.105231	0.000694	
0.333297	0.207247	0.308367	0.406107	0.499404	0.587241	0.668612	0.742672	0.808603	0.865698	0.913242	0.950853	0.977985	0.994473	1.000000	0.994595	0.978280	0.951267	0.913806	0.866380	0.809406	0.743593	0.669655	0.588342	0.500593	0.407329	0.309675	0.208571	0.105220	0.000722	
0.333290	0.207116	0.308248	0.406002	0.499308	0.587125	0.668521	0.742599	0.808542	0.865621	0.913233	0.950815	0.978003	0.994423	1.000000	0.994578	0.978311	0.951318	0.913870	0.866406	0.809455	0.743674	0.669709	0.588445	0.500680	0.407482	0.309825	0.208700	0.105333	0.000838	
0.333294	0.207188	0.308310	0.406047	0.499344	0.587168	0.668583	0.742646	0.808574	0.865665	0.913254	0.950834	0.978010	0.994467	1.000000	0.994619	0.978283	0.951277	0.913851	0.866397	0.809417	0.743646	0.669640	0.588363	0.500646	0.407367	0.309709	0.208645	0.105263	0.000694	
0.333297	0.207233	0.308360	0.406111	0.499401	0.587235	0.668631	0.742672	0.808606	0.865669	0.913263	0.950866	0.978009	0.994454	0.999994	0.994563	0.978284	0.951303	0.913817	0.866364	0.809390	0.743603	0.669655	0.588358	0.500598	0.407375	0.309614	0.208594	0.105234	0.000686	
0.333283	0.207005	0.308121	0.405884	0.499190	0.587027	0.668413	0.742509	0.808455	0.865558	0.913143	0.950785	0.977969	0.994440	0.999998	0.994609	0.978326	0.951326	0.913938	0.866463	0.809565	0.743755	0.669813	0.588518	0.500793	0.407599	0.309917	0.208809	0.105458	0.000973	
0.333295	0.207199	0.308310	0.406078	0.499359	0.587181	0.668577	0.742650	0.808604	0.865661	0.913271	0.950845	0.978017	0.994467	0.999995	0.994619	0.978320	0.951254	0.913825	0.866351	0.809450	0.743653	0.669670	0.588379	0.500606	0.407385	0.309689	0.208594	0.105248	0.000736	
0.333296	0.207236	0.308358	0.406095	0.499396	0.587223	0.668590	0.742672	0.808613	0.865676	0.913217	0.950852	0.977994	0.994479	0.999993	0.994598	0.978274	0.951279	0.913833	0.866397	0.809399	0.743582	0.669665	0.588347	0.500619	0.407355	0.309707	0.208596	0.105219	0.000719	
0.333282	0.206960	0.308097	0.405857	0.499153	0.587026	0.668419	0.742497	0.808448	0.865538	0.913159	0.950732	0.977933	0.994421	1.000000	0.994632	0.978343	0.951354	0.913967	0.866500	0.809547	0.743800	0.669859	0.588607	0.500845	0.407649	0.309940	0.208877	0.105494	0.000951	
0.333296	0.207233	0.308329	0.406095	0.499379	0.587205	0.668597	0.742645	0.808593	0.865664	0.913259	0.950851	0.977987	0.994440	0.999999	0.994605	0.978295	0.951287	0.913872	0.866382	0.809407	0.743613	0.669641	0.588360	0.500586	0.407361	0.309695	0.208618	0.105232	0.000731	
0.333282	0.206965	0.308112	0.405834	0.499153	0.586988	0.668404	0.742538	0.808462	0.865550	0.913154	0.950765	0.977953	0.994414	0.999987	0.994622	0.978385	0.951331	0.913939	0.866488	0.809574	0.743820	0.669799	0.588607	0.500821	0.407572	0.309939	0.208869	0.105515	0.000974	
0.333289	0.207090	0.308211	0.405951	0.499274	0.587118	0.668498	0.742576	0.808516	0.865599	0.913179	0.950808	0.977967	0.994462	1.000000	0.994591	0.978319	0.951340	0.913901	0.866441	0.809500	0.743686	0.669780	0.588400	0.500765	0.407542	0.309831	0.208731	0.105376	0.000818	
0.333296	0.207247	0.308350	0.406103	0.499404	0.587219	0.668612	0.742672	0.808597	0.865681	0.913296	0.950853	0.978022	0.994438	1.000000	0.994595	0.978255	0.951267	0.913845	0.866380	0.809406	0.743617	0.669663	0.588342	0.500593	0.407329	0.309675	0.208600	0.105220	0.000722	
0.333296	0.207222	0.308326	0.406095	0.499372	0.587206	0.668619	0.742645	0.808593	0.865670	0.913254	0.950848	0.977987	0.994445	0.999999	0.994597	0.978276	0.951287	0.913872	0.866382	0.809401	0.743613	0.669641	0.588367	0.500586	0.407361	0.309692	0.208601	0.105268	0.000731	
0.333286	0.207040	0.308168	0.405922	0.499215	0.587077	0.668456	0.742527	0.808475	0.865579	0.913164	0.950783	0.977977	0.994444	0.999991	0.994598	0.978368	0.951332	0.913897	0.866466	0.809524	0.743768	0.669763	0.588511	0.500764	0.407524	0.309880	0.208811	0.105402	0.000933	
0.333286	0.207040	0.308174	0.405930	0.499242	0.587061	0.668451	0.742556	0.808496	0.865574	0.913192	0.950787	0.977970	0.994448	0.999995	0.994635	0.978323	0.951352	0.913914	0.866478	0.809501	0.743764	0.669802	0.588515	0.500748	0.407577	0.309832	0.208769	0.105452	0.000890	
0.333294	0.207173	0.308320	0.406051	0.499362	0.587191	0.668591	0.742629	0.808572	0.865677	0.913249	0.950843	0.977986	0.994440	0.999994	0.994572	0.978323	0.951317	0.913835	0.866404	0.809467	0.743643	0.669690	0.588384	0.500641	0.407442	0.309674	0.208605	0.105273	0.000707	
0.333299	0.207266	0.308404	0.406133	0.499418	0.587242	0.668633	0.742733	0.808648	0.865698	0.913280	0.950817	0.978022	0.994454	0.999997	0.994620	0.978258	0.951268	0.913846	0.866360	0.809396	0.743581	0.669601	0.588295	0.500568	0.407344	0.309611	0.208543	0.105165	0.000635	
0.333287	0.207054	0.308189	0.405931	0.499244	0.587056	0.668493	0.742576	0.808504	0.865592	0.913171	0.950810	0.977975	0.994448	1.000000	0.994613	0.978312	0.951325	0.913944	0.866437	0.809519	0.743715	0.669772	0.588495	0.500756	0.407537	0.309781	0.208819	0.105365	0.000895	
0.333287	0.207074	0.308189	0.405912	0.499253	0.587056	0.668493	0.742552	0.808504	0.865614	0.913174	0.950810	0.977975	0.994448	0.999993	0.994613	0.978312	0.951311	0.913925	0.866465	0.809519	0.743715	0.669751	0.588495	0.500756	0.407537	0.309863	0.208819	0.105381	0.000895	
0.333292	0.207157	0.308295	0.406046	0.499331	0.587152	0.668568	0.742620	0.808576	0.865639	0.913196	0.950809	0.977976	0.994474	0.999993	0.994590	0.978297	0.951282	0.913873	0.866413	0.809502	0.743654	0.669705	0.588413	0.500667	0.407462	0.309765	0.208641	0.105300	0.000780	
0.333299	0.207270	0.308391	0.406124	0.499423	0.587258	0.668647	0.742695	0.808640	0.865693	0.913281	0.950861	0.978036	0.994477	0.999982	0.994633	0.978304	0.951235	0.913768	0.866342	0.809392	0.743578	0.669644	0.588366	0.500563	0.407314	0.309647	0.208560	0.105194	0.000657	
0.333295	0.207202	0.308310	0.406080	0.499376	0.587209	0.668600	0.742651	0.808587	0.865654	0.913243	0.950843	0.977987	0.994436	0.999995	0.994619	0.978277	0.951246	0.913796	0.866395	0.809420	0.743649	0.669681	0.588397	0.500604	0.407427	0.309668	0.208623	0.105272	0.000746	
0.333293	0.207178	0.308304	0.406049	0.499347	0.587173	0.668560	0.742654	0.808557	0.865647	0.913220	0.950821	0.978024	0.994467	0.999997	0.994595	0.978320	0.951252	0.913862	0.866393	0.809478	0.743644	0.669670	0.588361	0.500709	0.407408	0.309736	0.208659	0.105316	0.000744	
0.333286	0.207040	0.308174	0.405899	0.499232	0.587061	0.668451	0.742569	0.808498	0.865574	0.913192	0.950787	0.977991	0.994427	0.999995	0.994588	0.978323	0.951352	0.913941	0.866478	0.809501	0.743764	0.669782	0.588515	0.500753	0.407578	0.309880	0.208801	0.105452	0.000890	
0.333288	0.207075	0.308190	0.405954	0.499268	0.587086	0.668483	0.742577	0.808499	0.865590	0.913193	0.950780	0.977978	0.994425	0.999995	0.994624	0.978346	0.951307	0.913907	0.866438	0.809519	0.743737	0.669763	0.588494	0.500751	0.407533	0.309820	0.208722	0.105394	0.000872	
0.333288	0.207084	0.308211	0.405959	0.499274	0.587078	0.668498	0.742576	0.808531	0.865599	0.913181	0.950804	0.977992	0.994446	0.999993	0.994591	0.978354	0.951340	0.913914	0.866441	0.809497	0.743724	0.669745	0.588460	0.500779	0.407524	0.309849	0.208743	0.105337	0.000873	
0.333296	0.207236	0.308348	0.406074	0.499419	0.587191	0.668590	0.742660	0.808616	0.865676	0.913228	0.950852	0.977994	0.994479	0.999993	0.994578	0.978332	0.951298	0.913833	0.866375	0.809416	0.743629	0.669624	0.588347	0.500619	0.407355	0.309715	0.208596	0.105207	0.000719	
0.333282	0.206976	0.308108	0.405856	0.499160	0.586987	0.668413	0.742519	0.808473	0.865554	0.913136	0.950765	0.977955	0.994399	1.000000	0.994615	0.978346	0.951338	0.913996	0.866492	0.809550	0.743806	0.669809	0.588612	0.500794	0.407586	0.309944	0.208855	0.105496	0.000971	
0.333289	0.207081	0.308207	0.405959	0.499256	0.587099	0.668486	0.742576	0.808514	0.865599	0.913181	0.950807	0.977992	0.994442	0.999997	0.994577	0.978331	0.951328	0.913917	0.866472	0.809480	0.743724	0.669764	0.588471	0.500779	0.407534	0.309821	0.208743	0.105362	0.000863	
0.333289	0.207099	0.308225	0.405954	0.499274	0.587099	0.668498	0.742581	0.808537	0.865603	0.913223	0.950804	0.978010	0.994460	1.000000	0.994591	0.978348	0.951287	0.913880	0.866483	0.809507	0.743739	0.669745	0.588440	0.500708	0.407523	0.309822	0.208743	0.105431	0.000828	
0.333293	0.207160	0.308284	0.406041	0.499343	0.587154	0.668544	0.742599	0.808579	0.865640	0.913235	0.950808	0.977999	0.994446	0.999987	0.994608	0.978329	0.951332	0.913860	0.866412	0.809444	0.743643	0.669668	0.588465	0.500652	0.407415	0.309726	0.208661	0.105291	0.000747	
0.333295	0.207202	0.308310	0.406080	0.499328	0.587209	0.668600	0.742651	0.808587	0.865654	0.913261	0.950843	0.977974	0.994436	0.999988	0.994614	0.978277	0.951276	0.913796	0.866395	0.809420	0.743636	0.669681	0.588409	0.500604	0.407406	0.309668	0.208630	0.105306	0.000780	
0.333288	0.207072	0.308211	0.405978	0.499264	0.587119	0.668500	0.742565	0.808492	0.865590	0.913222	0.950810	0.977978	0.994425	0.999995	0.994574	0.978329	0.951322	0.913851	0.866438	0.809515	0.743689	0.669763	0.588464	0.500751	0.407526	0.309798	0.208703	0.105382	0.000881	
0.333293	0.207162	0.308295	0.406046	0.499332	0.587164	0.668548	0.742634	0.808565	0.865657	0.913247	0.950825	0.977971	0.994438	0.999991	0.994591	0.978309	0.951284	0.913829	0.866420	0.809460	0.743654	0.669679	0.588394	0.500706	0.407483	0.309736	0.208641	0.105300	0.000732	
0.333282	0.206976	0.308108	0.405877	0.499154	0.587026	0.668425	0.742518	0.808447	0.865534	0.913153	0.950798	0.977963	0.994445	0.999999	0.994615	0.978359	0.951337	0.913938	0.866530	0.809585	0.743777	0.669812	0.588529	0.500765	0.407611	0.309937	0.208825	0.105516	0.000957	
